11 tasks per node
1 threads per task
4.30904,0.00152247,0.00127569,4.65064
4.38482,0.00132174,0.00144749,4.72684
4.38915,0.00148498,0.00144962,4.73004
4.36946,0.00136273,0.00164378,4.71192
4.41706,0.00153892,0.00122674,4.76051
4.42928,0.00132656,0.0015614,4.77124
4.38938,0.00153274,0.000846799,4.73145
4.39625,0.00131069,0.00188378,4.73721
4.39568,0.00127195,0.00187781,4.73752
4.41783,0.0013249,0.00146701,4.7598
4.37793,0.00135493,0.00124064,4.72009
4.38455,0.00132997,0.00211319,4.72712
4.39872,0.00133508,0.00115794,4.7396
4.36163,0.00134654,0.00127342,4.70284
4.35554,0.0015599,0.00116628,4.69772
4.38769,0.00133264,0.00160515,4.73316
4.36246,0.00135845,0.00139074,4.70503
4.37639,0.00132834,0.00126451,4.71783
4.40834,0.00137327,0.00125411,4.75023
4.3735,0.00134384,0.00159967,4.71439
4.35991,0.00134297,0.00124729,4.70161
2 threads per task
4.36153,0.00205803,0.00386849,4.70615
4.35944,0.00464221,0.000314761,4.70338
4.37317,0.00441439,0.00056332,4.71643
4.37526,0.00439186,0.000313189,4.71919
4.43667,0.0169463,0.000313209,4.79277
4.34345,0.00114658,0.00439979,4.68757
4.37551,0.0022772,0.00357443,4.72041
4.3389,0.00464617,0.000311272,4.68297
4.35801,0.00939211,0.000314832,4.70552
4.38704,0.00230027,0.00384511,4.73261
4.37516,0.00708875,0.000310734,4.72112
4.37351,0.000784423,0.00453374,4.72023
4.37741,0.00463593,0.000320083,4.72818
4.36823,0.00391042,0.00336676,4.7141
4.383,0.000789952,0.00506904,4.72842
4.37454,0.00232271,0.0120267,4.72783
4.40672,0.00467244,0.000319436,4.75092
4.38268,0.00439872,0.0012022,4.72699
4.43938,0.00462534,0.00134046,4.78426
4.37918,0.00077015,0.00535764,4.72446
4.3794,0.000825066,0.00379368,4.72294
3 threads per task
4.47448,0.00416745,0.00339546,4.8202
4.43593,0.00778991,0.000975737,4.79092
4.44494,0.00418994,0.00535464,4.79483
4.36578,0.00427029,0.00309748,4.71214
4.35779,0.00574667,0.00174713,4.70832
4.43314,0.00385816,0.00913385,4.78502
4.38845,0.00418981,0.00498199,4.73845
4.35535,0.00425375,0.00480472,4.70823
4.3836,0.00614148,0.00479667,4.73303
4.37195,0.00436801,0.00370759,4.7191
4.39483,0.0079032,0.000330802,4.74114
4.41512,0.00420992,0.00862551,4.76675
4.38892,0.00605064,0.00574322,4.73988
4.47617,0.00811322,0.000441754,4.82446
4.3783,0.00546735,0.00702135,4.73045
4.40086,0.00428711,0.00643269,4.75095
4.35635,0.00423936,0.0100189,4.71025
4.34823,0.00426484,0.00296216,4.69393
4.41296,0.00470108,0.00322781,4.76005
4.38381,0.00444945,0.00327075,4.73006
4.3732,0.013042,0.000304502,4.72657
4 threads per task
5.64959,0.00729307,0.00270738,5.99839
4.387,0.00736869,0.00557865,4.73862
4.36843,0.00740618,0.00342808,4.72333
4.39259,0.0076013,0.01016,4.7494
4.36863,0.0162473,0.000301939,4.7243
4.36712,0.00775717,0.041388,4.75496
4.35621,0.00766391,0.00883329,4.71882
4.38536,0.00757615,0.0064635,4.73957
4.42474,0.00878771,0.001061,4.77327
4.37237,0.00858606,0.00350456,4.72318
4.37561,0.00772878,0.00201164,4.73134
4.37847,0.00739934,0.00338311,4.72993
4.38421,0.00956065,0.00371073,4.73863
4.38031,0.00738252,0.00358494,4.73211
4.37366,0.0076547,0.00398286,4.72463
4.36349,0.00861403,0.0016243,4.71404
4.38069,0.00845612,0.000468664,4.72918
4.40836,0.009299,0.000326289,4.75695
4.79488,0.00752471,0.00375398,5.14551
4.38322,0.00742023,0.00508405,4.74114
4.35594,0.00748964,0.00648477,4.70905
5 threads per task
4.37491,0.010613,0.0141857,4.73808
4.3831,0.0128133,0.00606025,4.74298
4.34981,0.0142581,0.00153735,4.70568
4.359,0.0106924,0.00341257,4.71428
4.39829,0.0125615,0.00173924,4.75343
4.35395,0.00918518,0.00366564,4.70954
4.37117,0.0106128,0.0144894,4.73538
4.36852,0.0141525,0.00472519,4.72641
4.39474,0.0120381,0.00207912,4.75092
4.35539,0.0123569,0.0100789,4.71733
4.39494,0.00928893,0.00448602,4.75189
4.47493,0.0107671,0.0123756,4.83772
4.3171,0.00849653,0.00600174,4.67163
4.35954,0.0113797,0.0168646,4.72627
4.41596,0.0221519,0.000315513,4.77844
4.53194,0.01112,0.0009677,4.88425
4.36946,0.0124521,0.00800132,4.72932
4.39957,0.00778653,0.00781222,4.75398
4.38425,0.0252519,0.000321707,4.74918
4.39659,0.0107651,0.00930404,4.75938
4.396,0.00899732,0.0108909,4.76034
6 threads per task
4.42479,0.0121667,0.00367755,4.78738
4.45966,0.0157573,0.00504056,4.8212
4.37107,0.0156095,0.00910264,4.74094
4.37113,0.0138769,0.0038421,4.7272
4.36025,0.0177572,0.000311801,4.72286
4.37748,0.0140098,0.00148829,4.73521
4.40367,0.0141746,0.00140619,4.76004
4.52534,0.0151152,0.00368634,4.88474
4.37501,0.0124448,0.0114719,4.73864
4.3432,0.0158872,0.00306215,4.70101
4.36419,0.0215217,0.000316625,4.72386
4.4092,0.0135556,0.0114843,4.77464
4.39349,0.0123194,0.00723764,4.7548
4.40978,0.0126392,0.0100711,4.77704
4.5863,0.0139577,0.00150361,4.94106
4.45238,0.0106452,0.0080251,4.80985
4.37583,0.0103965,0.00939019,4.7345
4.36143,0.015578,0.0170307,4.73624
4.37404,0.0173709,0.0020851,4.73388
4.41122,0.0142452,0.0138371,4.78299
4.37286,0.0106429,0.00847921,4.73224
7 threads per task
4.37649,0.0138828,0.0110559,4.74229
4.36864,0.0172781,0.00382966,4.73014
4.48606,0.0138971,0.00957402,4.8521
4.38195,0.018844,0.000415301,4.74515
4.35619,0.0173137,0.00602702,4.72334
4.35557,0.0198895,0.00578808,4.72455
4.37184,0.0152921,0.0159213,4.7424
4.34626,0.0204794,0.000320565,4.70766
4.37496,0.0211269,0.00161258,4.74066
4.38705,0.0139415,0.006451,4.75729
4.36525,0.0190378,0.000389321,4.72427
4.3746,0.0155954,0.0101583,4.73874
4.35898,0.0187196,0.00395686,4.72404
4.38518,0.0124689,0.010973,4.75338
4.44238,0.0139555,0.0169205,4.81555
4.37206,0.0173061,0.00335748,4.73378
4.38654,0.0121235,0.00969748,4.75995
4.368,0.0183919,0.0123102,4.73745
4.30088,0.0139696,0.00671746,4.66619
4.35191,0.0157054,0.0126906,4.7218
4.36936,0.0139169,0.0100342,4.73466
8 threads per task
4.36146,0.0189033,0.00339242,4.72611
4.35346,0.0184138,0.00550741,4.72425
4.36542,0.0184157,0.0100694,4.73353
4.35774,0.0186592,0.00548351,4.72859
4.41295,0.0171126,0.00632447,4.78183
4.39304,0.0171175,0.0153783,4.76669
4.38549,0.0171617,0.00502965,4.75553
4.38532,0.0202875,0.00353214,4.75496
4.40001,0.0170604,0.00368011,4.76713
4.3563,0.0191365,0.0145766,4.72935
4.36769,0.0165345,0.0194052,4.74294
4.4194,0.0169069,0.00535128,4.78647
4.38595,0.0187174,0.0136204,4.75725
4.37719,0.0170934,0.00812886,4.74661
4.36575,0.015464,0.00943107,4.73272
4.43188,0.0171055,0.0059323,4.79598
4.37725,0.0258747,0.00118183,4.75024
4.35887,0.0205188,0.00439148,4.72552
4.37395,0.017073,0.00372829,4.73835
4.38313,0.0171052,0.0080158,4.74977
4.36234,0.018743,0.00793362,4.73149
