4 tasks per node
1 threads per task
23.5875,0.0115325,0.000245698,25.8066
14.1515,0.00963265,0.000250336,16.4502
13.8577,0.00629387,0.00138594,16.151
13.7682,0.00611393,0.00141327,15.9771
13.7294,0.00603009,0.0015022,15.9363
13.7125,0.00613867,0.00157202,16.0139
13.7784,0.00602062,0.00159132,16.049
14.0455,0.00602615,0.00154785,16.3049
13.7661,0.00600415,0.00222913,15.9751
13.7872,0.00604049,0.00156794,15.9949
13.8041,0.00603068,0.0059916,16.0878
13.7117,0.00618802,0.00148631,15.9855
13.8554,0.00643257,0.00127441,16.137
13.8218,0.00599013,0.00178772,16.0852
13.7695,0.00610332,0.00156237,15.9785
13.7275,0.00602809,0.00155068,16.0047
13.7869,0.00640802,0.00135082,16.0566
13.7455,0.00613702,0.00162952,16.003
13.9372,0.00589885,0.00182094,16.1461
13.7841,0.00610497,0.00158533,15.9937
13.8286,0.00615057,0.00141269,16.1104
2 threads per task
13.8888,0.00382582,0.00113895,16.1562
13.8564,0.00383982,0.000483423,16.1379
13.8783,0.00382592,0.0014743,16.1308
13.8526,0.00389545,0.000573076,16.0582
13.857,0.0038174,0.000657171,16.0629
14.3954,0.00382677,0.00115132,16.6732
13.7741,0.0036937,0.000638787,16.0418
13.7628,0.00413135,0.000712058,16.0177
13.8382,0.00413622,0.000350459,16.0451
13.8757,0.00405752,0.000361165,16.1499
13.8736,0.00414813,0.000349686,16.1451
13.8444,0.00381511,0.00115681,16.107
13.9959,0.00377245,0.000830142,16.247
13.8183,0.00370578,0.000826092,16.024
13.7824,0.00380993,0.00129746,16.0569
13.7584,0.00411348,0.000744969,16.031
13.8267,0.00382171,0.000787031,16.0822
13.8664,0.00399813,0.00119034,16.0727
13.7908,0.00400703,0.000654988,15.9982
13.9279,0.00385938,0.000550136,16.2024
13.7688,0.00391857,0.00115586,16.04
3 threads per task
13.8427,0.00289982,0.00354782,16.1034
13.8192,0.00286046,0.000470344,16.0742
13.8127,0.00293404,0.000525424,16.018
13.8782,0.00281293,0.00258883,16.1643
13.8458,0.0028372,0.000419363,16.1164
13.7152,0.00277059,0.000560381,15.9754
13.8131,0.00309819,0.000218591,16.0631
13.8599,0.00338434,0.00210403,16.0698
13.6402,0.00276737,0.00052632,15.933
13.8077,0.00284098,0.0020574,16.0816
13.8784,0.00312048,0.00128918,16.1351
13.841,0.00321933,0.000322517,16.0479
13.7888,0.00305913,0.000240635,16.062
13.7548,0.00274981,0.000594186,16.0277
13.9502,0.00287262,0.000980003,16.2142
13.8879,0.00282708,0.000415491,16.1418
13.8422,0.00275164,0.00073774,16.048
13.8062,0.00349519,0.000265814,16.0841
13.9251,0.00277116,0.00104295,16.1941
13.7913,0.00315453,0.00102207,16.0548
13.9353,0.00303564,0.000243058,16.1829
4 threads per task
13.8585,0.00222946,0.00203929,16.0665
13.8587,0.00223104,0.00226929,16.137
13.765,0.00221901,0.00308796,16.0378
13.8298,0.00422062,0.000228629,16.0823
13.9254,0.00220806,0.00135471,16.1322
13.819,0.00269066,0.00198017,16.0926
13.853,0.00348244,0.00118496,16.1271
13.74,0.00306165,0.00118267,15.9999
13.8008,0.00369776,0.00204304,16.0348
13.8321,0.00327874,0.000902221,16.0399
14.0344,0.00436543,0.000230167,16.315
13.7321,0.00248399,0.00417757,16.0016
13.9573,0.00363161,0.000425272,16.2127
13.7874,0.00461417,0.00023498,15.9953
14.0449,0.00408496,0.00023018,16.3344
13.8611,0.00483957,0.000251688,16.1343
14.412,0.00250092,0.000588475,16.6754
13.7816,0.0031014,0.00213578,16.0374
13.8245,0.00223549,0.00796669,16.0375
13.9256,0.00357386,0.000539398,16.2022
13.8392,0.00381595,0.000261307,16.1102
5 threads per task
14.0995,0.00583269,0.000579657,16.3656
14.1507,0.00596887,0.00216928,16.3613
13.8057,0.0043605,0.000871023,16.0137
14.2654,0.00635713,0.000222294,16.5497
13.8856,0.00500237,0.00116073,16.1563
13.7899,0.00189591,0.00520841,16.0497
13.8635,0.00469053,0.00115906,16.0711
13.9215,0.00523935,0.00169135,16.1314
13.7332,0.00602055,0.000371357,16.0076
13.7503,0.00637938,0.000253931,16.0177
13.7911,0.00558642,0.00103305,16.0526
13.9606,0.00378359,0.00524022,16.173
13.8315,0.00577185,0.000644261,16.0391
13.9407,0.00439472,0.00104852,16.2119
13.7775,0.00600475,0.000945916,16.0417
14.5289,0.00465404,0.00223397,16.7828
13.7358,0.0063493,0.000218393,15.9453
13.8953,0.00438271,0.00174101,16.1702
13.8174,0.00479641,0.00216668,16.0925
13.7742,0.00267136,0.00418301,16.0388
13.8935,0.00308469,0.00310247,16.1465
6 threads per task
13.7757,0.00669255,0.00292553,15.9891
13.9305,0.00459169,0.00428909,16.2094
13.8001,0.0054815,0.000954591,16.0722
13.6848,0.00440474,0.00306859,15.9484
13.8096,0.00576191,0.00188454,16.0198
15.8488,0.00547132,0.00141091,18.0559
13.6817,0.00475006,0.00373185,15.9594
13.9131,0.00570572,0.00235307,16.1815
13.901,0.00638155,0.000337943,16.1554
13.8292,0.00617229,0.00194019,16.0411
13.8933,0.00479497,0.001749,16.17
13.8366,0.00725551,0.00112962,16.1116
13.9124,0.00678494,0.00227825,16.1749
14.053,0.00587976,0.00290096,16.3068
13.7967,0.00760376,0.000255166,16.0076
13.9248,0.00444085,0.00243965,16.1993
14.4277,0.00627653,0.00186486,16.6987
15.3963,0.00517035,0.00184229,17.655
13.7894,0.00545091,0.000997305,15.9978
13.7206,0.0044071,0.00482968,16.0058
13.9139,0.0058638,0.000257548,16.191
7 threads per task
13.7969,0.00555613,0.000787269,16.0634
13.9127,0.00730576,0.000589175,16.1675
13.8077,0.00635309,0.00208743,16.019
13.8685,0.00525961,0.000834774,16.1478
13.8223,0.00744739,0.000231404,16.0906
13.7877,0.00730436,0.000251865,16.0473
13.8906,0.0057583,0.000668507,16.1006
13.9701,0.00658364,0.000666428,16.1804
14.0408,0.0053668,0.00144804,16.318
13.8164,0.00680329,0.00267858,16.0936
13.7593,0.00736379,0.000248361,16.0174
13.8487,0.00683138,0.000360297,16.0591
13.9572,0.0069729,0.0131303,16.1809
13.7069,0.00390675,0.00362321,15.9821
13.6562,0.00745672,0.000217915,15.9252
13.9073,0.00572476,0.00217617,16.157
13.8287,0.00659716,0.00119899,16.0385
13.9122,0.00604451,0.00341539,16.1909
13.7141,0.00547582,0.00127003,15.9898
13.6897,0.00796468,0.000235278,15.95
14.0034,0.00543163,0.00237296,16.2154
8 threads per task
13.9354,0.00612821,0.00146166,16.1479
13.8421,0.00647128,0.000257147,16.1228
13.7902,0.00603807,0.000667926,16.055
14.0176,0.00615005,0.000930948,16.2709
13.9801,0.00615849,0.00163644,16.1911
14.0474,0.00595537,0.00403736,16.3313
13.7566,0.00630368,0.00195417,16.0322
14.2197,0.0068621,0.000501158,16.4837
14.1147,0.00674139,0.000244021,16.3651
14.4285,0.00685311,0.00100008,16.64
13.9284,0.00624681,0.00107577,16.2113
14.0582,0.00690027,0.000873055,16.334
13.8572,0.00614608,0.00100892,16.1182
13.8929,0.00675819,0.00120474,16.1029
13.9463,0.00661483,0.000226159,16.2246
14.0447,0.00615117,0.00183315,16.3216
13.8488,0.00607404,0.00197054,16.1159
13.9057,0.00615195,0.00241496,16.1608
13.8363,0.00605758,0.0755581,16.1206
13.8687,0.00584067,0.00213447,16.1561
13.7558,0.00814189,0.000510968,16.0297
