7 tasks per node
1 threads per task
3.38667,0.000403095,0.0166745,3.74961
1.89171,0.000597093,0.0149753,2.253
1.89533,0.000594987,0.0161915,2.26237
1.93386,0.000385601,0.0148944,2.29605
1.89942,0.000619514,0.0165376,2.26286
1.90666,0.00059462,0.0150532,2.26867
1.87696,0.00060034,0.015032,2.2394
1.96057,0.000379728,0.0169204,2.32493
1.90254,0.000590667,0.0158795,2.26605
1.88935,0.000610493,0.014877,2.25213
1.88887,0.000380376,0.0172734,2.25288
1.88108,0.000591047,0.0156698,2.24379
1.91069,0.000604412,0.0160484,2.27865
1.88448,0.00059706,0.015965,2.24712
1.93842,0.000593977,0.0158439,2.30152
1.87395,0.000608057,0.0164796,2.24207
1.89402,0.000616373,0.0150866,2.25618
1.89641,0.000603287,0.0161958,2.26202
1.93832,0.000597311,0.0153712,2.29979
1.91148,0.000593476,0.0157079,2.27419
1.91457,0.000506902,0.0152558,2.27624
2 threads per task
1.93073,0.000448771,0.0147278,2.2918
1.91316,0.000422256,0.016482,2.27809
1.91863,0.000408573,0.0166612,2.28181
1.88539,0.000382332,0.0153444,2.24792
1.90745,0.000401117,0.0147542,2.26915
1.90673,0.000436269,0.0162776,2.26964
1.89001,0.000404064,0.0151151,2.25168
1.89054,0.000397928,0.0164638,2.25371
1.89646,0.000403441,0.0168297,2.25957
1.89689,0.000281917,0.01637,2.26361
1.91506,0.000379791,0.0167818,2.27888
1.89179,0.000418631,0.0172652,2.25587
1.91873,0.00044046,0.0157385,2.2814
1.9105,0.000428377,0.0175074,2.27438
1.95156,0.000342946,0.0159086,2.31444
1.90767,0.000418343,0.0179271,2.27746
1.87544,0.000428824,0.0165803,2.24395
1.88734,0.000449745,0.0161492,2.25088
1.89888,0.000442596,0.0150831,2.26418
1.90744,0.0012529,0.0154853,2.27365
1.8937,0.000410954,0.0163866,2.26138
3 threads per task
1.91014,0.000371121,0.0171303,2.27792
1.89645,0.00372377,0.0187549,2.26514
1.88671,0.00365343,0.0210312,2.25767
1.9041,0.00369101,0.0129385,2.26649
1.88838,0.00378424,0.0156223,2.25462
1.8894,0.00364137,0.0150107,2.25539
1.88614,0.00369716,0.0172087,2.25701
1.91552,0.00357313,0.0231588,2.28853
1.89033,0.00381826,0.0159318,2.26056
1.88393,0.0036929,0.0154472,2.24923
1.89092,0.00372707,0.01223,2.25372
1.88841,0.00364878,0.0152427,2.25304
1.88983,0.00374465,0.0153146,2.25778
1.90497,0.000318024,0.0183294,2.26997
1.90553,0.00377402,0.0129453,2.26827
1.90034,0.00211182,0.0132146,2.2616
1.90165,0.00375235,0.0162505,2.26945
1.8853,0.00433399,0.0129803,2.24907
1.92519,0.00294872,0.0156492,2.29135
1.9194,0.000352478,0.018711,2.28993
1.89688,0.00371365,0.0143427,2.26163
4 threads per task
1.91668,0.00363622,0.0154739,2.28264
1.92168,0.00386357,0.0185432,2.29034
1.8757,0.00364722,0.0158712,2.24626
1.89512,0.00359794,0.0162177,2.26194
1.89087,0.00395435,0.0179096,2.25908
1.91733,0.00367764,0.0146461,2.28286
1.90143,0.00373189,0.0149331,2.26602
1.88513,0.00362264,0.0209251,2.25622
1.8864,0.00364506,0.0159807,2.25296
1.87051,0.00384383,0.016849,2.23768
1.89309,0.00390455,0.0148176,2.25978
1.88632,0.00361137,0.0155727,2.25125
1.90184,0.00374939,0.0146634,2.26634
1.91728,0.00368907,0.0143868,2.28183
1.8927,0.0038373,0.017001,2.25988
1.90478,0.00362557,0.0178019,2.27272
1.92377,0.00526886,0.0159139,2.29089
1.86696,0.00366906,0.0160524,2.23769
1.94187,0.00364663,0.0221777,2.31855
1.91298,0.00365208,0.0162982,2.2804
1.88058,0.00365187,0.0156923,2.25169
5 threads per task
1.91421,0.00537502,0.0137042,2.28
1.8866,0.00704667,0.0176149,2.25733
1.87754,0.00852791,0.0112247,2.24312
1.87689,0.00701907,0.015808,2.24634
1.91032,0.00688251,0.0173711,2.28267
1.8979,0.00694103,0.0156576,2.26678
1.88468,0.00689943,0.0150323,2.25256
1.9064,0.00542022,0.018181,2.27667
1.88351,0.00867104,0.0155136,2.25418
1.90511,0.00705924,0.0161744,2.2748
1.87805,0.00694268,0.0152221,2.24568
1.89893,0.00361175,0.0181687,2.26696
1.90633,0.00686705,0.0146141,2.2738
1.89721,0.00706356,0.0175605,2.27155
1.87651,0.0103451,0.0142214,2.24732
1.91233,0.007053,0.0121481,2.27848
1.88998,0.00527536,0.0147234,2.25667
1.90883,0.00371176,0.0210636,2.28029
1.8836,0.00691015,0.0155071,2.25213
1.88997,0.00688219,0.0203125,2.26337
1.86872,0.00695842,0.0135517,2.2351
6 threads per task
1.88041,0.00837877,0.0185393,2.25424
1.895,0.010062,0.0130943,2.26393
1.89378,0.00856017,0.0158223,2.26473
1.90569,0.00689293,0.0167753,2.27988
1.89205,0.0100685,0.0141255,2.26257
1.87433,0.00688664,0.0196206,2.25196
1.91533,0.00844843,0.0173698,2.28762
1.894,0.00864359,0.0130891,2.26725
1.89752,0.00850658,0.0148475,2.26852
1.89658,0.00690872,0.0168913,2.27159
1.92331,0.00701282,0.0166854,2.29311
1.90749,0.00691017,0.0180861,2.27816
1.91861,0.00692774,0.0221893,2.29541
1.94795,0.0102173,0.0138313,2.31944
1.91714,0.00699094,0.0164184,2.29225
1.90876,0.0084989,0.0168859,2.28106
1.89138,0.0101358,0.012327,2.2641
1.93112,0.00695067,0.0162163,2.30022
1.91497,0.0087278,0.0160225,2.29025
1.90277,0.00851961,0.0158995,2.27396
1.90963,0.0102853,0.0128368,2.27928
7 threads per task
1.90597,0.0133764,0.0233584,2.28907
1.91444,0.0101114,0.0190799,2.29103
1.90455,0.0181739,0.0108859,2.27964
1.88297,0.0100932,0.0205525,2.25993
1.95946,0.0117531,0.0193747,2.33841
1.94695,0.0134394,0.0126093,2.31916
1.91544,0.0102134,0.0171427,2.28934
1.89418,0.0102556,0.0129454,2.26414
1.88584,0.0101452,0.018969,2.26135
1.88555,0.00846891,0.0254303,2.26632
1.8996,0.00846639,0.0263801,2.28142
1.88027,0.010252,0.0172746,2.25479
1.87604,0.0117506,0.0163629,2.25103
1.91761,0.0134023,0.014555,2.2919
1.88822,0.0101595,0.0168069,2.26211
1.8864,0.0118431,0.0122255,2.25673
1.90163,0.0135152,0.0129525,2.2742
1.88814,0.0116676,0.0153937,2.26137
1.90891,0.00850411,0.016519,2.28049
1.91546,0.0150547,0.00780755,2.28483
1.87222,0.00846821,0.0204351,2.24784
8 threads per task
1.88841,0.0117449,0.0182479,2.26497
1.90713,0.0117703,0.0207445,2.29021
1.90643,0.0135938,0.0161448,2.2829
1.90756,0.0118148,0.0170892,2.28268
1.91874,0.0102037,0.0201889,2.29583
1.89263,0.0101608,0.0197117,2.2683
1.89593,0.0120603,0.0225659,2.27712
1.91001,0.0118556,0.0191308,2.28696
1.88037,0.0100151,0.0181298,2.2543
1.88304,0.010152,0.021065,2.26152
1.89786,0.0133698,0.0166629,2.27862
1.88975,0.013291,0.013021,2.26269
1.89191,0.0118299,0.027725,2.27968
1.90141,0.0118219,0.0160576,2.27593
1.89223,0.00844027,0.0197262,2.26684
1.89466,0.0132881,0.0207828,2.27564
1.88613,0.0193919,0.00745593,2.25882
1.88236,0.0134418,0.0182246,2.26447
1.89195,0.0134149,0.0270058,2.2791
1.89083,0.0118123,0.0241714,2.27808
1.91386,0.0100966,0.0168082,2.2879
