3 tasks per node
1 threads per task
5.21288,0.00316537,0.00639586,6.337
5.16345,0.00317992,0.00676907,6.33071
5.19028,0.00328524,0.00764533,6.29616
5.17487,0.003296,0.00615885,6.31828
5.17496,0.00315027,0.00775176,6.33808
5.36158,0.00289296,0.00667235,6.48173
5.16782,0.00289985,0.00719215,6.24654
5.1474,0.00314652,0.00685759,6.26857
5.18672,0.00328913,0.00712609,6.37058
5.16729,0.00314648,0.00641846,6.2545
5.11092,0.00332096,0.00679204,6.23916
5.26983,0.00342087,0.00626578,6.39675
5.12834,0.00316069,0.00642137,6.20014
5.2105,0.00289644,0.00727988,6.28816
5.08249,0.00290882,0.00789136,6.20818
5.24507,0.00329494,0.0062592,6.35857
5.19071,0.00329832,0.00864241,6.3157
5.16453,0.00344348,0.00648059,6.11848
5.18398,0.00333415,0.00642351,6.30872
5.12818,0.00286112,0.0072591,6.08158
5.10855,0.00306658,0.00780886,6.23072
2 threads per task
5.17439,0.00181324,0.00596299,6.28491
5.26518,0.00191539,0.00587627,6.38952
5.23274,0.00178851,0.00629845,6.35849
5.16095,0.00165311,0.00622551,6.28448
5.19628,0.00174497,0.00614901,6.37754
5.06901,0.00194276,0.00672192,6.18933
5.19317,0.00198334,0.00680231,6.31591
5.09973,0.00168742,0.00639166,6.2242
5.15662,0.00219462,0.00567295,6.11041
5.15625,0.00167808,0.00635197,6.10708
5.16786,0.00190884,0.00747535,6.29208
5.18059,0.00192641,0.00712586,6.30322
5.18678,0.00192859,0.0059821,6.30431
5.17254,0.00190244,0.0057228,6.2981
5.14953,0.00227651,0.00560806,6.26201
5.17378,0.00189984,0.00600752,6.29419
5.13259,0.0019589,0.00643262,6.25517
5.16646,0.00199278,0.00582905,6.28988
5.20843,0.00193638,0.00676061,6.33337
5.1535,0.00220999,0.00587922,6.22398
5.17205,0.00195717,0.00730964,6.29651
3 threads per task
5.11406,0.00150005,0.00563135,6.23375
5.14988,0.00151809,0.00651052,6.10119
5.3541,0.0014285,0.00577729,6.47515
5.15512,0.00147259,0.00599544,6.23007
5.16902,0.00144821,0.00569429,6.24436
5.1406,0.00145834,0.00566929,6.25934
5.19727,0.00143724,0.0058613,6.3787
5.17564,0.0014435,0.0058929,6.2977
5.12116,0.00121726,0.0063129,6.24054
5.12556,0.00145212,0.00568598,6.2373
5.1111,0.00141243,0.00616577,6.23363
5.17538,0.00129522,0.00596223,6.30277
5.1611,0.00124228,0.0064875,6.2834
5.23088,0.00119305,0.00600949,6.35134
5.13987,0.00123529,0.0064812,6.27172
5.11574,0.00145487,0.00563795,6.23881
5.21965,0.00164535,0.00599329,6.29063
5.11249,0.0014605,0.00604394,6.23458
5.14225,0.00151167,0.00586835,6.24628
5.23568,0.00119431,0.00650375,6.35468
5.12393,0.00153262,0.00572633,6.25456
4 threads per task
5.17753,0.00107734,0.00572865,6.30058
5.22057,0.00110575,0.00643733,6.34383
5.20363,0.00120784,0.00637893,6.32649
5.24638,0.00123961,0.00614777,6.20121
5.15217,0.00120233,0.00642179,6.31591
5.13992,0.00111911,0.00576995,6.2605
5.12023,0.00127206,0.0060897,6.23275
5.19465,0.00164528,0.00603154,6.14769
5.19933,0.00101385,0.00649135,6.31269
5.19159,0.00122009,0.00562192,6.31121
5.18549,0.000964129,0.0060365,6.25185
5.15867,0.00121715,0.00662526,6.28861
5.15852,0.00117288,0.00622179,6.2779
5.21146,0.000929501,0.00690859,6.33258
5.19402,0.00120456,0.00606942,6.26434
5.21439,0.00205364,0.00481376,6.38727
5.11341,0.0012506,0.00564494,6.22937
5.20378,0.00126368,0.0064841,6.3282
5.15798,0.00109677,0.00587406,6.32762
5.16639,0.00144955,0.005275,6.23671
5.30722,0.0012686,0.00581072,6.42895
5 threads per task
5.17155,0.0124085,0.00279147,6.29668
5.2533,0.00461701,0.00440923,6.38448
5.21877,0.00497897,0.0094287,6.3486
5.21042,0.00248111,0.00783469,6.33153
5.17677,0.00266865,0.00711681,6.30247
5.16937,0.0133746,0.000697069,6.29558
5.23221,0.00242994,0.00762067,6.35382
5.17529,0.00268546,0.00674596,6.30688
5.145,0.00173479,0.00915474,6.33096
5.19869,0.0046336,0.0058047,6.32284
5.16997,0.00461642,0.00583373,6.2985
5.21111,0.00488492,0.00588359,6.33638
5.12545,0.00251071,0.00893681,6.25238
5.20608,0.00265772,0.00878913,6.33971
5.16038,0.0049782,0.00720382,6.28618
5.27184,0.00244521,0.0073187,6.39754
5.17231,0.00204333,0.00803733,6.29737
5.1658,0.0131555,0.00644036,6.2951
5.18068,0.00462585,0.00649208,6.30445
5.1171,0.00507363,0.00500553,6.19413
5.18334,0.00401124,0.00607442,6.36527
6 threads per task
5.16438,0.00445071,0.00701863,6.35455
5.1457,0.00464865,0.00600639,6.27471
5.11329,0.00401308,0.00696767,6.23604
5.15471,0.00387765,0.00591072,6.27791
5.15665,0.00397484,0.00698943,6.11248
5.14599,0.00556248,0.0041593,6.09913
5.19117,0.00392792,0.00613477,6.31344
5.18752,0.00443988,0.00625456,6.31265
5.23609,0.00467183,0.00701468,6.37214
5.18757,0.00446575,0.00694234,6.31454
5.17808,0.00447935,0.0053976,6.25108
5.13054,0.00611796,0.00893198,6.25906
5.20857,0.00441427,0.00625565,6.33167
5.1412,0.00467589,0.00624778,6.25594
5.17424,0.00467343,0.0137763,6.36576
5.18682,0.00450383,0.00549324,6.3195
5.21202,0.00414039,0.00630619,6.39725
5.17356,0.0055343,0.00548797,6.29661
5.17307,0.00602742,0.00818129,6.13384
5.19085,0.00549837,0.0053678,6.3181
5.10566,0.00421999,0.00688165,6.23613
7 threads per task
5.23629,0.00588388,0.0048,6.36111
5.15811,0.00598159,0.0041156,6.25762
5.3041,0.00550613,0.00796118,6.432
5.17312,0.00456958,0.00719615,6.30323
5.28337,0.00542817,0.0138575,6.47123
5.14388,0.00454909,0.00622548,6.2728
5.18731,0.00247031,0.00798093,6.30728
5.14904,0.00580703,0.00519911,6.27715
5.13013,0.00476153,0.00538552,6.08675
5.16673,0.00553187,0.00505655,6.2937
5.27539,0.00551811,0.00411788,6.39875
5.22141,0.00427227,0.00734014,6.29981
5.23503,0.00460173,0.0055233,6.35295
5.14482,0.00549346,0.00554821,6.2728
5.17174,0.0054589,0.00603571,6.27049
5.39836,0.00447214,0.0148452,6.54404
5.16649,0.00463623,0.00712828,6.33442
5.17228,0.00455276,0.00820954,6.24677
5.12048,0.00460985,0.00866558,6.30677
5.13635,0.00888451,0.000633957,6.26088
5.16554,0.00563697,0.00539485,6.29367
8 threads per task
5.18946,0.00412482,0.00584016,6.30279
5.15935,0.00453146,0.00597489,6.28301
5.14962,0.00442104,0.0060581,6.27051
5.12663,0.00444938,0.00573804,6.21022
5.15452,0.00426281,0.0063982,6.28011
5.31863,0.00463501,0.00586296,6.44382
5.68256,0.00447137,0.0055999,6.80636
5.1446,0.00421139,0.0055797,6.27374
5.13334,0.00422805,0.00652154,6.25476
5.14905,0.0044756,0.00567103,6.27394
5.16696,0.00453196,0.00691202,6.29325
5.21204,0.004203,0.00583275,6.16735
5.337,0.00423079,0.00768705,6.46707
5.17484,0.00412951,0.00643428,6.26578
5.18475,0.00447777,0.0055714,6.30113
5.21001,0.0059214,0.00434378,6.33289
5.11521,0.00543145,0.00710138,6.07295
5.11368,0.00542099,0.00487541,6.24077
5.17218,0.00415169,0.00590441,6.29919
5.16349,0.00443508,0.00589431,6.27993
5.20196,0.00419965,0.00567477,6.32939
