1 task per node
1 threads per task
1.75679,0.00282693,1.75994
0.972509,0.00265039,0.975433
0.969566,0.00266153,0.972493
0.967315,0.00274142,0.970331
0.969539,0.00267844,0.972529
0.988727,0.0026454,0.991644
0.999112,0.0026655,1.00204
1.00456,0.0026264,1.00748
1.01418,0.00269004,1.01716
0.962163,0.00264899,0.965095
0.999785,0.00261279,1.00267
1.00216,0.00266192,1.00508
1.00697,0.00266802,1.00992
1.02279,0.0026403,1.0257
0.970571,0.00267722,0.973516
0.982224,0.00262459,0.985141
0.982717,0.00268917,0.985678
0.982953,0.00264424,0.985892
0.989752,0.00270234,0.992724
0.966396,0.00262478,0.969289
0.967336,0.00263946,0.970246
0.980213,0.00266,0.983136
1.0087,0.00265768,1.01165
0.963445,0.00267159,0.96638
1.00633,0.00267633,1.00927
0.984102,0.00266769,0.987036
0.990181,0.00267493,0.993125
0.993461,0.00268776,0.996421
0.986567,0.00267323,0.98951
1.06868,0.00265283,1.0716
0.978486,0.00265658,0.981417
1.00796,0.00263743,1.01089
0.971798,0.00262028,0.974707
0.983418,0.00267343,0.986362
0.970028,0.00260582,0.972922
0.967516,0.00267545,0.970467
0.973151,0.00260357,0.976047
0.961675,0.00268592,0.964634
0.979665,0.00265532,0.982591
0.97511,0.0026926,0.978067
0.999048,0.00264911,1.00196
0.9968,0.00264711,0.999719
1.00289,0.00266714,1.00583
0.971965,0.00272262,0.974953
0.960957,0.00265682,0.963901
1.0066,0.00267008,1.00957
1.01237,0.00263723,1.01527
0.977878,0.0026645,0.980822
0.983326,0.00268095,0.986289
0.982725,0.002662,0.985659
2 threads per task
0.961294,0.0018804,0.963443
0.967819,0.00190274,0.969993
0.979934,0.00190688,0.982111
1.00908,0.00187243,1.01122
1.00733,0.00187302,1.00948
1.02094,0.00192404,1.02313
0.987196,0.00194653,0.989406
0.960925,0.0018887,0.963086
0.96054,0.00188103,0.96269
0.964524,0.00184579,0.96664
0.970265,0.00188194,0.972421
0.965682,0.00187354,0.967831
0.980022,0.00193105,0.982223
0.969294,0.00190594,0.971471
0.968262,0.00184917,0.970397
0.959113,0.00184461,0.961237
0.96041,0.00184442,0.962521
0.966609,0.00188111,0.968776
0.963239,0.00185246,0.96536
0.974014,0.00188465,0.97619
0.993685,0.00189777,0.995853
0.990265,0.00185522,0.992422
0.968429,0.00189514,0.970595
0.969053,0.00186756,0.971197
0.963904,0.0018695,0.966046
1.02175,0.00185618,1.02389
0.988356,0.00185964,0.990507
0.990106,0.00187923,0.99226
0.958187,0.00180411,0.960274
0.965993,0.0018834,0.968149
0.96116,0.00183119,0.963257
0.989404,0.00187214,0.991544
0.987329,0.00185302,0.989472
0.968529,0.00187567,0.970671
1.00232,0.00185771,1.00445
0.989315,0.00185581,0.99145
0.983308,0.0019053,0.985506
1.04327,0.00186161,1.04541
1.00097,0.0018701,1.00314
0.980209,0.00188862,0.98237
0.963851,0.00188278,0.965999
0.965286,0.00184453,0.967394
0.987419,0.00188948,0.989582
0.989726,0.00189151,0.991887
0.968331,0.00187299,0.970478
0.974165,0.00183722,0.976274
0.993675,0.00187464,0.995822
0.969443,0.00189256,0.971607
0.983418,0.00186079,0.985583
0.993215,0.00186799,0.995362
3 threads per task
1.04743,0.00153164,1.04923
0.98492,0.00155983,0.98675
1.01551,0.00153288,1.01731
1.01388,0.00151454,1.01566
0.967367,0.00152234,0.969163
1.01452,0.00156815,1.01636
0.983558,0.00147291,0.985328
0.985274,0.0015504,0.987096
1.01038,0.00151819,1.01217
1.02037,0.00152967,1.02217
0.97144,0.00151575,0.973227
1.3656,0.00153547,1.36744
0.968559,0.00144632,0.970297
0.962601,0.00149023,0.964359
0.975303,0.00154634,0.977121
0.961153,0.00150658,0.962946
0.974853,0.00151886,0.976636
0.984711,0.00153374,0.986515
0.966001,0.00158668,0.967884
0.981767,0.00151594,0.983554
0.958134,0.00154515,0.959967
0.966773,0.00152964,0.96857
0.986818,0.00153927,0.988632
0.96969,0.00153045,0.971489
0.977746,0.00151177,0.979526
0.990463,0.00150798,0.992244
0.967009,0.00152416,0.968799
0.982935,0.00153772,0.984738
0.984146,0.00153565,0.985951
0.977964,0.0015368,0.97977
0.983682,0.00149969,0.985449
0.98446,0.001509,0.986239
0.965545,0.00151592,0.967333
0.9695,0.00150847,0.971278
0.962489,0.00145605,0.964222
1.00945,0.0015021,1.01122
0.974962,0.00155329,0.97679
0.984434,0.00152573,0.986232
0.987488,0.00153352,0.989289
1.02266,0.00153684,1.02447
1.02621,0.00150626,1.02799
0.981041,0.00154182,0.982863
0.98131,0.0015406,0.983117
0.98012,0.00155618,0.981947
0.989265,0.0015534,0.991095
1.01826,0.00161488,1.02014
0.977124,0.00153558,0.978931
0.96746,0.00153398,0.969264
0.965923,0.00153414,0.967725
0.980463,0.00153842,0.98229
4 threads per task
0.964213,0.00135102,0.965834
1.01682,0.00139456,1.01849
0.980772,0.00138848,0.982436
0.964918,0.00139376,0.966586
1.00301,0.00132096,1.0046
1.00048,0.00133948,1.0021
0.982953,0.00131575,0.984536
1.00036,0.00137103,1.002
0.98238,0.00132291,0.983969
0.959179,0.00137809,0.960828
1.01145,0.0013444,1.01307
0.970373,0.00136425,0.972007
0.960784,0.00133848,0.962389
1.00315,0.0013171,1.00474
0.967881,0.00133249,0.969509
0.979203,0.00139069,0.980858
0.968547,0.00136163,0.97018
1.00575,0.00136499,1.0074
0.978227,0.00134813,0.979853
0.965246,0.00136759,0.966885
0.991428,0.00133891,0.993039
0.986689,0.00136535,0.988329
1.00841,0.00137999,1.01007
0.980893,0.00132746,0.982515
1.05083,0.00134218,1.05244
0.973183,0.00135194,0.974829
0.978987,0.0013554,0.980612
0.998599,0.00140728,1.00028
0.96718,0.00130687,0.968755
1.00352,0.00136503,1.00516
0.974329,0.00138396,0.975995
0.969525,0.00135117,0.971171
0.999842,0.00136146,1.00148
0.993389,0.00132223,0.994981
0.970085,0.001328,0.971686
0.990068,0.00132915,0.991664
0.980827,0.00128637,0.98238
0.980191,0.00131908,0.981775
0.966198,0.00133267,0.967805
0.968776,0.00135772,0.970417
0.976744,0.00178153,0.978833
0.98826,0.00136172,0.989915
1.0062,0.00136313,1.00783
1.01102,0.00131911,1.01261
0.95869,0.00136203,0.960326
1.00036,0.00138356,1.00201
0.990278,0.0012811,0.991826
1.01233,0.00135639,1.01396
0.98,0.0013498,0.981623
0.987325,0.00140769,0.989028
5 threads per task
0.990187,0.00121425,0.99167
1.00289,0.00123743,1.0044
1.00806,0.00119463,1.00953
0.997909,0.00116965,0.999349
0.986118,0.00120092,0.987593
1.016,0.00119305,1.01749
0.967387,0.00114414,0.968799
0.967392,0.00120882,0.968874
0.981524,0.0012212,0.983037
1.00633,0.00117292,1.00777
0.967429,0.00118359,0.968886
1.03229,0.00112392,1.03368
0.991669,0.00119309,0.993132
1.01104,0.00115928,1.01247
0.977329,0.00116364,0.978763
0.970584,0.00123431,0.972092
0.977438,0.0011717,0.978884
1.018,0.00125909,1.01953
0.989732,0.00118366,0.99121
0.978363,0.00115311,0.979781
0.986621,0.00117506,0.988068
1.0087,0.00115494,1.01013
0.992553,0.0012154,0.994041
0.96421,0.00120315,0.965702
0.970254,0.00119969,0.971751
0.967355,0.00124044,0.968861
0.966607,0.00118092,0.968069
0.991763,0.00118592,0.993218
1.01024,0.00116748,1.01168
0.96582,0.00122216,0.96731
0.982784,0.00119905,0.98425
0.961679,0.00121412,0.963186
0.968963,0.00122836,0.970462
0.995833,0.00112435,0.997222
1.01956,0.00118562,1.02102
0.958519,0.00119693,0.959984
0.964271,0.00118922,0.965745
0.977197,0.00115587,0.978617
0.99117,0.00120006,0.992639
1.0123,0.00123478,1.01381
0.998619,0.00119802,1.00009
0.979218,0.00120149,0.980711
1.07261,0.00113095,1.07401
0.985727,0.00125702,0.987255
0.995318,0.00119639,0.996801
0.995827,0.00116779,0.99728
0.985203,0.00120837,0.986683
0.973008,0.00117113,0.974452
0.984349,0.00124977,0.98587
0.978193,0.00117382,0.97963
6 threads per task
0.984855,0.0011046,0.986256
0.962428,0.00115691,0.96388
0.98843,0.00113328,0.989836
0.986602,0.00155383,0.988432
0.960951,0.00110451,0.962328
0.974768,0.00115001,0.976187
0.964554,0.00111518,0.965944
0.968535,0.00111523,0.969963
0.997243,0.00113529,0.998646
0.972606,0.00115529,0.97403
0.992685,0.00115443,0.994113
0.968886,0.00107865,0.970234
0.968956,0.00111969,0.970344
0.966885,0.00112151,0.968276
0.972015,0.00114467,0.973431
0.981691,0.00112063,0.983106
0.991228,0.00104011,0.992535
1.00179,0.00112641,1.00318
0.974897,0.00106233,0.976225
0.968233,0.00109019,0.969617
0.973296,0.00111652,0.974687
1.00618,0.00110904,1.00757
0.973381,0.00110873,0.97476
0.984409,0.00116986,0.985847
1.00483,0.00107897,1.0062
0.965681,0.00111744,0.967065
1.02582,0.00118097,1.02727
0.976731,0.00110443,0.978103
1.00118,0.00113904,1.00259
1.00886,0.00113088,1.01026
0.990365,0.00108106,0.991713
0.965626,0.00111702,0.967015
0.969856,0.00113069,0.971262
0.962744,0.0011009,0.96411
1.00947,0.00111992,1.01086
0.963516,0.00108357,0.964876
0.96837,0.00113892,0.969778
0.974362,0.00113579,0.975768
0.985197,0.00112172,0.986627
0.993683,0.00112416,0.995074
0.984535,0.00107164,0.985871
0.959744,0.00111293,0.961121
0.989543,0.00112249,0.990954
0.987302,0.00112858,0.988704
0.993313,0.00112393,0.994708
0.982592,0.00112231,0.984006
0.990465,0.00113983,0.991876
0.963224,0.00107208,0.964561
0.967529,0.00108868,0.968888
0.978159,0.0011029,0.979534
7 threads per task
0.983348,0.00101741,0.984637
0.986984,0.00108987,0.988351
0.957586,0.0010307,0.958903
0.976987,0.00107523,0.97834
0.973334,0.0010191,0.974618
0.986659,0.001035,0.987963
0.979996,0.00108466,0.981352
0.967554,0.00107397,0.968902
0.969255,0.0010165,0.970544
0.981183,0.00110585,0.982576
0.998576,0.00106818,0.999912
0.965298,0.00107785,0.966649
0.95646,0.00112581,0.957886
0.989853,0.00103417,0.991179
0.993304,0.00108727,0.994659
1.00776,0.00111654,1.00916
0.96384,0.00103385,0.965146
0.956683,0.00106404,0.95804
0.981017,0.00109493,0.982384
0.982905,0.00109117,0.984263
0.966954,0.00107193,0.968319
0.996231,0.00107673,0.997589
1.02531,0.00103843,1.02662
0.995517,0.00109851,0.996899
0.989961,0.00107217,0.991345
1.00857,0.00104085,1.00989
0.964458,0.00110195,0.965857
0.976261,0.00111284,0.977674
0.997491,0.00104799,0.998818
0.982817,0.00103281,0.984117
0.989235,0.00102152,0.99053
0.957809,0.00104465,0.959129
0.977904,0.00107019,0.979255
0.981818,0.000997781,0.983081
0.978289,0.00110216,0.979664
0.958774,0.00110807,0.960179
0.968224,0.00110211,0.969598
0.996478,0.00107517,0.997859
0.970054,0.00107695,0.971404
0.987295,0.00110482,0.988673
0.990789,0.00105911,0.992121
1.0097,0.00108024,1.01105
1.00178,0.00110193,1.00316
0.963511,0.00108719,0.964872
1.00962,0.00109068,1.01098
0.983167,0.00107685,0.984538
0.968419,0.00108101,0.969775
0.981239,0.00110322,0.982624
0.976219,0.00104843,0.977537
1.01767,0.00106107,1.019
8 threads per task
0.990098,0.00106066,0.991429
0.975303,0.00101859,0.976594
0.972157,0.00100941,0.973448
0.990329,0.00107906,0.991676
0.982,0.00105643,0.98333
0.963203,0.00100404,0.964478
0.974529,0.00101367,0.975817
0.969168,0.000959624,0.970402
0.962406,0.00105002,0.963728
0.987217,0.00107546,0.988573
0.984806,0.00106855,0.986147
0.983207,0.00113283,0.984615
0.998391,0.000984988,0.999642
0.983345,0.000944146,0.984556
0.959944,0.00111539,0.961332
0.981603,0.000995344,0.982865
0.986815,0.000984961,0.98809
0.968406,0.00102518,0.969704
0.968828,0.00103532,0.970133
0.991023,0.00109066,0.992386
0.962157,0.000992111,0.963422
0.971602,0.00101846,0.972934
0.975372,0.0010743,0.97672
1.01927,0.00106097,1.0206
0.978578,0.00109575,0.979953
0.967716,0.00098162,0.968988
0.965445,0.00108962,0.966828
0.969138,0.00107051,0.970505
0.973226,0.00104007,0.97454
0.98713,0.00108921,0.988514
0.969793,0.00100786,0.971067
0.967226,0.00151911,0.969018
0.97022,0.00108963,0.971572
0.961083,0.000959643,0.96231
1.01894,0.00108303,1.02029
0.967436,0.00101516,0.968725
1.03203,0.00102937,1.03334
0.986374,0.00102633,0.987676
0.99873,0.00105684,1.00006
0.986042,0.000982493,0.987311
0.98417,0.00107758,0.985522
1.02075,0.000956326,1.02198
1.00889,0.000963461,1.01012
1.00441,0.000954882,1.00563
0.972605,0.00104553,0.97392
0.990366,0.00107033,0.991713
0.968481,0.00103275,0.969786
1.0216,0.00105254,1.02294
0.984459,0.00104737,0.985775
0.965074,0.00109499,0.966442
9 threads per task
0.968639,0.00121897,0.970145
0.990616,0.00121106,0.992108
0.979217,0.00125078,0.980748
1.00893,0.00123748,1.01044
0.989822,0.00129358,0.991399
0.973477,0.00134628,0.975087
0.984096,0.00117625,0.985552
0.961609,0.00138958,0.963272
0.968962,0.00132498,0.970572
0.970128,0.00116205,0.971573
1.00464,0.00132237,1.00623
0.991404,0.00112845,0.992816
0.986337,0.00128049,0.987902
0.982725,0.00121324,0.984203
1.01145,0.00128951,1.01301
0.987331,0.00120026,0.988808
0.998719,0.00118424,1.00021
0.976102,0.00136109,0.977731
0.997291,0.00114645,0.998709
0.998692,0.00117985,1.00015
0.978438,0.00132513,0.980052
0.970139,0.00135252,0.971779
0.961591,0.00115889,0.963029
0.981017,0.00115807,0.982441
0.969239,0.00126352,0.970785
0.9712,0.00114947,0.97262
0.971059,0.00131146,0.972656
0.994841,0.00123274,0.996387
0.985871,0.00121552,0.987386
0.989945,0.00121911,0.991435
0.987095,0.00116724,0.988537
0.99363,0.0011898,0.9951
0.977466,0.00129672,0.979035
0.977703,0.00115669,0.979129
0.980421,0.00134691,0.982053
0.957299,0.0011228,0.958688
0.998849,0.00117045,1.0003
0.958977,0.00120455,0.960466
0.985987,0.00134761,0.987607
0.98079,0.00118173,0.98226
1.00092,0.00121501,1.00241
0.988091,0.00116656,0.989548
0.963127,0.00130857,0.964727
0.967587,0.00129058,0.969158
0.967678,0.00134021,0.969301
0.978832,0.00122008,0.980328
0.980079,0.00151087,0.981871
0.994623,0.00125188,0.996151
1.13857,0.00125579,1.1401
0.978708,0.00165552,0.980649
10 threads per task
0.987837,0.00132026,0.989444
0.968812,0.00175225,0.970834
0.963732,0.00117622,0.965181
0.976602,0.00125432,0.978138
1.01059,0.00119131,1.01205
1.00739,0.00111644,1.00878
0.990114,0.00119228,0.991579
0.977348,0.00112683,0.978748
1.0155,0.00111406,1.0169
0.989396,0.00115122,0.990827
0.983635,0.00116652,0.985082
0.976275,0.00122321,0.977782
0.962361,0.00121986,0.963863
0.96563,0.00113684,0.967049
0.9629,0.00120976,0.9644
0.969174,0.00123238,0.970697
0.96411,0.00112866,0.96552
0.961104,0.00119539,0.962579
0.96406,0.0013193,0.965672
0.961997,0.0013801,0.963659
0.96461,0.00114559,0.966041
0.999283,0.00115425,1.00072
0.95941,0.00119433,0.960893
0.979435,0.00150517,0.981216
0.968137,0.00128745,0.969703
0.974413,0.00120617,0.975895
0.963424,0.00117558,0.964867
0.988442,0.00114475,0.989852
1.00712,0.00115315,1.00857
0.986195,0.00116644,0.987635
0.988689,0.00115663,0.990129
0.957001,0.00124947,0.958522
0.986972,0.00119677,0.988452
0.977558,0.00122733,0.979061
0.990991,0.00128475,0.992556
0.986197,0.00131447,0.987788
1.00445,0.0012411,1.00597
1.00738,0.00119135,1.00885
0.985282,0.00115854,0.986723
1.00558,0.00126307,1.00712
0.967505,0.00121123,0.96902
0.982936,0.00131248,0.984519
0.97985,0.00114031,0.981271
0.965048,0.0011751,0.966516
0.991896,0.00116899,0.993344
0.995575,0.00128255,0.997142
0.962314,0.00128508,0.963863
0.964833,0.00122397,0.966323
0.976035,0.00123967,0.977573
0.998837,0.00122487,1.00034
11 threads per task
0.984358,0.00166813,0.986301
0.985979,0.00124646,0.987512
0.994307,0.00113446,0.995732
1.01068,0.00122456,1.01218
0.98379,0.00116174,0.985231
1.01088,0.0011048,1.01225
0.991375,0.00118673,0.992837
0.996087,0.00114664,0.997535
0.995469,0.00123982,0.996983
0.985504,0.00115569,0.986941
0.996372,0.00114274,0.997783
0.969297,0.00116666,0.970757
0.989174,0.00122791,0.990681
0.982186,0.00124328,0.983718
0.989471,0.00112646,0.990881
0.96018,0.00110391,0.961568
0.968283,0.0011022,0.969672
1.03518,0.00108211,1.03655
0.975937,0.00112973,0.977332
0.973109,0.00120119,0.974592
0.967081,0.00120821,0.968573
0.983874,0.00122267,0.985377
0.987939,0.0012169,0.989433
0.96618,0.00113402,0.967606
0.989717,0.00121264,0.991254
1.00345,0.00129367,1.00502
0.972926,0.00114801,0.974349
0.97119,0.00113578,0.972595
0.98947,0.00126882,0.99103
1.01311,0.00124026,1.01463
0.994887,0.00115716,0.996328
0.983599,0.00117567,0.985064
0.979823,0.00111343,0.981203
1.01365,0.00121444,1.01514
0.979731,0.00115881,0.981187
0.978637,0.00120914,0.980119
0.982782,0.00115106,0.98422
0.989477,0.00130175,0.991075
0.989736,0.00106641,0.99108
0.988649,0.00121694,0.990151
0.982832,0.00116102,0.984305
0.974886,0.00114041,0.976312
0.990183,0.00113121,0.991585
0.991779,0.00120752,0.993267
0.969235,0.00114929,0.970658
0.963708,0.00111643,0.965113
0.960905,0.00119166,0.962379
0.968085,0.00117262,0.969534
1.01343,0.0013006,1.01501
0.981097,0.00134754,0.982718
12 threads per task
0.978777,0.00112541,0.980213
0.977885,0.00118841,0.979347
0.966392,0.00114923,0.967813
0.95899,0.00117834,0.960465
0.967639,0.00117583,0.969095
0.962186,0.00115411,0.963611
0.985624,0.00116725,0.987067
0.968542,0.00114158,0.969974
0.981675,0.00113039,0.983094
0.965387,0.00112417,0.966817
0.985555,0.00114668,0.986971
0.991444,0.00111648,0.992843
0.969187,0.00110415,0.970572
0.977658,0.00104763,0.979
0.987362,0.00105595,0.988709
0.982032,0.00114024,0.983469
0.983216,0.00117489,0.984681
0.963646,0.00115697,0.965095
0.991287,0.00112919,0.992691
0.980031,0.00111262,0.981426
0.9629,0.00110425,0.96427
1.13282,0.00120694,1.13431
0.974065,0.00115445,0.975501
0.982396,0.0011459,0.983816
0.974584,0.00116881,0.976028
0.974598,0.0011727,0.976053
0.974227,0.00110938,0.975607
0.985169,0.00130371,0.986769
0.980551,0.00111702,0.981935
0.972796,0.00108622,0.974178
0.969368,0.00114612,0.970794
0.984015,0.00112689,0.985414
0.997511,0.0011207,0.998901
1.00252,0.00110873,1.0039
1.01103,0.00113085,1.01243
0.974231,0.00114459,0.975648
0.96179,0.00115179,0.963211
1.01379,0.00113788,1.01524
0.966842,0.00114843,0.968274
0.96441,0.00113495,0.965837
0.969834,0.00116684,0.971271
0.98354,0.00110156,0.984922
0.99211,0.00105621,0.993431
1.04639,0.00115642,1.04785
0.963607,0.00114586,0.965025
0.962268,0.00110314,0.963651
0.989769,0.00115564,0.9912
0.981732,0.0011781,0.983184
0.970278,0.00109287,0.971643
0.987706,0.00108616,0.989074
13 threads per task
0.970519,0.00109374,0.971879
0.960686,0.00110525,0.96208
0.976984,0.00116289,0.97842
0.968926,0.00110259,0.970316
0.977664,0.00128788,0.97923
0.98206,0.00115736,0.983491
0.966447,0.00114545,0.967897
0.967961,0.00105963,0.96929
1.02613,0.00108781,1.02749
0.962964,0.00118388,0.964437
0.997757,0.0012941,0.999324
0.957055,0.00128936,0.958618
0.978161,0.00123535,0.979673
0.96383,0.0012119,0.965311
0.982548,0.00128269,0.984116
1.02155,0.00117256,1.02299
0.962938,0.00114148,0.964352
0.963712,0.00105705,0.965065
0.976906,0.00117077,0.978354
0.980362,0.00118437,0.981819
1.01989,0.00111118,1.02127
0.990242,0.00112771,0.991664
0.978714,0.00137479,0.980368
0.975126,0.00122851,0.976632
1.00621,0.00111698,1.00762
0.986692,0.0011389,0.988109
0.989013,0.0013248,0.990611
0.976499,0.00112949,0.977898
0.981522,0.00129074,0.983084
0.989992,0.00110814,0.991367
0.983223,0.00106695,0.984574
0.969329,0.00170846,0.971307
0.975677,0.00115451,0.977105
0.990852,0.00114122,0.992283
1.0108,0.00119788,1.01229
0.977656,0.00159363,0.979517
0.973031,0.00117567,0.974487
0.989283,0.00114965,0.99072
0.968696,0.00110578,0.970072
0.969663,0.00112697,0.971063
0.989719,0.00137134,0.991364
0.994737,0.00116947,0.996185
0.98375,0.00111217,0.985146
1.08362,0.00112274,1.08502
0.969101,0.00113625,0.970514
0.983222,0.00152787,0.985023
0.970404,0.00118444,0.971889
0.986632,0.00116037,0.988064
0.971498,0.0010736,0.972851
0.974079,0.0011564,0.975506
14 threads per task
0.984457,0.00103878,0.985759
1.00473,0.00120625,1.00623
0.999843,0.00119412,1.00132
1.01321,0.00118422,1.01466
1.05966,0.00145953,1.06139
1.03523,0.00149077,1.03699
0.963422,0.00118011,0.964873
0.968438,0.00107552,0.969782
1.00505,0.0014303,1.00675
0.988411,0.00137751,0.990065
0.998162,0.00124541,0.999679
0.980177,0.00120866,0.981675
0.988457,0.00112966,0.989854
0.997283,0.00133575,0.998899
1.00597,0.00119934,1.00746
0.976843,0.00112923,0.978239
0.972322,0.00117914,0.973769
0.974387,0.00123522,0.975929
0.960262,0.00136851,0.961916
0.980217,0.00138721,0.981881
0.980347,0.00147473,0.982102
0.988359,0.00124844,0.989881
0.980565,0.00141141,0.982243
1.02279,0.0014214,1.0245
0.968666,0.00124212,0.970189
0.978979,0.00140074,0.980645
0.959302,0.00120886,0.960777
1.01093,0.00124695,1.01245
0.976551,0.00120289,0.978027
0.96123,0.0011842,0.962688
0.987004,0.00113926,0.988416
0.987466,0.00146383,0.989209
1.00876,0.00164231,1.01067
0.986458,0.00140891,0.988138
0.982484,0.00148009,0.984237
1.02544,0.00110236,1.02683
0.968444,0.00099798,0.969721
0.975719,0.00108642,0.977101
0.967752,0.00133695,0.969356
1.00765,0.00149772,1.00942
1.0125,0.0011725,1.01394
0.989674,0.00140207,0.991351
0.966711,0.00148255,0.968462
0.959579,0.00107589,0.960922
0.967201,0.00119215,0.968676
0.95972,0.00143709,0.961424
0.96077,0.00123126,0.962286
0.987901,0.0012045,0.989377
0.986427,0.00126569,0.987962
0.970611,0.00103004,0.971908
15 threads per task
1.00193,0.00154271,1.00374
0.971078,0.0012377,0.972606
0.963606,0.00151939,0.965391
0.98534,0.00155314,0.987169
1.00318,0.00131426,1.0048
0.985171,0.00130791,0.986756
0.959359,0.0013063,0.960942
1.00724,0.00133614,1.00887
1.00314,0.00107575,1.0045
0.967527,0.00135479,0.969163
0.959191,0.0013637,0.960822
0.988522,0.00132668,0.990142
0.989216,0.00135608,0.990853
1.01714,0.00155259,1.01898
0.982713,0.00135609,0.984347
1.00227,0.00152405,1.00407
1.00309,0.00153843,1.00491
1.00837,0.00117819,1.00982
0.989081,0.00158406,0.990952
0.97602,0.00131743,0.977609
0.973972,0.00142646,0.975668
0.97801,0.00133669,0.979627
0.984089,0.00133992,0.985705
0.973224,0.00134021,0.974841
0.990142,0.00149359,0.991909
0.974992,0.00126298,0.976551
0.975636,0.00114786,0.977059
0.985358,0.0012045,0.986861
0.969257,0.00152018,0.97105
0.970991,0.00151223,0.972771
0.959989,0.00129995,0.961555
0.987938,0.00156921,0.989787
0.9679,0.00155782,0.969727
0.994039,0.00140997,0.995718
0.984531,0.00132184,0.986135
1.01115,0.00156808,1.01299
0.963128,0.00135035,0.964743
0.995713,0.00160204,0.997595
0.987121,0.00134152,0.988737
1.01295,0.00162366,1.01485
0.962874,0.00132944,0.964469
1.00795,0.00104822,1.00927
0.987318,0.0014792,0.98907
1.00391,0.00155665,1.00576
0.987079,0.00130466,0.988652
0.975011,0.00148139,0.976759
0.98443,0.00126013,0.985985
0.953786,0.00153638,0.955586
0.968158,0.00156967,0.970002
1.09992,0.0014338,1.10162
16 threads per task
1.02663,0.00116467,1.02808
0.983494,0.00156993,0.985335
0.967781,0.00131864,0.969404
0.989469,0.00140906,0.991161
0.97288,0.00154343,0.974696
0.978972,0.00138859,0.980627
1.01058,0.00173428,1.01259
0.968317,0.00128493,0.969878
0.985521,0.00165247,0.987442
0.976617,0.00165774,0.978559
0.973897,0.00164121,0.975809
1.00097,0.00156295,1.0028
0.990116,0.00122049,0.991617
0.964308,0.00150259,0.966084
0.982335,0.00147622,0.984082
0.980263,0.0014069,0.981966
0.986394,0.00135826,0.988038
1.02759,0.00143672,1.02931
0.982277,0.00127477,0.983842
1.00732,0.00146506,1.00906
0.965327,0.00133904,0.966958
0.960534,0.0014948,0.962299
0.982399,0.00162238,0.984286
0.962758,0.00151877,0.964547
0.990876,0.00172595,0.992887
0.960632,0.00128041,0.962181
0.965284,0.00141726,0.966983
0.992595,0.00139173,0.994277
0.981299,0.00145479,0.983031
0.97835,0.00137297,0.980017
0.97661,0.00161751,0.978507
0.984004,0.00146493,0.98574
0.972129,0.00158577,0.973989
0.978357,0.00113608,0.979764
0.981114,0.00146262,0.982858
0.988919,0.00146533,0.990651
1.04997,0.00129081,1.05154
0.963196,0.00125824,0.964732
0.998382,0.00172429,1.00038
1.01974,0.00149359,1.02152
1.00933,0.00161667,1.01122
0.982285,0.00148099,0.984042
0.989724,0.00164591,0.991635
0.96867,0.00136191,0.970305
1.0455,0.00143819,1.04722
0.988671,0.00138482,0.990332
1.01055,0.00157955,1.01239
0.982454,0.00164188,0.98437
0.989483,0.00148863,0.991263
0.973541,0.00148465,0.9753
17 threads per task
0.973904,0.00156185,0.975748
0.960832,0.00149227,0.962596
1.00658,0.00171343,1.00856
0.965143,0.00149645,0.966912
0.957508,0.00166109,0.959439
0.981473,0.00165916,0.983412
0.967747,0.00147316,0.969501
0.993504,0.00164987,0.995421
0.966568,0.00165452,0.968498
1.00515,0.00143345,1.00687
1.02311,0.00161629,1.02501
0.965307,0.00148368,0.967088
1.00939,0.00145489,1.01115
0.974542,0.00173868,0.976545
1.0598,0.00144231,1.06153
0.966,0.00178185,0.968057
0.983667,0.00169946,0.985635
0.959242,0.0016771,0.961199
0.979985,0.00161764,0.981868
0.987035,0.00148539,0.988796
0.998385,0.00175271,1.00041
0.980917,0.00133121,0.982516
0.95831,0.00163858,0.960237
0.982207,0.00177852,0.984261
1.00078,0.00173385,1.00279
0.960117,0.00174237,0.962128
1.00539,0.0014,1.00707
1.00607,0.0017761,1.00812
0.985075,0.00147733,0.98682
0.984089,0.00161797,0.985979
0.988159,0.00145966,0.989902
0.963536,0.00146699,0.965295
0.987304,0.00148406,0.989057
1.00022,0.00142379,1.00193
0.981547,0.00147629,0.983295
0.977461,0.00139605,0.979143
0.983624,0.00130838,0.985208
0.976803,0.00174323,0.978822
0.967486,0.00168174,0.969442
0.962191,0.00174811,0.964216
1.01826,0.00155375,1.02012
1.0907,0.0015747,1.09257
0.964837,0.00142803,0.966562
0.989225,0.00153828,0.991032
1.00282,0.00143496,1.00454
0.993816,0.00154248,0.995625
0.967869,0.00121326,0.969353
0.985029,0.00175979,0.987063
0.986013,0.00161561,0.987921
0.97822,0.001597,0.98009
18 threads per task
0.965073,0.00166737,0.96701
0.971365,0.00154426,0.973184
1.00885,0.00142642,1.01056
0.965599,0.00143625,0.967316
0.984944,0.00168053,0.986897
0.97464,0.00169327,0.976605
1.06404,0.00158971,1.06591
0.988424,0.00119498,0.989891
0.978379,0.00156574,0.980213
1.00802,0.00175129,1.01006
0.994104,0.00155173,0.995932
0.970851,0.00171166,0.972834
1.00313,0.00156375,1.00496
0.972463,0.0014471,0.974179
0.979474,0.00171701,0.981456
0.999688,0.00144949,1.00141
0.960891,0.00172037,0.962897
0.973938,0.00142533,0.97565
0.968307,0.00166024,0.970246
1.01841,0.00159791,1.02029
1.0089,0.00178098,1.01096
0.97313,0.00160382,0.975006
0.986551,0.00159246,0.98841
0.97725,0.0017071,0.979231
0.963105,0.00129684,0.964698
0.971896,0.00170367,0.973871
0.957356,0.00162586,0.959244
0.991891,0.00161952,0.993785
0.98279,0.00176842,0.984826
0.99062,0.00158628,0.992474
0.988862,0.00155119,0.990683
0.974641,0.00175232,0.97666
0.958882,0.00169426,0.960847
1.2104,0.00164152,1.21231
0.982802,0.00170655,0.984778
0.991977,0.00157609,0.993829
0.97452,0.00136455,0.976161
0.971901,0.00178598,0.973955
1.00375,0.00170704,1.00574
0.974418,0.00169453,0.976399
1.02065,0.00143132,1.02236
1.00757,0.00166781,1.00951
1.02868,0.0016759,1.03064
1.00636,0.00155623,1.00819
1.00711,0.00171442,1.0091
0.996159,0.00139675,0.997828
0.968126,0.00142879,0.969846
0.973637,0.0017337,0.975636
0.989575,0.00164021,0.991489
0.982145,0.00172713,0.984147
19 threads per task
0.981676,0.00186841,0.983839
0.96499,0.00164353,0.966905
0.975555,0.00153594,0.977395
0.99346,0.0016244,0.995355
1.01694,0.00142385,1.01864
0.98011,0.00177308,0.982157
0.968318,0.00176202,0.97036
1.02355,0.00167382,1.0255
0.998849,0.00155483,1.00068
0.98912,0.00176313,0.991152
1.00059,0.00162707,1.00253
1.00775,0.00151155,1.00954
0.963785,0.00175924,0.965815
0.98749,0.00166705,0.989427
1.00924,0.0018479,1.01136
0.976783,0.00167142,0.978758
0.979299,0.00169991,0.981275
0.969044,0.00125446,0.970574
0.984737,0.00157837,0.986595
0.983789,0.00167703,0.985756
0.973176,0.00178619,0.975251
0.992841,0.00179834,0.99491
0.992882,0.00175291,0.994909
0.982218,0.00175232,0.984243
0.987235,0.00168024,0.989182
0.9594,0.00177923,0.961467
0.958087,0.00150831,0.959885
0.969282,0.00163543,0.971221
0.969774,0.00146496,0.971518
0.989745,0.00169921,0.99174
1.01289,0.0016524,1.01482
0.961315,0.00168925,0.963285
0.979985,0.00185489,0.982106
0.99053,0.00178581,0.992582
0.982399,0.00183118,0.984504
1.0055,0.00132581,1.00711
1.04529,0.00166573,1.04723
0.970096,0.00167353,0.972036
0.984295,0.00164805,0.986215
0.998873,0.00167249,1.00081
0.961706,0.00176205,0.963737
0.990753,0.00153492,0.992564
0.983532,0.00164975,0.985462
0.996244,0.00171038,0.998229
0.989922,0.00179732,0.99199
0.9961,0.00135229,0.997719
1.01494,0.00126993,1.01652
0.985479,0.00163,0.987398
0.988548,0.00182737,0.990649
0.983731,0.00163506,0.985644
20 threads per task
1.00729,0.00194979,1.00951
0.977099,0.00182661,0.97922
0.991026,0.00185898,0.993155
0.991605,0.00188731,0.993762
1.00789,0.00183531,1.01
0.963873,0.00176757,0.965907
0.977922,0.00164076,0.979838
0.962152,0.00150361,0.963927
0.983558,0.00185612,0.985682
1.01995,0.00172077,1.02195
0.967994,0.00175525,0.970018
1.05578,0.00168051,1.05773
1.00183,0.00165396,1.00376
0.987172,0.00179624,0.989251
0.981071,0.00171757,0.983055
0.96509,0.00161054,0.966988
0.96209,0.0017433,0.964103
0.980636,0.0019016,0.982805
0.979944,0.00188974,0.982114
0.985325,0.00159303,0.987212
0.982444,0.00176974,0.984486
0.979006,0.00159941,0.980889
1.00501,0.00163962,1.00695
1.0084,0.00178034,1.01045
1.00012,0.00181758,1.00222
1.02593,0.00155796,1.0278
0.976272,0.00164386,0.978204
0.981191,0.00176844,0.983233
0.963906,0.00188316,0.966061
1.0082,0.00185527,1.01033
0.96646,0.00186291,0.96861
1.01045,0.00172651,1.01244
1.01091,0.00142178,1.0126
0.979898,0.00179278,0.981966
0.983492,0.00167187,0.985446
0.963159,0.00180793,0.965237
0.955757,0.00194431,0.957968
0.99627,0.00169405,0.998255
0.980971,0.00181049,0.983055
0.997131,0.00134975,0.998749
0.979313,0.00162461,0.981202
0.984697,0.00167043,0.986638
1.00072,0.00180393,1.00279
0.967958,0.00163562,0.96989
1.00409,0.00185915,1.00622
0.988158,0.0017775,0.990207
0.967428,0.00190018,0.969602
0.965998,0.00165189,0.967949
0.976635,0.00176376,0.978665
0.965891,0.0018063,0.967968
21 threads per task
0.99034,0.00192091,0.992544
1.0025,0.00171197,1.00449
0.966671,0.00158309,0.968548
0.980314,0.00173128,0.98232
1.00806,0.00183339,1.01016
1.00828,0.00126552,1.00983
0.965862,0.00199337,0.968128
0.976144,0.00169614,0.978145
0.980969,0.00190337,0.98315
0.983292,0.00151119,0.985082
1.00154,0.00174465,1.00355
0.957306,0.00172132,0.959297
0.976702,0.00171399,0.978712
0.981726,0.00200566,0.984015
0.965437,0.00194541,0.967659
0.965269,0.00189711,0.967441
1.00398,0.00172898,1.00599
0.977372,0.00178666,0.979432
1.00849,0.00206801,1.01084
0.975918,0.00168575,0.977875
0.980297,0.00171337,0.982278
0.985933,0.00158758,0.987798
0.968908,0.00185754,0.97104
0.979022,0.0018828,0.981186
1.00938,0.00189301,1.01154
0.976453,0.00186189,0.978592
0.987547,0.00184593,0.989661
0.978376,0.00192798,0.980578
1.00906,0.00179122,1.01112
0.980943,0.00205012,0.983269
0.987471,0.00179149,0.989535
0.983067,0.0019629,0.985311
0.96831,0.0019376,0.970523
0.969527,0.0018896,0.971684
0.95863,0.00203596,0.960933
0.99748,0.00162256,0.999392
0.990175,0.00169949,0.992178
0.966254,0.0017289,0.96825
0.987213,0.00195719,0.989443
0.961478,0.0018613,0.963613
0.969619,0.00178664,0.971675
0.967239,0.00156422,0.969108
0.998929,0.0017101,1.00093
1.00585,0.00186461,1.00798
0.983312,0.00186268,0.985446
0.976658,0.00175876,0.97869
1.00367,0.00158661,1.00554
0.994822,0.00171231,0.996806
0.983093,0.00193903,0.985307
0.967171,0.00173225,0.969173
22 threads per task
0.984654,0.00190015,0.986824
0.990325,0.00148134,0.992074
0.960904,0.00167988,0.96286
0.976685,0.00171341,0.978675
1.00394,0.00144156,1.00567
0.989422,0.00184562,0.991575
0.992088,0.00192988,0.9943
0.985146,0.0020372,0.987462
1.01573,0.00180613,1.01781
1.01865,0.00199518,1.02091
0.980998,0.00182864,0.98311
0.983036,0.0019636,0.98527
0.96701,0.00123718,0.96854
0.981905,0.00167695,0.983888
0.988546,0.00190131,0.990714
0.995289,0.00180604,0.997363
1.00495,0.00150974,1.00673
0.982417,0.00181128,0.984501
0.987037,0.00177781,0.989082
1.00118,0.00174386,1.00322
0.965676,0.00138419,0.967335
0.980862,0.0018488,0.982983
0.965135,0.00192825,0.967337
0.961271,0.00176823,0.963335
1.00578,0.00202691,1.00808
0.9583,0.00189501,0.960462
1.00021,0.00148931,1.00199
0.976557,0.00141844,0.978247
0.979564,0.00206514,0.981902
0.956801,0.00170221,0.958801
0.97985,0.00208902,0.982223
0.989048,0.00206643,0.991384
0.964366,0.00163973,0.966275
0.989431,0.00180648,0.991503
0.96134,0.00183511,0.963446
1.00399,0.00192784,1.00619
0.990797,0.00169688,0.992779
0.968197,0.00134448,0.969825
0.985278,0.00186605,0.987414
0.972429,0.00172015,0.97446
1.0115,0.00194777,1.01372
1.00201,0.00161821,1.0039
0.964063,0.00198481,0.966316
1.01492,0.00195483,1.01714
0.965861,0.00161382,0.967792
0.967515,0.00197577,0.969779
0.967501,0.00187456,0.969653
0.983309,0.00188303,0.985468
0.966279,0.00207107,0.968637
1.03563,0.00170542,1.03762
23 threads per task
0.97871,0.00182052,0.980826
0.971079,0.00155136,0.972917
0.986742,0.00182118,0.988846
0.961608,0.00158381,0.963462
1.01007,0.0020623,1.01241
0.972081,0.00165885,0.974023
0.959881,0.00189782,0.962048
0.986969,0.00198634,0.989228
0.969707,0.00177114,0.971779
0.982759,0.00180241,0.984862
1.02037,0.00219294,1.02285
0.968695,0.0015047,0.970483
1.0084,0.00209822,1.01077
0.971504,0.00193436,0.973757
0.959551,0.00193874,0.961758
0.974423,0.00162441,0.976328
0.981106,0.00189142,0.983272
0.961814,0.00127565,0.963383
0.987191,0.00195516,0.98942
1.00369,0.00193429,1.0059
0.963015,0.001803,0.965087
0.997076,0.00171785,0.999087
0.961929,0.00174029,0.963956
0.984281,0.00170349,0.986277
1.00252,0.00196925,1.00476
0.978136,0.0018231,0.980232
0.982604,0.00188349,0.984759
1.00549,0.00167641,1.00744
0.991403,0.00195956,0.993629
1.02254,0.00202839,1.02484
0.98684,0.00154103,0.988649
0.972406,0.00155418,0.974251
0.98621,0.00209326,0.988569
0.996506,0.00198798,0.998765
0.990301,0.00198114,0.992559
1.01743,0.00188017,1.01959
0.980191,0.00206536,0.982532
1.00204,0.00211651,1.00443
0.963274,0.00188591,0.96543
0.989724,0.00166104,0.991662
0.984045,0.001921,0.986241
0.963589,0.00186731,0.965727
0.963981,0.00197709,0.966247
0.98774,0.00212764,0.990136
0.971447,0.00182097,0.973545
0.998021,0.00199484,1.00028
0.956718,0.00191193,0.958899
0.982255,0.00185777,0.984391
0.985871,0.00147582,0.987632
0.97085,0.00177659,0.972906
24 threads per task
0.966966,0.00180586,0.969085
0.988355,0.00181667,0.990445
1.00403,0.00207541,1.00638
0.998284,0.00184826,1.0004
0.998381,0.00198548,1.00064
0.990898,0.00115249,0.992338
0.981846,0.00168957,0.983824
0.984898,0.00197957,0.987143
0.980481,0.00186953,0.98263
1.02504,0.00210857,1.02743
0.962783,0.00196304,0.965025
1.0072,0.00182097,1.0093
0.968978,0.00186485,0.971116
0.960668,0.00185709,0.962816
0.981361,0.00178976,0.98345
0.964028,0.00176684,0.966064
0.961641,0.00196564,0.963875
0.980781,0.00201021,0.983073
0.966427,0.00200634,0.968705
0.97973,0.00177528,0.981785
0.968918,0.00156411,0.970752
0.973768,0.00148493,0.975521
1.01,0.00155939,1.01182
1.00527,0.0018319,1.00737
0.974171,0.00187043,0.976308
0.990483,0.00161225,0.992366
1.12824,0.00216152,1.13068
0.964258,0.00211885,0.966657
0.968285,0.00205255,0.970612
0.991749,0.0021481,0.994175
0.990453,0.00175328,0.992492
0.978258,0.00177097,0.980333
0.96236,0.0018672,0.964498
0.964783,0.00200734,0.96706
0.97721,0.00203687,0.979516
1.0262,0.00206352,1.02854
0.987806,0.00187922,0.989954
0.980571,0.00170582,0.982559
1.0242,0.00190714,1.02638
0.96261,0.00212218,0.965004
0.994139,0.0022184,0.996633
0.96546,0.00212339,0.967853
0.967365,0.00201011,0.969646
0.976575,0.0021643,0.979009
1.01099,0.00218845,1.01347
0.988536,0.00178073,0.990621
0.961237,0.00186433,0.963387
0.967146,0.00164279,0.969053
0.960945,0.00214462,0.963366
0.979074,0.00187294,0.981239
25 threads per task
0.988852,0.00197315,0.991102
0.968717,0.00184529,0.970836
0.982484,0.00220997,0.984978
1.00111,0.00178342,1.00319
0.966442,0.00195712,0.968679
1.00721,0.00182904,1.00933
1.00881,0.0021888,1.01126
0.967579,0.00214244,0.969995
0.961366,0.00138511,0.963017
0.989083,0.00183548,0.991212
0.966954,0.00221802,0.969446
1.00796,0.00205327,1.01029
0.989151,0.00207917,0.991501
1.00282,0.00182364,1.00494
1.00893,0.00225541,1.01147
0.967722,0.0020647,0.970057
0.984606,0.0019312,0.986826
0.985702,0.00217338,0.988149
0.992088,0.00183927,0.994223
0.987386,0.00218817,0.989843
0.964212,0.00213239,0.966615
0.984265,0.00181364,0.986368
1.01861,0.00223405,1.02112
0.976388,0.00186718,0.978525
1.01393,0.00203504,1.01624
0.971277,0.00187577,0.973438
0.97928,0.00195014,0.9815
0.97951,0.0020625,0.981841
0.965001,0.0019723,0.967254
0.963701,0.00180778,0.965816
0.978859,0.00247304,0.98165
1.03272,0.00191197,1.03491
0.966408,0.00208295,0.96876
0.993297,0.00184276,0.995436
0.986383,0.00206553,0.988719
0.981949,0.00189495,0.984117
0.963648,0.00227749,0.966198
0.960616,0.00183077,0.96273
0.967309,0.00145792,0.969042
0.991305,0.00196201,0.993541
1.00862,0.00123068,1.01015
0.990866,0.0018594,0.992997
1.00258,0.00195344,1.00481
1.01208,0.00191924,1.01426
0.968885,0.00192313,0.971081
0.988506,0.00216439,0.99094
0.962458,0.00220631,0.96494
0.980004,0.00194389,0.982218
0.98536,0.00200261,0.987635
1.02259,0.00192717,1.02482
26 threads per task
0.979956,0.00230892,0.982535
0.980238,0.00195926,0.982474
1.01049,0.00205201,1.01281
1.00682,0.0019847,1.00911
0.95944,0.00232152,0.962035
0.980827,0.0018089,0.982909
0.962335,0.00215404,0.964761
0.968611,0.00228736,0.971174
0.997034,0.0016062,0.998936
1.00238,0.00159891,1.00427
0.974992,0.00152501,0.9768
1.02689,0.00196997,1.02913
0.983099,0.00148228,0.984858
0.974777,0.00192317,0.97697
0.970276,0.00227767,0.972835
0.972526,0.00197333,0.974767
1.00153,0.00188508,1.00371
0.997598,0.00124892,0.999132
0.963321,0.0020135,0.965608
0.980041,0.00223325,0.982542
0.978747,0.00192927,0.980966
0.993179,0.00176628,0.995239
1.00782,0.00212295,1.01022
0.967406,0.00204083,0.969717
0.982027,0.00200452,0.984303
0.957222,0.00227493,0.95978
1.00524,0.00197052,1.0075
1.02276,0.00163672,1.02468
0.99777,0.00190871,0.999961
0.982448,0.00223226,0.984946
0.983532,0.00160083,0.985413
0.985178,0.00222675,0.987696
0.980766,0.00192161,0.982987
0.964776,0.00191567,0.966985
0.981424,0.00170067,0.983419
0.997519,0.00203802,0.999823
0.97535,0.00202902,0.977662
1.0221,0.00260132,1.02498
0.964167,0.00184838,0.966317
0.993692,0.00223934,0.996201
1.0152,0.0020216,1.01749
0.986865,0.00189003,0.989038
0.981734,0.0018686,0.983889
0.959671,0.00196945,0.961921
0.974359,0.00188797,0.976532
0.988918,0.0020084,0.991193
0.983504,0.00130748,0.985106
1.00947,0.00210015,1.01184
0.971586,0.00198423,0.973844
0.989988,0.00222528,0.992481
27 threads per task
0.971852,0.00195565,0.974084
0.989925,0.00188458,0.992106
0.956793,0.00208614,0.959147
0.95815,0.00195325,0.960384
1.00033,0.00206811,1.00269
0.98529,0.00200554,0.987595
0.969654,0.00234467,0.972275
0.969662,0.00193854,0.971884
0.957952,0.00203553,0.960253
0.982597,0.00204672,0.984926
1.00321,0.00214954,1.00564
0.988035,0.00169587,0.990016
0.979239,0.00200185,0.981518
0.987195,0.00194063,0.989422
0.961801,0.00207108,0.964153
1.0007,0.0019981,1.003
1.00995,0.00214468,1.01236
0.963381,0.0020246,0.96568
0.963914,0.00195497,0.96615
0.959725,0.00171789,0.961723
0.981697,0.00208995,0.984055
0.971043,0.0020002,0.973315
0.978907,0.00191681,0.981098
1.01682,0.00229284,1.01938
0.96017,0.00202461,0.962465
0.976116,0.00217372,0.978562
0.992007,0.00198189,0.994272
1.0243,0.00182622,1.02641
0.961091,0.00234266,0.963712
0.961801,0.00228854,0.964358
0.988923,0.00196987,0.991196
1.01312,0.00194847,1.01534
0.982505,0.00202771,0.984806
0.970512,0.00185461,0.972664
0.967327,0.00200163,0.969613
0.992285,0.00212607,0.994702
0.978293,0.00201537,0.980589
1.00079,0.00205912,1.00312
1.0095,0.00204948,1.01181
0.967015,0.0019917,0.969275
0.97678,0.00168937,0.978766
1.00557,0.00197002,1.00781
0.977956,0.00216393,0.980393
0.987483,0.00204536,0.989796
0.982646,0.00198938,0.984931
0.978199,0.00248314,0.98096
0.96827,0.00231264,0.970857
0.967573,0.00186882,0.969731
0.989775,0.00183069,0.991909
0.968755,0.00190797,0.970963
28 threads per task
0.981114,0.00130523,0.982721
0.981372,0.00206388,0.98371
0.977612,0.00170228,0.979603
0.969478,0.00183971,0.971605
0.981327,0.00211862,0.983716
0.987529,0.00200354,0.989828
0.958208,0.0021227,0.960611
1.00868,0.00191292,1.01086
0.967132,0.00220307,0.969603
0.989966,0.00241037,0.992649
0.986211,0.00212395,0.988606
0.995154,0.00198681,0.997432
1.00883,0.00207112,1.01118
0.964985,0.00198738,0.967263
1.02379,0.00197277,1.02605
1.01412,0.0016729,1.0161
0.979455,0.00169942,0.981419
0.984479,0.00247469,0.987227
1.00265,0.00198702,1.00491
0.988627,0.00189343,0.990812
0.98349,0.00225291,0.986013
1.01274,0.00210075,1.01513
1.00132,0.00202117,1.00362
1.01282,0.00208095,1.01518
0.978676,0.00206354,0.98101
0.960943,0.00203247,0.963257
0.96591,0.00186545,0.968048
0.992343,0.0021023,0.99472
0.996613,0.00119584,0.998083
0.98301,0.00241985,0.985703
0.994476,0.00218999,0.996941
0.965606,0.00204778,0.967937
0.984417,0.00175963,0.98645
1.00571,0.00223698,1.00823
0.991503,0.00201602,0.993798
0.969586,0.00200111,0.971869
0.961106,0.00205387,0.963429
0.96629,0.00220925,0.968794
1.05757,0.0018743,1.05972
1.02595,0.0021743,1.0284
0.972817,0.00212631,0.975215
1.01127,0.00215843,1.0137
0.956098,0.00203026,0.95841
0.974671,0.00213824,0.977081
1.00139,0.00208106,1.00374
0.979414,0.00205021,0.981732
0.996003,0.0013266,0.997603
1.00283,0.00203967,1.00514
1.00152,0.00175449,1.00355
0.999366,0.00164213,1.00128
29 threads per task
0.968454,0.00222528,0.970948
0.963899,0.00194406,0.966121
0.975601,0.00197772,0.977882
0.980489,0.00173514,0.982491
0.961381,0.00214515,0.963794
0.989185,0.00212168,0.991581
0.966815,0.00217809,0.969261
0.983939,0.00214237,0.986349
0.966167,0.00220998,0.96864
1.00627,0.00205726,1.0086
0.992902,0.00223717,0.995416
1.00591,0.00194809,1.00814
0.964076,0.00224457,0.966589
0.957476,0.00217963,0.959925
0.987461,0.00200517,0.989743
0.987872,0.00131711,0.989484
0.980799,0.00209273,0.983162
1.0604,0.00213107,1.0628
1.00201,0.00207628,1.00436
0.985841,0.00216289,0.988279
1.00871,0.0022309,1.01122
0.9981,0.00132806,0.999704
0.985122,0.00128199,0.986685
0.980507,0.00168215,0.982458
1.00219,0.00196336,1.00443
1.00783,0.00209197,1.01019
0.987871,0.00186579,0.990029
0.985756,0.00222298,0.988247
0.989299,0.00227578,0.991847
0.983223,0.00203786,0.985534
0.986539,0.00150745,0.988316
0.989968,0.00196827,0.992223
1.02034,0.002081,1.02271
0.998508,0.0014409,1.00022
0.960721,0.00211476,0.963105
0.965579,0.0020671,0.967913
0.96757,0.00209086,0.969932
0.975898,0.00150008,0.977671
1.01393,0.00241314,1.01661
0.969374,0.00229639,0.971943
0.992747,0.00159411,0.994612
0.993216,0.0017672,0.995254
0.97549,0.0024374,0.978194
0.962007,0.00209615,0.964374
1.01177,0.00181362,1.01388
1.01241,0.00144952,1.01414
0.994464,0.00223545,0.996967
0.963366,0.00217496,0.965807
0.98152,0.00240874,0.9842
0.981729,0.00208057,0.984092
30 threads per task
0.958013,0.00179667,0.960088
0.980034,0.00226254,0.982567
1.01945,0.00188237,1.02164
1.03957,0.00160579,1.04145
0.994483,0.00218362,0.996938
0.962484,0.00182801,0.964593
0.9755,0.00187973,0.977648
0.985255,0.00178337,0.987333
1.02166,0.00216906,1.02411
0.97136,0.00178119,0.973416
1.00893,0.00186908,1.01107
0.985422,0.00138011,0.987072
0.982888,0.00212251,0.985279
1.00564,0.00200211,1.00793
0.965897,0.00240825,0.968579
0.965841,0.00172164,0.967829
1.0009,0.00227794,1.00346
0.994468,0.00171705,0.996458
0.979966,0.00138748,0.981659
0.980816,0.00178513,0.98292
0.967492,0.00155008,0.969315
0.981794,0.00218523,0.984247
0.970845,0.00199311,0.973118
0.982132,0.00157536,0.98398
0.976351,0.00238115,0.979012
1.03279,0.00216735,1.03524
0.989755,0.00179632,0.991826
0.966835,0.00245269,0.969555
0.968691,0.0023838,0.971344
0.979453,0.00233871,0.982062
0.994796,0.00221559,0.997283
0.961649,0.00187472,0.963795
0.981055,0.00148392,0.982813
0.969636,0.0020639,0.971972
0.983714,0.00211949,0.986106
0.957854,0.00189092,0.960012
1.04947,0.00209517,1.05183
1.01286,0.00191019,1.01507
0.972052,0.00202878,0.974367
0.968803,0.00220639,0.971274
0.99493,0.00219581,0.997399
0.98052,0.0018555,0.982647
0.95954,0.00144551,0.96128
1.07057,0.00144557,1.07229
0.99055,0.00211601,0.992943
0.980057,0.00214823,0.982473
0.95758,0.0021617,0.96001
0.964063,0.00218302,0.966512
0.967953,0.00201911,0.970261
0.982293,0.00194303,0.98451
31 threads per task
0.964424,0.00206029,0.966767
0.975657,0.00162437,0.977569
0.979518,0.00222448,0.982012
1.0102,0.00233309,1.0128
0.977657,0.0021963,0.980124
0.966343,0.00164726,0.968265
0.96442,0.00141914,0.96612
0.980391,0.00228152,0.982948
0.98401,0.00210677,0.986409
1.00878,0.00161217,1.01067
0.966096,0.00227136,0.968642
0.979731,0.00177545,0.981805
0.987394,0.00204311,0.989714
1.01709,0.00217369,1.01954
0.987962,0.00171901,0.989983
0.988189,0.0022513,0.990718
0.967409,0.00142753,0.969116
0.980003,0.00223262,0.982511
1.02907,0.00185318,1.03119
0.969229,0.00196156,0.971479
0.980937,0.0021572,0.983361
0.977401,0.00195138,0.979657
0.980218,0.00170369,0.982188
1.00878,0.00218996,1.01125
0.964632,0.00234267,0.967258
0.983454,0.00205434,0.985801
0.98023,0.00200158,0.982503
0.968389,0.00162996,0.970295
0.988415,0.00157251,0.990268
0.977156,0.00227463,0.979701
1.0125,0.00177945,1.01458
0.966775,0.00152895,0.968585
0.967936,0.00219562,0.970412
1.01279,0.00250418,1.01556
1.01508,0.00170367,1.01707
1.00512,0.00216394,1.00755
1.02107,0.00159359,1.02294
0.968046,0.00165494,0.969969
1.00267,0.00150244,1.00446
0.969702,0.00207025,0.97206
0.975319,0.00210445,0.977704
1.01151,0.00215446,1.01393
1.00296,0.00196573,1.00522
0.973157,0.00176497,0.975198
0.978054,0.00219881,0.980528
0.963123,0.00226263,0.965653
0.981697,0.00204732,0.984024
0.966128,0.00228792,0.968695
0.968074,0.00221004,0.970564
0.978536,0.00202485,0.980826
32 threads per task
0.960273,0.00225743,0.962803
0.990907,0.0015695,0.992758
0.991625,0.00220909,0.994125
0.971716,0.00163846,0.97364
0.965534,0.0021473,0.967949
1.02418,0.00180735,1.02626
0.967683,0.00234582,0.970313
0.964033,0.00171107,0.966014
0.978094,0.00219013,0.980554
0.983749,0.00160022,0.985632
1.01123,0.00228737,1.01379
0.980011,0.00177975,0.982069
0.963679,0.00214922,0.966116
1.00494,0.00165542,1.00688
0.974247,0.00173598,0.97625
0.990334,0.00223328,0.992842
0.982649,0.00222657,0.985142
0.966359,0.0019563,0.968619
0.982091,0.00202234,0.984398
0.963448,0.00156763,0.965296
0.991185,0.00140319,0.992867
0.997764,0.00179412,0.999834
0.990463,0.0022902,0.99302
0.987633,0.00142056,0.989322
1.01629,0.00152854,1.0181
0.969626,0.00137995,0.971275
0.977053,0.00161263,0.978936
0.989599,0.00230445,0.992172
1.02068,0.00170548,1.02268
0.981881,0.00184187,0.984
0.967931,0.00200349,0.97022
0.985411,0.00184295,0.987526
1.004,0.00165921,1.00592
0.982906,0.00215835,0.985367
0.982797,0.00229003,0.985357
0.975099,0.00215137,0.977554
0.964727,0.00230965,0.967311
0.987344,0.00147269,0.989104
0.970538,0.0016965,0.972502
1.01039,0.00213334,1.01279
0.973856,0.00186744,0.975993
0.963704,0.00252492,0.966498
0.976287,0.00203298,0.978614
0.960475,0.00203465,0.9628
0.965177,0.00229586,0.967738
0.979308,0.00179559,0.981375
0.962478,0.00226125,0.965031
0.971904,0.00181332,0.973986
0.973717,0.00234686,0.976341
0.972166,0.00230988,0.974752
task end
