1 task per node
1 threads per task
0.963002,0.00264888,0.965913
0.963002,0.00273317,0.968991
0.963002,0.0026779,0.97192
0.963002,0.00267147,0.974826
0.963002,0.00266261,0.977721
0.963002,0.0026447,0.980595
0.963002,0.00266024,0.983501
0.963002,0.00264216,0.986385
0.963002,0.00266525,0.989291
0.963002,0.00265451,0.992185
0.963002,0.00268368,0.995107
0.963002,0.0026939,0.998038
0.963002,0.0026704,1.00095
0.963002,0.00267018,1.00386
0.963002,0.00265914,1.00675
0.963002,0.00264532,1.00962
0.963002,0.00262988,1.01249
0.963002,0.00263682,1.01537
0.963002,0.00264592,1.01825
0.963002,0.00268049,1.02117
0.963002,0.00267981,1.02408
0.963002,0.00265701,1.02698
0.963002,0.002634,1.02984
0.963002,0.0026352,1.03271
0.963002,0.00262582,1.03557
0.963002,0.00263622,1.03846
0.963002,0.00263992,1.04135
0.963002,0.00265589,1.04424
0.963002,0.00267426,1.04716
0.963002,0.00267613,1.05007
0.963002,0.00266637,1.05297
0.963002,0.00266701,1.05587
0.963002,0.00266003,1.05876
0.963002,0.00264124,1.06162
0.963002,0.00264231,1.0645
0.963002,0.0026321,1.06737
0.963002,0.00264186,1.07025
0.963002,0.00267442,1.07316
0.963002,0.0026751,1.07607
0.963002,0.00266348,1.07897
0.963002,0.00265316,1.08185
0.963002,0.00266167,1.08473
0.963002,0.00264401,1.0876
0.963002,0.00262852,1.09047
0.963002,0.00263456,1.09334
0.963002,0.00265733,1.09623
0.963002,0.00267789,1.09914
0.963002,0.00269089,1.10207
0.963002,0.00266553,1.10497
0.963002,0.00264066,1.10783
2 threads per task
0.954168,0.00186723,0.956328
0.954168,0.00180902,0.958502
0.954168,0.00178593,0.960567
0.954168,0.00176688,0.96261
0.954168,0.0017885,0.964662
0.954168,0.00178788,0.966711
0.954168,0.00176703,0.968736
0.954168,0.0018031,0.970798
0.954168,0.00178984,0.972855
0.954168,0.00173968,0.974852
0.954168,0.00177929,0.976888
0.954168,0.00176054,0.978905
0.954168,0.00173609,0.980897
0.954168,0.00177149,0.982924
0.954168,0.00175581,0.984935
0.954168,0.00173666,0.986925
0.954168,0.00177172,0.988951
0.954168,0.00175962,0.990965
0.954168,0.00173681,0.992956
0.954168,0.00177066,0.994981
0.954168,0.0017562,0.996992
0.954168,0.0017341,0.998979
0.954168,0.00175451,1.001
0.954168,0.00175265,1.00302
0.954168,0.00172663,1.005
0.954168,0.00174867,1.00703
0.954168,0.00174505,1.00903
0.954168,0.00172691,1.01101
0.954168,0.00175037,1.01303
0.954168,0.0017476,1.01504
0.954168,0.00172484,1.01701
0.954168,0.00175219,1.01903
0.954168,0.00174869,1.02104
0.954168,0.00172663,1.02302
0.954168,0.00175211,1.02504
0.954168,0.00174868,1.02705
0.954168,0.00172485,1.02902
0.954168,0.00174976,1.03104
0.954168,0.00175078,1.03305
0.954168,0.00172429,1.03503
0.954168,0.0017521,1.03706
0.954168,0.00174745,1.03906
0.954168,0.00175447,1.04107
0.954168,0.00174265,1.04309
0.954168,0.00174877,1.04509
0.954168,0.00172106,1.04707
0.954168,0.00174566,1.04908
0.954168,0.00174364,1.05108
0.954168,0.00172404,1.05306
0.954168,0.00174489,1.05508
3 threads per task
0.957036,0.00154999,0.958841
0.957036,0.0013864,0.960606
0.957036,0.00132555,0.962209
0.957036,0.00135059,0.963833
0.957036,0.00132101,0.965421
0.957036,0.00134377,0.967044
0.957036,0.00132043,0.968628
0.957036,0.00134193,0.970222
0.957036,0.00132767,0.971815
0.957036,0.00134162,0.973418
0.957036,0.00131519,0.975005
0.957036,0.00136774,0.976635
0.957036,0.00131491,0.978198
0.957036,0.00134398,0.979821
0.957036,0.00131652,0.981397
0.957036,0.00133139,0.983009
0.957036,0.00134468,0.984621
0.957036,0.00134637,0.986231
0.957036,0.00132083,0.987814
0.957036,0.00133869,0.989411
0.957036,0.00131385,0.990987
0.957036,0.00137533,0.992622
0.957036,0.00131724,0.994187
0.957036,0.0013448,0.995807
0.957036,0.00131388,0.997377
0.957036,0.00131485,0.99897
0.957036,0.0013441,1.00057
0.957036,0.00131551,1.00215
0.957036,0.00133626,1.00375
0.957036,0.00131641,1.00531
0.957036,0.00134059,1.00691
0.957036,0.00133948,1.00851
0.957036,0.00133811,1.01009
0.957036,0.00131426,1.01167
0.957036,0.00133613,1.01325
0.957036,0.00131722,1.01482
0.957036,0.00133468,1.01642
0.957036,0.00131346,1.01799
0.957036,0.00137192,1.01962
0.957036,0.0013132,1.02118
0.957036,0.00137306,1.02283
0.957036,0.00131301,1.0244
0.957036,0.00134739,1.026
0.957036,0.00134009,1.0276
0.957036,0.00134437,1.02919
0.957036,0.00135435,1.03081
0.957036,0.00131596,1.03238
0.957036,0.00131407,1.03397
0.957036,0.00134126,1.03557
0.957036,0.00131346,1.03714
4 threads per task
0.962587,0.00135178,0.964196
0.962587,0.00114945,0.965724
0.962587,0.00111497,0.96712
0.962587,0.00112412,0.968519
0.962587,0.00111408,0.969918
0.962587,0.00110877,0.971309
0.962587,0.00111622,0.972694
0.962587,0.00112571,0.9741
0.962587,0.00111576,0.975487
0.962587,0.00111395,0.97688
0.962587,0.00110394,0.978265
0.962587,0.00111648,0.979644
0.962587,0.00111092,0.981026
0.962587,0.00111456,0.982419
0.962587,0.0011117,0.983803
0.962587,0.00110856,0.985183
0.962587,0.00111848,0.986555
0.962587,0.00111126,0.987934
0.962587,0.00110225,0.989304
0.962587,0.00111379,0.990669
0.962587,0.00111505,0.992049
0.962587,0.00111408,0.99343
0.962587,0.00111445,0.994808
0.962587,0.00110912,0.996184
0.962587,0.00111456,0.997549
0.962587,0.00111348,0.998926
0.962587,0.00110116,1.0003
0.962587,0.00111333,1.00166
0.962587,0.00111103,1.00304
0.962587,0.00111293,1.00441
0.962587,0.00110848,1.00578
0.962587,0.00110769,1.00715
0.962587,0.00111745,1.00852
0.962587,0.00111225,1.0099
0.962587,0.00110197,1.01127
0.962587,0.0011126,1.01263
0.962587,0.00110925,1.014
0.962587,0.0010979,1.01537
0.962587,0.00110938,1.01672
0.962587,0.00108473,1.01807
0.962587,0.00111244,1.01945
0.962587,0.00111208,1.02083
0.962587,0.00111103,1.0222
0.962587,0.00111078,1.02356
0.962587,0.00110983,1.02493
0.962587,0.00109922,1.02629
0.962587,0.00111173,1.02765
0.962587,0.00111113,1.02903
0.962587,0.00109964,1.0304
0.962587,0.00111424,1.03178
5 threads per task
0.96552,0.00121389,0.96699
0.96552,0.00090807,0.968264
0.96552,0.000900268,0.969451
0.96552,0.000896223,0.970611
0.96552,0.000898857,0.971777
0.96552,0.00089357,0.972932
0.96552,0.000894667,0.974088
0.96552,0.000886586,0.975239
0.96552,0.000893331,0.976395
0.96552,0.000895026,0.977547
0.96552,0.000892583,0.978697
0.96552,0.000889215,0.979842
0.96552,0.000892284,0.980989
0.96552,0.000895979,0.982143
0.96552,0.000883028,0.983287
0.96552,0.000887871,0.984442
0.96552,0.000889136,0.985585
0.96552,0.000890157,0.986728
0.96552,0.000889308,0.987872
0.96552,0.000889466,0.989016
0.96552,0.000893856,0.990165
0.96552,0.000881842,0.991305
0.96552,0.00088737,0.992454
0.96552,0.000888848,0.993594
0.96552,0.000889492,0.994735
0.96552,0.000889826,0.995877
0.96552,0.00088874,0.997019
0.96552,0.000888437,0.99816
0.96552,0.000881757,0.999299
0.96552,0.000884602,1.00044
0.96552,0.000890204,1.00158
0.96552,0.000889149,1.00273
0.96552,0.00088625,1.00387
0.96552,0.000891981,1.00502
0.96552,0.000892261,1.00616
0.96552,0.000879368,1.0073
0.96552,0.000889445,1.00844
0.96552,0.000891724,1.00959
0.96552,0.000887956,1.01073
0.96552,0.00089171,1.01187
0.96552,0.000888884,1.01301
0.96552,0.000891562,1.01416
0.96552,0.000879497,1.01529
0.96552,0.000889046,1.01644
0.96552,0.000887745,1.01758
0.96552,0.000889336,1.01872
0.96552,0.000889227,1.01986
0.96552,0.000890323,1.021
0.96552,0.00089044,1.02214
0.96552,0.000881179,1.02328
6 threads per task
0.962001,0.00108735,0.963347
0.962001,0.000788991,0.964517
0.962001,0.000766094,0.965566
0.962001,0.000760431,0.966597
0.962001,0.000758189,0.967624
0.962001,0.000756958,0.968645
0.962001,0.000753589,0.969662
0.962001,0.00075209,0.970675
0.962001,0.000752717,0.97169
0.962001,0.000755683,0.972706
0.962001,0.000750708,0.973717
0.962001,0.000749132,0.974727
0.962001,0.000748443,0.975735
0.962001,0.000752051,0.976747
0.962001,0.000749337,0.977756
0.962001,0.000749083,0.978763
0.962001,0.000746841,0.979768
0.962001,0.000752589,0.980779
0.962001,0.00075038,0.981786
0.962001,0.000750315,0.982793
0.962001,0.000749085,0.983805
0.962001,0.000750026,0.984812
0.962001,0.000747661,0.985816
0.962001,0.000745713,0.986819
0.962001,0.00074594,0.987821
0.962001,0.000749609,0.988826
0.962001,0.000746412,0.989827
0.962001,0.000749054,0.990831
0.962001,0.000747908,0.991835
0.962001,0.000747827,0.992838
0.962001,0.00074831,0.993842
0.962001,0.000747558,0.994845
0.962001,0.000748368,0.995849
0.962001,0.000748238,0.996853
0.962001,0.000747104,0.997862
0.962001,0.000747854,0.998865
0.962001,0.000752944,0.999872
0.962001,0.00074955,1.00088
0.962001,0.000746712,1.00188
0.962001,0.000749959,1.00288
0.962001,0.000750403,1.00389
0.962001,0.000749073,1.00489
0.962001,0.000747805,1.0059
0.962001,0.000747384,1.0069
0.962001,0.000748491,1.0079
0.962001,0.000746683,1.0089
0.962001,0.000746659,1.0099
0.962001,0.000748416,1.0109
0.962001,0.000747059,1.01191
0.962001,0.000747715,1.01291
7 threads per task
0.953169,0.00104947,0.954479
0.953169,0.000708369,0.955552
0.953169,0.000679229,0.956508
0.953169,0.0006912,0.957468
0.953169,0.000671355,0.958409
0.953169,0.00066629,0.959339
0.953169,0.000667296,0.960268
0.953169,0.000666948,0.961205
0.953169,0.000654031,0.962121
0.953169,0.000658956,0.963046
0.953169,0.000657147,0.963968
0.953169,0.00066227,0.964895
0.953169,0.000665477,0.965821
0.953169,0.000663614,0.966744
0.953169,0.000670008,0.967674
0.953169,0.000667298,0.9686
0.953169,0.000665246,0.969524
0.953169,0.000665454,0.97045
0.953169,0.000666971,0.971375
0.953169,0.00066353,0.972297
0.953169,0.000661724,0.973216
0.953169,0.000659222,0.974133
0.953169,0.000659437,0.975053
0.953169,0.000651331,0.975967
0.953169,0.000659216,0.976889
0.953169,0.000661096,0.977807
0.953169,0.000665519,0.978731
0.953169,0.000665618,0.979654
0.953169,0.000662898,0.980574
0.953169,0.000661699,0.981492
0.953169,0.000665781,0.982415
0.953169,0.000658634,0.983328
0.953169,0.000665749,0.984264
0.953169,0.000657158,0.985177
0.953169,0.000658493,0.986092
0.953169,0.00065344,0.987008
0.953169,0.000656024,0.987925
0.953169,0.000657651,0.988843
0.953169,0.000661946,0.98976
0.953169,0.000666352,0.990683
0.953169,0.000662156,0.991602
0.953169,0.000663812,0.992525
0.953169,0.000664251,0.993445
0.953169,0.000661892,0.994361
0.953169,0.000657574,0.995273
0.953169,0.000656771,0.996184
0.953169,0.00065212,0.997092
0.953169,0.000655394,0.998006
0.953169,0.000656444,0.998922
0.953169,0.000651117,0.999834
8 threads per task
0.957531,0.00108539,0.958882
0.957531,0.000652358,0.959912
0.957531,0.000600529,0.960796
0.957531,0.000597282,0.961664
0.957531,0.000594897,0.962527
0.957531,0.00058244,0.963376
0.957531,0.000578984,0.964226
0.957531,0.000587171,0.965077
0.957531,0.000586951,0.965929
0.957531,0.000599477,0.966794
0.957531,0.000590941,0.967646
0.957531,0.000582018,0.968489
0.957531,0.000578028,0.969337
0.957531,0.000575956,0.970182
0.957531,0.000588757,0.971033
0.957531,0.000591631,0.971888
0.957531,0.000591776,0.972743
0.957531,0.000589351,0.973593
0.957531,0.00057936,0.974434
0.957531,0.000576389,0.975277
0.957531,0.000575474,0.976118
0.957531,0.000585829,0.976964
0.957531,0.000585705,0.97781
0.957531,0.000587572,0.978657
0.957531,0.000580701,0.979496
0.957531,0.000575181,0.980335
0.957531,0.000574544,0.981175
0.957531,0.000582393,0.98202
0.957531,0.000592424,0.982871
0.957531,0.000591422,0.983721
0.957531,0.000586398,0.984566
0.957531,0.000574961,0.9854
0.957531,0.000575035,0.98624
0.957531,0.000573381,0.987079
0.957531,0.000582651,0.98792
0.957531,0.00058838,0.98877
0.957531,0.000584825,0.989615
0.957531,0.000580182,0.990451
0.957531,0.000574403,0.991289
0.957531,0.000572197,0.992126
0.957531,0.00058665,0.99297
0.957531,0.000592398,0.99382
0.957531,0.000585036,0.994662
0.957531,0.000578485,0.995496
0.957531,0.000573161,0.996332
0.957531,0.000577344,0.997172
0.957531,0.000590524,0.998021
0.957531,0.000588964,0.998869
0.957531,0.00058644,0.999715
0.957531,0.000590175,1.00056
9 threads per task
0.954337,0.00123495,0.95583
0.954337,0.000705961,0.956911
0.954337,0.000604594,0.95781
0.954337,0.00060739,0.958704
0.954337,0.000707777,0.959719
0.954337,0.000729004,0.960715
0.954337,0.000541148,0.96153
0.954337,0.000703017,0.962517
0.954337,0.000665893,0.963458
0.954337,0.00088667,0.964612
0.954337,0.000583042,0.965463
0.954337,0.000844474,0.96659
0.954337,0.000551329,0.96742
0.954337,0.000540514,0.968222
0.954337,0.000773239,0.969252
0.954337,0.000886733,0.970396
0.954337,0.000825513,0.971491
0.954337,0.000761465,0.972528
0.954337,0.000874658,0.973674
0.954337,0.000775725,0.974735
0.954337,0.000749616,0.975762
0.954337,0.000746535,0.976784
0.954337,0.000737983,0.977781
0.954337,0.00065825,0.978699
0.954337,0.000618235,0.97958
0.954337,0.000547712,0.980389
0.954337,0.00077207,0.981444
0.954337,0.00104178,0.982756
0.954337,0.00102615,0.984044
0.954337,0.000664239,0.984967
0.954337,0.000890681,0.986128
0.954337,0.000583662,0.98698
0.954337,0.000894227,0.988144
0.954337,0.000613496,0.989024
0.954337,0.000590063,0.989882
0.954337,0.000746645,0.990892
0.954337,0.000673006,0.991824
0.954337,0.000704156,0.992798
0.954337,0.00065428,0.993715
0.954337,0.000773033,0.994748
0.954337,0.000755686,0.995802
0.954337,0.000621228,0.99668
0.954337,0.000813589,0.997749
0.954337,0.000779961,0.998784
0.954337,0.000548096,0.99959
0.954337,0.000941035,1.0013
0.954337,0.000720228,1.00229
0.954337,0.000786268,1.00334
0.954337,0.000875252,1.00449
0.954337,0.000575854,1.00534
10 threads per task
0.957618,0.00120957,0.959082
0.957618,0.000699824,0.960181
0.957618,0.000587526,0.96105
0.957618,0.000685404,0.962027
0.957618,0.000928245,0.963239
0.957618,0.00084936,0.964371
0.957618,0.000911266,0.965574
0.957618,0.000822835,0.966684
0.957618,0.000785589,0.96776
0.957618,0.000694768,0.968742
0.957618,0.000826905,0.969846
0.957618,0.000969619,0.9711
0.957618,0.000671298,0.972056
0.957618,0.000824636,0.973143
0.957618,0.000917803,0.974344
0.957618,0.000987942,0.975606
0.957618,0.000832157,0.97671
0.957618,0.000920103,0.977908
0.957618,0.000812999,0.978994
0.957618,0.000812205,0.980065
0.957618,0.000814442,0.981167
0.957618,0.000898575,0.982349
0.957618,0.000690828,0.983311
0.957618,0.000736522,0.984317
0.957618,0.000734394,0.985356
0.957618,0.000918699,0.986549
0.957618,0.00087041,0.987679
0.957618,0.000906927,0.988886
0.957618,0.000719734,0.98988
0.957618,0.000729875,0.990885
0.957618,0.000665477,0.991815
0.957618,0.000706293,0.992793
0.957618,0.000686227,0.993755
0.957618,0.000706056,0.994736
0.957618,0.000666006,0.995674
0.957618,0.000654708,0.996607
0.957618,0.000573642,0.997442
0.957618,0.000728316,0.998432
0.957618,0.000869733,0.999563
0.957618,0.000612487,1.00044
0.957618,0.00079714,1.00151
0.957618,0.000729183,1.00251
0.957618,0.00074255,1.00351
0.957618,0.00104048,1.00481
0.957618,0.00082418,1.00608
0.957618,0.000597763,1.00698
0.957618,0.000689251,1.00793
0.957618,0.000703712,1.0089
0.957618,0.000580161,1.00975
0.957618,0.000677546,1.0107
11 threads per task
0.968042,0.00126923,0.969567
0.968042,0.000928396,0.97087
0.968042,0.000677274,0.971832
0.968042,0.000750654,0.972874
0.968042,0.00091923,0.974089
0.968042,0.000867319,0.975241
0.968042,0.000673912,0.976199
0.968042,0.000682819,0.977161
0.968042,0.000606662,0.978056
0.968042,0.000746911,0.97909
0.968042,0.000703134,0.980079
0.968042,0.000806414,0.981185
0.968042,0.000875471,0.98234
0.968042,0.000728066,0.983337
0.968042,0.000617943,0.984218
0.968042,0.000666926,0.985175
0.968042,0.000626633,0.986068
0.968042,0.000698085,0.987051
0.968042,0.000618206,0.987935
0.968042,0.000661802,0.988867
0.968042,0.000850951,0.989984
0.968042,0.000855919,0.991128
0.968042,0.000639511,0.992032
0.968042,0.000672319,0.992977
0.968042,0.000755019,0.994001
0.968042,0.000648462,0.994912
0.968042,0.000615102,0.995791
0.968042,0.000776412,0.996836
0.968042,0.000614822,0.997708
0.968042,0.00065567,0.998631
0.968042,0.000664685,0.999563
0.968042,0.00089931,1.001
0.968042,0.000648466,1.00192
0.968042,0.00070166,1.00289
0.968042,0.000868224,1.00402
0.968042,0.000921576,1.0052
0.968042,0.000662121,1.00613
0.968042,0.000654968,1.00705
0.968042,0.000634686,1.00795
0.968042,0.000852637,1.00908
0.968042,0.000701169,1.01005
0.968042,0.000768952,1.01108
0.968042,0.000696408,1.01203
0.968042,0.000723511,1.01302
0.968042,0.000835467,1.01412
0.968042,0.000618934,1.015
0.968042,0.000670929,1.01593
0.968042,0.00085727,1.01707
0.968042,0.000717053,1.01806
0.968042,0.000616486,1.01895
12 threads per task
0.952953,0.00111562,0.954322
0.952953,0.000600696,0.955296
0.952953,0.000771221,0.956372
0.952953,0.000749595,0.957419
0.952953,0.000676354,0.958367
0.952953,0.000608452,0.959245
0.952953,0.000916639,0.960445
0.952953,0.000793352,0.96151
0.952953,0.000845836,0.962652
0.952953,0.00062055,0.963556
0.952953,0.000703352,0.964523
0.952953,0.000789153,0.965585
0.952953,0.00061829,0.966468
0.952953,0.000695136,0.967431
0.952953,0.000715347,0.968417
0.952953,0.000579596,0.969264
0.952953,0.000670571,0.970206
0.952953,0.00069097,0.971163
0.952953,0.000637114,0.972064
0.952953,0.000667333,0.973019
0.952953,0.000748757,0.974045
0.952953,0.000779836,0.975092
0.952953,0.000702421,0.976079
0.952953,0.000694929,0.977056
0.952953,0.000686807,0.978007
0.952953,0.000816095,0.979097
0.952953,0.000717113,0.98007
0.952953,0.000619457,0.980955
0.952953,0.000606881,0.981827
0.952953,0.000699204,0.982794
0.952953,0.000603501,0.983674
0.952953,0.000806246,0.984743
0.952953,0.000673601,0.985694
0.952953,0.000673705,0.986639
0.952953,0.000615119,0.987538
0.952953,0.000566008,0.988377
0.952953,0.000696906,0.989339
0.952953,0.000815141,0.990427
0.952953,0.000637216,0.991325
0.952953,0.000634783,0.992222
0.952953,0.000609398,0.993092
0.952953,0.000621255,0.99397
0.952953,0.000648124,0.994877
0.952953,0.000621489,0.995773
0.952953,0.000652768,0.996706
0.952953,0.000756626,0.997731
0.952953,0.000670261,0.998664
0.952953,0.000667504,0.999587
0.952953,0.000727802,1.00058
0.952953,0.000704566,1.00156
13 threads per task
1.01163,0.00112106,1.01301
1.01163,0.000777988,1.01417
1.01163,0.000593657,1.01506
1.01163,0.000719188,1.01606
1.01163,0.000628435,1.01696
1.01163,0.000611806,1.01786
1.01163,0.000715909,1.01884
1.01163,0.00070983,1.01982
1.01163,0.000814764,1.0209
1.01163,0.00053488,1.02169
1.01163,0.000651923,1.02264
1.01163,0.000845361,1.02376
1.01163,0.000732645,1.02477
1.01163,0.000699325,1.02576
1.01163,0.000628965,1.02666
1.01163,0.000572176,1.0275
1.01163,0.000553007,1.02831
1.01163,0.000702556,1.02929
1.01163,0.000716991,1.03027
1.01163,0.000717246,1.03125
1.01163,0.00061374,1.03215
1.01163,0.00063366,1.03306
1.01163,0.000729443,1.03407
1.01163,0.000584436,1.03493
1.01163,0.000575989,1.03577
1.01163,0.000665959,1.0367
1.01163,0.000759079,1.03772
1.01163,0.000597598,1.03858
1.01163,0.000730833,1.03957
1.01163,0.000633242,1.04047
1.01163,0.000566244,1.0413
1.01163,0.000727864,1.0423
1.01163,0.000573264,1.04313
1.01163,0.000635239,1.04403
1.01163,0.00065525,1.04496
1.01163,0.000572491,1.04579
1.01163,0.000586721,1.04664
1.01163,0.000562961,1.04747
1.01163,0.000562647,1.0483
1.01163,0.000550574,1.04911
1.01163,0.000545765,1.04992
1.01163,0.000545401,1.05072
1.01163,0.000571765,1.05155
1.01163,0.000671353,1.05248
1.01163,0.00063453,1.05338
1.01163,0.000576033,1.05421
1.01163,0.000657658,1.05514
1.01163,0.000621969,1.05603
1.01163,0.00057232,1.05686
1.01163,0.000589564,1.05771
14 threads per task
0.958896,0.00168576,0.960846
0.958896,0.000693846,0.961916
0.958896,0.000616921,0.962844
0.958896,0.000690057,0.963827
0.958896,0.000738473,0.964858
0.958896,0.00070898,0.965866
0.958896,0.000717299,0.966873
0.958896,0.000961187,0.968109
0.958896,0.00089424,0.969279
0.958896,0.000567044,0.970115
0.958896,0.00064003,0.971047
0.958896,0.000657978,0.971995
0.958896,0.00067818,0.972963
0.958896,0.000682527,0.973918
0.958896,0.000658599,0.974852
0.958896,0.000622973,0.975747
0.958896,0.000572822,0.976587
0.958896,0.000669286,0.977521
0.958896,0.000618048,0.97842
0.958896,0.000547039,0.979243
0.958896,0.000584284,0.980107
0.958896,0.000638539,0.981012
0.958896,0.000677212,0.981955
0.958896,0.000541502,0.982759
0.958896,0.000560063,0.983585
0.958896,0.000589417,0.984439
0.958896,0.000536806,0.985254
0.958896,0.000698261,0.98623
0.958896,0.000651563,0.987154
0.958896,0.000686918,0.988105
0.958896,0.000647319,0.989018
0.958896,0.000595592,0.989887
0.958896,0.000643779,0.990794
0.958896,0.000590086,0.991649
0.958896,0.000617797,0.992534
0.958896,0.00058826,0.99339
0.958896,0.000582077,0.99424
0.958896,0.000534771,0.99504
0.958896,0.000589805,0.9959
0.958896,0.000544119,0.99671
0.958896,0.000597844,0.997579
0.958896,0.000694561,0.998553
0.958896,0.000595247,0.999427
0.958896,0.000685195,1.00038
0.958896,0.000766871,1.00141
0.958896,0.000576452,1.00228
0.958896,0.000537212,1.0031
0.958896,0.000553397,1.00392
0.958896,0.000598727,1.00478
0.958896,0.000647851,1.00569
15 threads per task
0.975513,0.00135063,0.977132
0.975513,0.000649865,0.978143
0.975513,0.000674042,0.979116
0.975513,0.000598572,0.979998
0.975513,0.000583266,0.980863
0.975513,0.000645624,0.981799
0.975513,0.000616048,0.98268
0.975513,0.000621312,0.983585
0.975513,0.000657449,0.984518
0.975513,0.000586211,0.98538
0.975513,0.000675883,0.986347
0.975513,0.000658677,0.987279
0.975513,0.000559062,0.988111
0.975513,0.000601056,0.988978
0.975513,0.00066775,0.989932
0.975513,0.000539173,0.990738
0.975513,0.000543274,0.991551
0.975513,0.000635144,0.992443
0.975513,0.000546096,0.993243
0.975513,0.000655903,0.994173
0.975513,0.000649034,0.995088
0.975513,0.000564465,0.995907
0.975513,0.000566697,0.996742
0.975513,0.000564883,0.997575
0.975513,0.00114666,0.998992
0.975513,0.000701642,1.00009
0.975513,0.000582366,1.00096
0.975513,0.000599086,1.00182
0.975513,0.00063703,1.00272
0.975513,0.000554306,1.00354
0.975513,0.00070335,1.00451
0.975513,0.000561248,1.00533
0.975513,0.000574928,1.00616
0.975513,0.000574696,1.00701
0.975513,0.000555858,1.00782
0.975513,0.0006528,1.00875
0.975513,0.000555575,1.00957
0.975513,0.000519378,1.01035
0.975513,0.000600497,1.01122
0.975513,0.000581426,1.01206
0.975513,0.000662372,1.01299
0.975513,0.000563094,1.01382
0.975513,0.000555351,1.01463
0.975513,0.000582531,1.01548
0.975513,0.000580035,1.01631
0.975513,0.000580369,1.01715
0.975513,0.000563646,1.01797
0.975513,0.000565092,1.01879
0.975513,0.000563284,1.01962
0.975513,0.000556311,1.02044
16 threads per task
0.961568,0.00147031,0.963304
0.961568,0.000625103,0.964279
0.961568,0.000625392,0.965203
0.961568,0.000637796,0.966136
0.961568,0.000636528,0.967042
0.961568,0.00069245,0.968026
0.961568,0.000602734,0.968918
0.961568,0.000610243,0.969818
0.961568,0.000611853,0.970713
0.961568,0.000552692,0.971552
0.961568,0.000628409,0.972448
0.961568,0.000508185,0.97323
0.961568,0.000655824,0.97416
0.961568,0.000628954,0.975054
0.961568,0.000686628,0.976002
0.961568,0.000593365,0.976856
0.961568,0.000611627,0.977746
0.961568,0.000596954,0.978636
0.961568,0.000686546,0.97959
0.961568,0.000612836,0.980468
0.961568,0.000623513,0.981356
0.961568,0.000556165,0.98217
0.961568,0.000632393,0.983073
0.961568,0.000719986,0.984052
0.961568,0.000594861,0.984919
0.961568,0.00060378,0.985795
0.961568,0.000596772,0.986678
0.961568,0.000727528,0.987672
0.961568,0.000609942,0.988554
0.961568,0.000605995,0.989422
0.961568,0.000558163,0.990243
0.961568,0.000597911,0.991107
0.961568,0.000555266,0.991934
0.961568,0.00060665,0.992809
0.961568,0.000597982,0.993675
0.961568,0.000609013,0.994549
0.961568,0.000611966,0.995429
0.961568,0.000617204,0.996313
0.961568,0.000615857,0.997196
0.961568,0.000611075,0.998082
0.961568,0.000599382,0.998946
0.961568,0.000604794,0.999813
0.961568,0.000606252,1.00068
0.961568,0.00060152,1.00154
0.961568,0.000527747,1.00233
0.961568,0.000536702,1.00313
0.961568,0.000531899,1.00392
0.961568,0.00052869,1.00471
0.961568,0.000526077,1.0055
0.961568,0.000919597,1.00668
17 threads per task
0.957095,0.00162614,0.958972
0.957095,0.000685859,0.960029
0.957095,0.000862322,0.96121
0.957095,0.00059577,0.962088
0.957095,0.000634454,0.963023
0.957095,0.000664794,0.963973
0.957095,0.000713919,0.964988
0.957095,0.000580682,0.965859
0.957095,0.000607217,0.966751
0.957095,0.00074474,0.967782
0.957095,0.000700973,0.968759
0.957095,0.000599914,0.969628
0.957095,0.000576683,0.970468
0.957095,0.000647112,0.971389
0.957095,0.000722265,0.972373
0.957095,0.000709592,0.973338
0.957095,0.000713487,0.974321
0.957095,0.000644086,0.975238
0.957095,0.000675706,0.976178
0.957095,0.000630962,0.97708
0.957095,0.000890127,0.978239
0.957095,0.00070492,0.97921
0.957095,0.000597554,0.980078
0.957095,0.000743138,0.981099
0.957095,0.000597736,0.981965
0.957095,0.000628783,0.98286
0.957095,0.000596912,0.98372
0.957095,0.000528063,0.984517
0.957095,0.00068249,0.985465
0.957095,0.000638896,0.986387
0.957095,0.000586736,0.987233
0.957095,0.000589036,0.988082
0.957095,0.000592767,0.988939
0.957095,0.000631692,0.989834
0.957095,0.000643542,0.990736
0.957095,0.000615153,0.991618
0.957095,0.000628702,0.992514
0.957095,0.000597072,0.993382
0.957095,0.000588174,0.994241
0.957095,0.000580879,0.995091
0.957095,0.000583154,0.995936
0.957095,0.00057293,0.996775
0.957095,0.000596332,0.99764
0.957095,0.000593193,0.998502
0.957095,0.000650924,0.999414
0.957095,0.000584524,1.00027
0.957095,0.000580131,1.00111
0.957095,0.000607342,1.00199
0.957095,0.000592895,1.00286
0.957095,0.000594215,1.00374
18 threads per task
0.961017,0.00165263,0.962931
0.961017,0.000678786,0.963975
0.961017,0.000641367,0.964939
0.961017,0.000589097,0.965821
0.961017,0.000646163,0.966758
0.961017,0.000677072,0.967722
0.961017,0.000679339,0.96867
0.961017,0.000553387,0.969503
0.961017,0.000686124,0.970477
0.961017,0.00071698,0.971493
0.961017,0.000713714,0.972498
0.961017,0.00061326,0.973401
0.961017,0.000582753,0.974283
0.961017,0.000609236,0.975191
0.961017,0.000743551,0.976211
0.961017,0.00055832,0.977052
0.961017,0.000657461,0.977993
0.961017,0.000573608,0.978837
0.961017,0.000570305,0.979682
0.961017,0.000630814,0.980587
0.961017,0.000676728,0.981548
0.961017,0.000553986,0.982366
0.961017,0.00061468,0.983251
0.961017,0.00057586,0.984112
0.961017,0.000566444,0.984955
0.961017,0.00056643,0.985795
0.961017,0.000563974,0.986624
0.961017,0.000570088,0.987459
0.961017,0.000652528,0.988387
0.961017,0.000756708,0.989429
0.961017,0.000731829,0.990444
0.961017,0.000796767,0.991544
0.961017,0.000605778,0.992415
0.961017,0.000655017,0.993342
0.961017,0.000566415,0.994186
0.961017,0.000606729,0.995064
0.961017,0.000625884,0.995966
0.961017,0.000561466,0.9968
0.961017,0.000566361,0.997635
0.961017,0.000619132,0.998521
0.961017,0.000571494,0.999364
0.961017,0.000574864,1.00021
0.961017,0.00067227,1.00116
0.961017,0.000735612,1.0022
0.961017,0.000601375,1.00312
0.961017,0.000651284,1.00407
0.961017,0.000567111,1.00491
0.961017,0.000580956,1.00577
0.961017,0.000612281,1.00665
0.961017,0.00060279,1.00752
19 threads per task
0.967449,0.00167054,0.96938
0.967449,0.000626266,0.970357
0.967449,0.000588502,0.971244
0.967449,0.000529648,0.972051
0.967449,0.000622152,0.972939
0.967449,0.00064972,0.973866
0.967449,0.000684322,0.974835
0.967449,0.000683635,0.975787
0.967449,0.000659336,0.976714
0.967449,0.000694425,0.977681
0.967449,0.000637668,0.978582
0.967449,0.000606078,0.97945
0.967449,0.000564762,0.980287
0.967449,0.000623721,0.981176
0.967449,0.000613698,0.98205
0.967449,0.00054575,0.982862
0.967449,0.000760897,0.9839
0.967449,0.00052076,0.984737
0.967449,0.000623104,0.985631
0.967449,0.000619645,0.98653
0.967449,0.000664222,0.987471
0.967449,0.00063814,0.98837
0.967449,0.000587092,0.989229
0.967449,0.00061613,0.990118
0.967449,0.000626404,0.991014
0.967449,0.000640026,0.991929
0.967449,0.000563178,0.992757
0.967449,0.000525502,0.993553
0.967449,0.000649702,0.994465
0.967449,0.000603772,0.995329
0.967449,0.000563087,0.996186
0.967449,0.000635566,0.997085
0.967449,0.000626649,0.99798
0.967449,0.000634794,0.998884
0.967449,0.00063932,0.999792
0.967449,0.000603618,1.00066
0.967449,0.000642993,1.00157
0.967449,0.000642105,1.00248
0.967449,0.000633244,1.00337
0.967449,0.000620669,1.00427
0.967449,0.00053428,1.00506
0.967449,0.000601036,1.00592
0.967449,0.000569209,1.00676
0.967449,0.00117284,1.00848
0.967449,0.000910223,1.00967
0.967449,0.000668522,1.01061
0.967449,0.00057233,1.01149
0.967449,0.000633668,1.01238
0.967449,0.000613057,1.01326
0.967449,0.000566358,1.0141
20 threads per task
0.984107,0.00185328,0.986229
0.984107,0.000609651,0.9872
0.984107,0.00059309,0.988104
0.984107,0.000645936,0.989048
0.984107,0.000690126,0.99003
0.984107,0.000587382,0.990902
0.984107,0.000658066,0.991848
0.984107,0.000623587,0.992766
0.984107,0.000602421,0.993661
0.984107,0.000603138,0.994543
0.984107,0.000668393,0.995482
0.984107,0.000568541,0.996315
0.984107,0.00077803,0.997365
0.984107,0.000739998,0.998673
0.984107,0.000582434,0.999527
0.984107,0.000587696,1.00039
0.984107,0.000632472,1.00128
0.984107,0.000566984,1.00211
0.984107,0.00060395,1.003
0.984107,0.000576115,1.00384
0.984107,0.000632491,1.00475
0.984107,0.000554226,1.00558
0.984107,0.000691202,1.00654
0.984107,0.000640155,1.00744
0.984107,0.000725469,1.00843
0.984107,0.00060952,1.0093
0.984107,0.000554488,1.01013
0.984107,0.00063534,1.01104
0.984107,0.000573445,1.01188
0.984107,0.000574388,1.01273
0.984107,0.000550544,1.01356
0.984107,0.000556885,1.01437
0.984107,0.000523936,1.01516
0.984107,0.000498124,1.01592
0.984107,0.000572361,1.01676
0.984107,0.0005459,1.01758
0.984107,0.000571156,1.01842
0.984107,0.000599422,1.01928
0.984107,0.000734505,1.02028
0.984107,0.000521526,1.0211
0.984107,0.000569331,1.02194
0.984107,0.000516397,1.02271
0.984107,0.000549349,1.02354
0.984107,0.000730125,1.02453
0.984107,0.000700064,1.0255
0.984107,0.000567881,1.02634
0.984107,0.000576639,1.02718
0.984107,0.000553724,1.02801
0.984107,0.000722017,1.02899
0.984107,0.00056105,1.02982
21 threads per task
0.960596,0.00176567,0.962622
0.960596,0.000765644,0.963783
0.960596,0.000739936,0.964833
0.960596,0.000797415,0.965927
0.960596,0.000628146,0.966837
0.960596,0.000586973,0.967727
0.960596,0.000635298,0.96866
0.960596,0.00077834,0.96971
0.960596,0.000751533,0.970743
0.960596,0.00070824,0.971746
0.960596,0.000696759,0.972727
0.960596,0.000631117,0.973625
0.960596,0.000647456,0.974538
0.960596,0.000741811,0.975547
0.960596,0.00063088,0.976449
0.960596,0.000592936,0.977313
0.960596,0.000584017,0.97817
0.960596,0.000586032,0.979039
0.960596,0.000560043,0.979872
0.960596,0.000566578,0.980722
0.960596,0.00056913,0.981569
0.960596,0.000689164,0.982541
0.960596,0.000674256,0.983482
0.960596,0.000682667,0.984434
0.960596,0.000644186,0.98535
0.960596,0.000596022,0.986219
0.960596,0.000564433,0.987063
0.960596,0.000547045,0.987882
0.960596,0.000553821,0.988719
0.960596,0.000532301,0.989524
0.960596,0.000546982,0.990343
0.960596,0.000625032,0.991252
0.960596,0.000652413,0.992181
0.960596,0.000551713,0.992999
0.960596,0.000562335,0.993841
0.960596,0.000628273,0.994753
0.960596,0.00070198,0.995733
0.960596,0.00063223,0.996641
0.960596,0.000666034,0.997576
0.960596,0.000571826,0.998425
0.960596,0.000548448,0.999244
0.960596,0.000687984,1.00021
0.960596,0.000578402,1.00106
0.960596,0.000575282,1.0019
0.960596,0.000590137,1.00277
0.960596,0.000613368,1.00368
0.960596,0.000642769,1.00461
0.960596,0.000609678,1.00549
0.960596,0.000694754,1.00646
0.960596,0.000645529,1.00738
22 threads per task
0.963215,0.00187702,0.965374
0.963215,0.000634451,0.966351
0.963215,0.000599567,0.967252
0.963215,0.00059264,0.96812
0.963215,0.00056384,0.968977
0.963215,0.000503722,0.969757
0.963215,0.000586118,0.970609
0.963215,0.000657562,0.97153
0.963215,0.000658709,0.972462
0.963215,0.000696625,0.97343
0.963215,0.000608664,0.974312
0.963215,0.000589258,0.975163
0.963215,0.000618716,0.976053
0.963215,0.000576056,0.976902
0.963215,0.000605812,0.977791
0.963215,0.000591054,0.978652
0.963215,0.000694433,0.979616
0.963215,0.000584502,0.980465
0.963215,0.000634329,0.981363
0.963215,0.000537768,0.98216
0.963215,0.00067573,0.983097
0.963215,0.000725631,0.984085
0.963215,0.000566746,0.984917
0.963215,0.000654933,0.985839
0.963215,0.000601304,0.986715
0.963215,0.000556366,0.987531
0.963215,0.000677506,0.988476
0.963215,0.000588144,0.989334
0.963215,0.000649307,0.990248
0.963215,0.000669762,0.991174
0.963215,0.00053514,0.992001
0.963215,0.000545183,0.992814
0.963215,0.000584506,0.993665
0.963215,0.000623382,0.994556
0.963215,0.000516525,0.995331
0.963215,0.000700796,0.996295
0.963215,0.000673819,0.997229
0.963215,0.000571421,0.998056
0.963215,0.000599585,0.998922
0.963215,0.000600318,0.999791
0.963215,0.000647916,1.0007
0.963215,0.000683852,1.00165
0.963215,0.000515316,1.00242
0.963215,0.000512958,1.0032
0.963215,0.000616722,1.00408
0.963215,0.00061406,1.00495
0.963215,0.000595984,1.00581
0.963215,0.000565939,1.00665
0.963215,0.000563548,1.00747
0.963215,0.000622613,1.00837
23 threads per task
0.967112,0.0019209,0.969293
0.967112,0.000745516,0.970404
0.967112,0.000672147,0.971376
0.967112,0.000698187,0.972345
0.967112,0.000712682,0.973354
0.967112,0.000705528,0.974335
0.967112,0.000669397,0.975301
0.967112,0.000700873,0.976295
0.967112,0.00064969,0.977234
0.967112,0.000715735,0.978253
0.967112,0.000718072,0.979257
0.967112,0.00061294,0.980145
0.967112,0.000718906,0.981131
0.967112,0.000726691,0.982123
0.967112,0.000619778,0.983008
0.967112,0.000578746,0.983849
0.967112,0.000511542,0.984626
0.967112,0.000668512,0.985566
0.967112,0.000613295,0.986463
0.967112,0.000676517,0.987407
0.967112,0.000720865,0.988389
0.967112,0.00050514,0.989161
0.967112,0.000654903,0.990085
0.967112,0.000692636,0.991043
0.967112,0.000598424,0.991903
0.967112,0.000630385,0.992791
0.967112,0.000588264,0.993655
0.967112,0.000564365,0.994489
0.967112,0.000653489,0.995411
0.967112,0.000606413,0.996291
0.967112,0.000606169,0.997163
0.967112,0.000597907,0.998023
0.967112,0.000570712,0.998868
0.967112,0.000703115,0.999838
0.967112,0.000592045,1.0007
0.967112,0.000582726,1.00155
0.967112,0.000563898,1.00239
0.967112,0.000652551,1.00331
0.967112,0.00061151,1.00419
0.967112,0.000680437,1.00513
0.967112,0.000565045,1.00596
0.967112,0.000624293,1.00685
0.967112,0.000575114,1.00769
0.967112,0.000630191,1.00859
0.967112,0.000522908,1.00939
0.967112,0.000618372,1.01028
0.967112,0.000681791,1.01122
0.967112,0.000673524,1.01216
0.967112,0.000618408,1.01304
0.967112,0.000775237,1.01409
24 threads per task
0.971919,0.00221293,0.974396
0.971919,0.000707949,0.975449
0.971919,0.000718106,0.976469
0.971919,0.000666464,0.977413
0.971919,0.000699872,0.978387
0.971919,0.000574116,0.979231
0.971919,0.000578782,0.980076
0.971919,0.000570879,0.980914
0.971919,0.000576665,0.981766
0.971919,0.00057208,0.982622
0.971919,0.000610441,0.983506
0.971919,0.000615623,0.984397
0.971919,0.0006379,0.985304
0.971919,0.000592601,0.986161
0.971919,0.000627361,0.987056
0.971919,0.000575773,0.987893
0.971919,0.000581224,0.988739
0.971919,0.000582648,0.989592
0.971919,0.000556602,0.990419
0.971919,0.000675555,0.991358
0.971919,0.000576627,0.992217
0.971919,0.000617312,0.9931
0.971919,0.000632673,0.993995
0.971919,0.000562458,0.994821
0.971919,0.000612958,0.995713
0.971919,0.000520411,0.996506
0.971919,0.000596736,0.99737
0.971919,0.000500838,0.998137
0.971919,0.000634141,0.999033
0.971919,0.000570171,0.999861
0.971919,0.000484319,1.0006
0.971919,0.000541224,1.00141
0.971919,0.000627653,1.0023
0.971919,0.000595516,1.00316
0.971919,0.000624932,1.00405
0.971919,0.000653334,1.00497
0.971919,0.000642112,1.00588
0.971919,0.000642545,1.00679
0.971919,0.000724757,1.00835
0.971919,0.00068015,1.0093
0.971919,0.000635457,1.01021
0.971919,0.0005924,1.01108
0.971919,0.000583639,1.01193
0.971919,0.000568593,1.01276
0.971919,0.000598455,1.01362
0.971919,0.000542561,1.01443
0.971919,0.00056274,1.01526
0.971919,0.000576648,1.0161
0.971919,0.000633805,1.01699
0.971919,0.00052975,1.01778
25 threads per task
0.963142,0.00189227,0.965294
0.963142,0.000681604,0.966357
0.963142,0.000633649,0.967286
0.963142,0.000624032,0.9682
0.963142,0.00068416,0.9692
0.963142,0.000719465,0.970226
0.963142,0.000668542,0.971181
0.963142,0.000658546,0.972099
0.963142,0.000690364,0.973053
0.963142,0.000617457,0.973939
0.963142,0.000595135,0.974813
0.963142,0.000596572,0.975684
0.963142,0.000647285,0.976605
0.963142,0.000676031,0.977584
0.963142,0.000661124,0.978516
0.963142,0.000609298,0.979393
0.963142,0.000623818,0.980285
0.963142,0.000663733,0.981212
0.963142,0.00066264,0.982136
0.963142,0.000795175,0.983199
0.963142,0.00063364,0.984114
0.963142,0.000595058,0.984972
0.963142,0.00059438,0.98583
0.963142,0.000610023,0.98671
0.963142,0.000625952,0.987605
0.963142,0.000597799,0.988467
0.963142,0.000549836,0.98928
0.963142,0.0006117,0.990169
0.963142,0.000582039,0.991011
0.963142,0.000586182,0.991861
0.963142,0.000604892,0.99274
0.963142,0.000561268,0.993566
0.963142,0.000531586,0.99436
0.963142,0.000655998,0.995283
0.963142,0.000589795,0.996148
0.963142,0.000640768,0.997085
0.963142,0.000652104,0.998002
0.963142,0.000569845,0.998836
0.963142,0.000589211,0.999694
0.963142,0.000625492,1.00058
0.963142,0.000671987,1.00151
0.963142,0.000558946,1.00233
0.963142,0.00061411,1.00322
0.963142,0.000560631,1.00404
0.963142,0.000547873,1.00484
0.963142,0.000556716,1.00567
0.963142,0.00061591,1.00655
0.963142,0.000565883,1.00737
0.963142,0.000546047,1.00819
0.963142,0.00064501,1.00909
26 threads per task
0.952229,0.00222546,0.95471
0.952229,0.000720211,0.955781
0.952229,0.000686104,0.956753
0.952229,0.000686917,0.957731
0.952229,0.000791976,0.95879
0.952229,0.000702137,0.959785
0.952229,0.000694914,0.960743
0.952229,0.000645314,0.961659
0.952229,0.000598241,0.962514
0.952229,0.000601752,0.96338
0.952229,0.000576301,0.964249
0.952229,0.000656838,0.965178
0.952229,0.000608446,0.966078
0.952229,0.000688497,0.967029
0.952229,0.00065824,0.967956
0.952229,0.000702337,0.968925
0.952229,0.0006691,0.969856
0.952229,0.000655168,0.970781
0.952229,0.000649264,0.971689
0.952229,0.000699244,0.972648
0.952229,0.000637346,0.973558
0.952229,0.000611377,0.974444
0.952229,0.000571618,0.975279
0.952229,0.000582977,0.976131
0.952229,0.000634614,0.977059
0.952229,0.000656229,0.977976
0.952229,0.000622587,0.978865
0.952229,0.000681724,0.979819
0.952229,0.000597221,0.980676
0.952229,0.000572286,0.981515
0.952229,0.000588168,0.982364
0.952229,0.000573062,0.983195
0.952229,0.000592048,0.984051
0.952229,0.000718626,0.985033
0.952229,0.000614177,0.985935
0.952229,0.000570496,0.98677
0.952229,0.000568367,0.987604
0.952229,0.000582997,0.98845
0.952229,0.000650737,0.989363
0.952229,0.000562252,0.990195
0.952229,0.000577445,0.991035
0.952229,0.000580409,0.991877
0.952229,0.000593276,0.992747
0.952229,0.000583731,0.993592
0.952229,0.000619393,0.9945
0.952229,0.000661608,0.995432
0.952229,0.000588687,0.99628
0.952229,0.000632238,0.997206
0.952229,0.000605896,0.998074
0.952229,0.000606959,0.998941
27 threads per task
0.95903,0.00225105,0.961562
0.95903,0.000832225,0.962773
0.95903,0.000721141,0.963798
0.95903,0.000696992,0.964807
0.95903,0.000653702,0.965751
0.95903,0.000617049,0.966668
0.95903,0.000686557,0.967639
0.95903,0.000670174,0.96859
0.95903,0.000711055,0.96958
0.95903,0.000651347,0.970502
0.95903,0.000664569,0.971448
0.95903,0.000588921,0.972312
0.95903,0.000633858,0.973222
0.95903,0.000685224,0.974187
0.95903,0.000578735,0.975046
0.95903,0.000624046,0.975946
0.95903,0.000752684,0.976972
0.95903,0.000606497,0.977853
0.95903,0.000877473,0.97903
0.95903,0.000734251,0.980035
0.95903,0.000807891,0.981104
0.95903,0.000765321,0.98216
0.95903,0.000812151,0.983279
0.95903,0.000701653,0.984272
0.95903,0.000673246,0.985224
0.95903,0.000848494,0.98634
0.95903,0.00071368,0.987338
0.95903,0.000803731,0.988435
0.95903,0.000612777,0.989317
0.95903,0.000687188,0.990281
0.95903,0.000628537,0.991183
0.95903,0.000806975,0.992258
0.95903,0.000655997,0.99319
0.95903,0.000691221,0.994142
0.95903,0.000709943,0.995118
0.95903,0.000690535,0.996082
0.95903,0.000612836,0.996991
0.95903,0.000736281,0.997998
0.95903,0.00065588,0.998922
0.95903,0.000653729,0.999849
0.95903,0.000712768,1.00083
0.95903,0.000685127,1.00178
0.95903,0.000701356,1.00279
0.95903,0.000745591,1.0038
0.95903,0.000679312,1.00474
0.95903,0.00072225,1.00573
0.95903,0.00061619,1.00662
0.95903,0.000568807,1.00747
0.95903,0.000651059,1.00839
0.95903,0.000579394,1.00923
28 threads per task
0.965824,0.00221801,0.968302
0.965824,0.00067917,0.969336
0.965824,0.000647618,0.97029
0.965824,0.00065317,0.971211
0.965824,0.000692076,0.972169
0.965824,0.000859477,0.973296
0.965824,0.000784871,0.974355
0.965824,0.000649678,0.975274
0.965824,0.000679029,0.976239
0.965824,0.000699939,0.977234
0.965824,0.000732766,0.978236
0.965824,0.000681473,0.979177
0.965824,0.000708325,0.980154
0.965824,0.000628605,0.981047
0.965824,0.000602572,0.981944
0.965824,0.000617643,0.982843
0.965824,0.000676246,0.983785
0.965824,0.000588435,0.984636
0.965824,0.000668714,0.985568
0.965824,0.000557386,0.986389
0.965824,0.000668445,0.987333
0.965824,0.000631384,0.988227
0.965824,0.000569628,0.989055
0.965824,0.000546702,0.989859
0.965824,0.00057496,0.990691
0.965824,0.000556822,0.991503
0.965824,0.000565665,0.992335
0.965824,0.000561422,0.993156
0.965824,0.000599437,0.994025
0.965824,0.000756805,0.995043
0.965824,0.000667,0.995978
0.965824,0.000598358,0.996846
0.965824,0.000569543,0.997681
0.965824,0.000530065,0.998467
0.965824,0.000624687,0.999354
0.965824,0.000545513,1.00016
0.965824,0.000565458,1.00099
0.965824,0.000570306,1.00185
0.965824,0.000535619,1.00265
0.965824,0.000593993,1.0035
0.965824,0.000567761,1.00433
0.965824,0.000545663,1.00514
0.965824,0.000575245,1.00601
0.965824,0.000622788,1.00689
0.965824,0.000721067,1.00787
0.965824,0.000673104,1.0088
0.965824,0.000635762,1.00969
0.965824,0.000719178,1.01068
0.965824,0.000651439,1.01158
0.965824,0.000724679,1.01257
29 threads per task
0.972938,0.00204323,0.975254
0.972938,0.000653251,0.976252
0.972938,0.000644529,0.977205
0.972938,0.000637176,0.978132
0.972938,0.000709353,0.97914
0.972938,0.000686361,0.980096
0.972938,0.000652821,0.981025
0.972938,0.000665358,0.981972
0.972938,0.000683966,0.982949
0.972938,0.000717394,0.983938
0.972938,0.000728186,0.984929
0.972938,0.000664702,0.985859
0.972938,0.00064835,0.986775
0.972938,0.000651848,0.987717
0.972938,0.000732301,0.98874
0.972938,0.000533897,0.989551
0.972938,0.000538608,0.990357
0.972938,0.00053117,0.991165
0.972938,0.000577356,0.992018
0.972938,0.000572552,0.992863
0.972938,0.000675058,0.993806
0.972938,0.000599814,0.994671
0.972938,0.000580358,0.995516
0.972938,0.000575222,0.996354
0.972938,0.000569714,0.997189
0.972938,0.000525058,0.997979
0.972938,0.00056583,0.998822
0.972938,0.000511094,0.999605
0.972938,0.000535256,1.00041
0.972938,0.000610656,1.00129
0.972938,0.000526108,1.00208
0.972938,0.000628738,1.00298
0.972938,0.000702344,1.00395
0.972938,0.000515948,1.00474
0.972938,0.00059709,1.0056
0.972938,0.000562474,1.00642
0.972938,0.00062341,1.00731
0.972938,0.000631738,1.0082
0.972938,0.000667911,1.00913
0.972938,0.000612915,1.01005
0.972938,0.000813976,1.01167
0.972938,0.00060256,1.01255
0.972938,0.000543258,1.01336
0.972938,0.000548092,1.01417
0.972938,0.00059705,1.01503
0.972938,0.000551364,1.01585
0.972938,0.000576708,1.01669
0.972938,0.000667367,1.01765
0.972938,0.000672943,1.01859
0.972938,0.000671919,1.01953
30 threads per task
0.955251,0.0022457,0.957763
0.955251,0.000579666,0.958694
0.955251,0.000611062,0.959606
0.955251,0.000549509,0.960428
0.955251,0.000545516,0.96124
0.955251,0.000662019,0.962168
0.955251,0.000651379,0.963078
0.955251,0.000645246,0.96398
0.955251,0.000673812,0.96492
0.955251,0.000714694,0.965896
0.955251,0.000647949,0.966797
0.955251,0.000670957,0.967744
0.955251,0.000776323,0.968803
0.955251,0.000657947,0.969732
0.955251,0.000790564,0.970781
0.955251,0.000631812,0.971667
0.955251,0.00066005,0.972584
0.955251,0.000680431,0.973519
0.955251,0.000678416,0.974454
0.955251,0.000608527,0.975328
0.955251,0.000658068,0.976255
0.955251,0.000625821,0.977151
0.955251,0.000634433,0.978054
0.955251,0.000647441,0.978962
0.955251,0.000576698,0.979793
0.955251,0.000586974,0.980647
0.955251,0.000581046,0.98149
0.955251,0.000577419,0.982335
0.955251,0.000591286,0.983183
0.955251,0.000636707,0.98408
0.955251,0.0006466,0.984979
0.955251,0.000745376,0.98598
0.955251,0.000633318,0.986863
0.955251,0.000601007,0.987714
0.955251,0.000650149,0.988621
0.955251,0.000698019,0.989573
0.955251,0.000740983,0.990566
0.955251,0.000642307,0.991458
0.955251,0.000691588,0.992405
0.955251,0.000606665,0.993269
0.955251,0.0005472,0.994067
0.955251,0.000599299,0.994955
0.955251,0.000529659,0.995739
0.955251,0.000597769,0.996595
0.955251,0.000582165,0.997431
0.955251,0.000598418,0.998295
0.955251,0.000526071,0.999077
0.955251,0.000552849,0.999885
0.955251,0.000596502,1.00075
0.955251,0.000659109,1.00166
31 threads per task
0.959922,0.00223948,0.962418
0.959922,0.000646844,0.963413
0.959922,0.000582578,0.964298
0.959922,0.000590386,0.965163
0.959922,0.000572124,0.966005
0.959922,0.000599153,0.966874
0.959922,0.000522801,0.967669
0.959922,0.000648868,0.968579
0.959922,0.000601601,0.96946
0.959922,0.000726903,0.970469
0.959922,0.000754407,0.971494
0.959922,0.000659491,0.972423
0.959922,0.000743673,0.97343
0.959922,0.000631067,0.974319
0.959922,0.000663806,0.975255
0.959922,0.000568205,0.97609
0.959922,0.000608427,0.976962
0.959922,0.000703982,0.977927
0.959922,0.000676958,0.978865
0.959922,0.000631497,0.979765
0.959922,0.000612448,0.980641
0.959922,0.000585548,0.981494
0.959922,0.000646968,0.982408
0.959922,0.00062614,0.983309
0.959922,0.000685153,0.984255
0.959922,0.000608643,0.985138
0.959922,0.000602614,0.986006
0.959922,0.000740022,0.987012
0.959922,0.0006467,0.987928
0.959922,0.000635,0.988825
0.959922,0.000547107,0.989636
0.959922,0.000607985,0.990515
0.959922,0.000573973,0.991353
0.959922,0.000645214,0.992259
0.959922,0.000629438,0.993151
0.959922,0.000637017,0.994049
0.959922,0.000609322,0.99492
0.959922,0.000584712,0.995765
0.959922,0.000573578,0.996608
0.959922,0.000551452,0.997421
0.959922,0.000599616,0.998283
0.959922,0.000633752,0.999177
0.959922,0.000606836,1.00004
0.959922,0.000636393,1.00094
0.959922,0.000600832,1.0018
0.959922,0.000638036,1.0027
0.959922,0.00058164,1.00354
0.959922,0.000629765,1.00443
0.959922,0.000643942,1.00534
0.959922,0.000589035,1.00618
32 threads per task
0.976355,0.00176987,0.978379
0.976355,0.000649415,0.979387
0.976355,0.000597792,0.98028
0.976355,0.000609582,0.981162
0.976355,0.000665278,0.982106
0.976355,0.000595753,0.982977
0.976355,0.000781153,0.984033
0.976355,0.00065644,0.984953
0.976355,0.000657439,0.985887
0.976355,0.00061256,0.986807
0.976355,0.000604615,0.987682
0.976355,0.000652525,0.988594
0.976355,0.000638665,0.98949
0.976355,0.00059796,0.990347
0.976355,0.00060877,0.991219
0.976355,0.000588688,0.99207
0.976355,0.000536632,0.992869
0.976355,0.000565581,0.993709
0.976355,0.000707258,0.99468
0.976355,0.000729395,0.995668
0.976355,0.000646551,0.996575
0.976355,0.000640164,0.997485
0.976355,0.000594684,0.998342
0.976355,0.000603091,0.999206
0.976355,0.000622188,1.00009
0.976355,0.000620758,1.00097
0.976355,0.000615954,1.00184
0.976355,0.000605631,1.00271
0.976355,0.00061443,1.00359
0.976355,0.00070297,1.00456
0.976355,0.000636323,1.00547
0.976355,0.000576293,1.0063
0.976355,0.000807873,1.00737
0.976355,0.000670786,1.00851
0.976355,0.000572255,1.00935
0.976355,0.000601384,1.01021
0.976355,0.000572586,1.01105
0.976355,0.00056576,1.01187
0.976355,0.000605283,1.01274
0.976355,0.000629733,1.01364
0.976355,0.000667384,1.01457
0.976355,0.000593926,1.01543
0.976355,0.000593541,1.01629
0.976355,0.000593043,1.01714
0.976355,0.000718895,1.01812
0.976355,0.000712433,1.0191
0.976355,0.000586362,1.01994
0.976355,0.000660005,1.02087
0.976355,0.000635792,1.02177
0.976355,0.000604754,1.02264
task end
