1 task per node
1 threads per task
8.38415,0.00854288,8.39316
3.94649,0.00806851,3.95496
3.95356,0.00814692,3.96217
3.85682,0.00806605,3.86534
3.99028,0.00853884,3.9992
3.94336,0.00818303,3.952
3.85298,0.00814896,3.86158
3.98428,0.00817547,3.99279
3.87203,0.00814903,3.88057
3.87211,0.00806809,3.88057
3.98458,0.00805648,3.99299
3.93899,0.00817428,3.94763
3.82581,0.00805861,3.83432
3.90749,0.00805605,3.91591
3.91882,0.00814896,3.92745
3.91366,0.00815792,3.92227
3.83548,0.00805416,3.84399
3.88475,0.0080895,3.89328
3.91318,0.00806195,3.92165
3.9012,0.00809601,3.90975
3.89163,0.00812634,3.90015
3.9477,0.0080676,3.95622
4.38551,0.00843068,4.3944
3.87154,0.0081289,3.88002
3.90695,0.00819971,3.91559
3.97481,0.00818895,3.98336
3.9025,0.00807157,3.911
3.90859,0.00819823,3.91724
3.95021,0.00809324,3.95867
3.91639,0.00806539,3.92481
3.94771,0.00806913,3.95615
3.91087,0.00814288,3.9194
3.86265,0.00818474,3.87118
3.84953,0.00806153,3.85803
3.95672,0.00807062,3.96525
3.9401,0.00812162,3.94873
3.91651,0.00813133,3.92507
3.98197,0.00809117,3.99052
3.98898,0.00845957,3.99788
3.87093,0.00804961,3.87934
3.9937,0.00863828,4.00286
3.89606,0.00806893,3.90457
3.93948,0.00809918,3.94791
3.92833,0.00806276,3.93674
3.94293,0.00806371,3.95143
4.00009,0.00847045,4.00904
4.02078,0.00831323,4.02946
3.88544,0.00808328,3.89398
3.8722,0.00826484,3.88083
3.85598,0.00807898,3.86451
4.04518,0.00859246,4.05422
2 threads per task
3.96773,0.00435364,3.97251
3.97332,0.00437705,3.97814
3.89823,0.00436513,3.90303
3.98443,0.00435863,3.98917
3.98216,0.00436087,3.98689
3.85501,0.00435774,3.85979
3.86538,0.00440107,3.87026
3.95621,0.00443839,3.96104
3.98336,0.00438967,3.98821
3.94715,0.0044296,3.95201
3.95009,0.00441032,3.95488
3.95126,0.00437188,3.95602
3.93197,0.00437281,3.93672
3.90039,0.00441594,3.90526
3.83857,0.00443038,3.84341
3.91206,0.00442417,3.91696
3.937,0.00436364,3.94175
3.94794,0.00440601,3.95272
3.88205,0.00437653,3.8868
3.95061,0.00445555,3.95553
3.84677,0.00442205,3.85167
3.85348,0.00448242,3.85844
3.94878,0.00436966,3.95354
3.92014,0.00448812,3.92511
3.97184,0.00441905,3.97665
3.95648,0.00436595,3.96129
3.91385,0.00436924,3.91868
3.92918,0.00445642,3.93408
3.98057,0.00445731,3.9855
3.85814,0.00440139,3.86291
3.86939,0.00440588,3.87427
3.875,0.00441737,3.87988
3.93333,0.00442371,3.93821
3.88977,0.00438796,3.89465
3.89093,0.00446718,3.89585
3.83385,0.00442063,3.83875
3.91255,0.00443234,3.91733
3.96319,0.00439847,3.96803
3.87073,0.00440999,3.8756
3.9042,0.0044417,3.90912
3.93258,0.00443739,3.93748
3.86296,0.00435314,3.86776
4.01958,0.00475955,4.0248
3.95692,0.00439834,3.96179
3.87068,0.00442163,3.87546
3.88098,0.00439155,3.88587
3.97766,0.00437474,3.98249
3.88449,0.00439429,3.88929
3.96342,0.0043896,3.96821
3.96162,0.00439397,3.96648
3.85644,0.00440886,3.86131
3 threads per task
3.94808,0.00350306,3.95197
3.90968,0.00356915,3.9137
3.90742,0.00389298,3.91177
3.90359,0.00351257,3.90755
3.92668,0.00352235,3.93062
3.99085,0.00368799,3.99498
3.9851,0.00356069,3.9891
3.86814,0.00360398,3.87213
3.92969,0.00355213,3.9337
3.90764,0.0035667,3.91166
3.9423,0.00351412,3.94628
3.85987,0.00362555,3.86389
3.90764,0.00354897,3.91163
3.93776,0.0035432,3.94172
3.98287,0.00350467,3.98678
3.93514,0.00355797,3.93914
3.85297,0.00350464,3.85686
3.86014,0.00350395,3.86404
3.84473,0.00351227,3.84871
4.00996,0.00361589,4.01403
3.88481,0.00357609,3.88883
3.9614,0.00353061,3.96538
3.92404,0.00356826,3.92801
3.8784,0.00354619,3.88241
3.93278,0.00358335,3.93675
3.85642,0.00351895,3.86038
3.93312,0.00348709,3.93704
3.9468,0.00351338,3.95077
3.98654,0.00350446,3.99045
3.961,0.00350081,3.96495
3.88982,0.00348753,3.89376
3.9013,0.00359655,3.90528
3.8645,0.00351736,3.86841
3.9178,0.00354753,3.9218
3.91996,0.00355397,3.92395
3.93748,0.00356579,3.9415
3.95246,0.00347979,3.95639
3.94867,0.00350822,3.95263
3.89935,0.00349952,3.90331
3.9143,0.00358595,3.91835
4.01979,0.00369297,4.02384
3.97483,0.00354534,3.97885
4.01827,0.00368141,4.0224
3.88369,0.00352672,3.88762
4.25725,0.003638,4.26136
4.03886,0.00359896,4.04289
3.91123,0.00348829,3.91516
3.87891,0.00363899,3.883
3.87591,0.0035097,3.87982
4.3444,0.00353398,4.34838
3.83223,0.00347907,3.83612
4 threads per task
3.88749,0.00293544,3.89081
3.9819,0.00296766,3.9853
3.97725,0.00295178,3.98057
3.95396,0.00299483,3.95735
3.91339,0.00293934,3.9167
3.94218,0.00296842,3.94561
3.86754,0.00296469,3.87097
3.97684,0.00299489,3.98029
3.84038,0.00294374,3.84372
3.86551,0.00295694,3.86892
4.04091,0.00308244,4.04444
3.8513,0.00294874,3.85471
3.92561,0.00295974,3.92893
3.98653,0.00292462,3.98992
3.96443,0.00297188,3.96788
3.84582,0.00299269,3.84921
3.89205,0.00296825,3.89548
3.87696,0.00299151,3.88041
3.93417,0.00295008,3.93756
3.959,0.00298272,3.96235
3.91401,0.00297262,3.91737
3.8809,0.00295552,3.88437
3.99149,0.00312792,3.99497
3.93976,0.00310053,3.94326
3.89718,0.00296939,3.9006
3.94756,0.00294929,3.95087
3.94972,0.00298411,3.95315
3.95009,0.00295853,3.95352
3.85708,0.00300044,3.86054
3.91381,0.00296179,3.91722
3.90305,0.00294724,3.90643
3.86169,0.00299776,3.86508
3.93984,0.00300462,3.94328
3.85183,0.00298014,3.85525
3.94601,0.00293808,3.9494
3.97659,0.00299826,3.97998
3.86015,0.00296657,3.86358
3.89797,0.00300633,3.90135
3.99212,0.00314094,3.99562
3.92061,0.00295521,3.92401
3.96904,0.00301002,3.97253
3.9596,0.00300507,3.96311
3.88328,0.00297388,3.88673
3.96867,0.00296101,3.97209
3.98343,0.00294232,3.98683
4.03088,0.00307824,4.03441
3.90078,0.00299145,3.90413
4.12248,0.00298434,4.12594
3.87629,0.00295137,3.87963
3.90779,0.00302227,3.91121
4.00628,0.0030805,4.00975
5 threads per task
3.86959,0.00257887,3.87263
3.86968,0.002565,3.8726
3.92925,0.00265225,3.9323
3.83978,0.00256395,3.84277
3.9721,0.00256137,3.97511
3.87426,0.00259341,3.87719
3.95092,0.00258522,3.95396
3.87356,0.00260469,3.87662
3.92326,0.00257421,3.9263
3.90295,0.00257628,3.90598
3.87026,0.00261226,3.87326
3.93073,0.00258711,3.93374
3.86527,0.00257747,3.86822
4.04173,0.00265423,4.04483
3.91433,0.00255193,3.91733
3.87143,0.00255044,3.87438
3.95709,0.00255934,3.96005
3.92547,0.00257397,3.92844
3.95517,0.00258097,3.95821
3.95611,0.00258555,3.95916
3.92542,0.00256659,3.92843
3.94257,0.00256793,3.9456
3.95391,0.00255821,3.95691
3.89405,0.00257871,3.89703
3.86744,0.00256238,3.87046
3.93376,0.00255498,3.93679
3.96065,0.00255369,3.96361
3.93639,0.00256449,3.93941
4.00733,0.00265752,4.01046
3.90799,0.00258987,3.91097
3.84618,0.00255151,3.84913
3.97235,0.00260092,3.97539
3.85067,0.00258328,3.8537
3.94523,0.00257313,3.94828
3.96902,0.00257483,3.97205
3.94648,0.00258038,3.94947
4.03723,0.00266887,4.04028
3.86249,0.0025778,3.86549
4.0002,0.00270922,4.0033
3.91003,0.0025598,3.91309
3.98066,0.00256112,3.98362
3.91771,0.00256277,3.92066
3.95588,0.00259747,3.95895
3.86777,0.00257353,3.87078
3.9131,0.00256205,3.91611
3.86747,0.00256821,3.8704
3.90414,0.00257337,3.90716
3.87004,0.00255824,3.87299
3.9608,0.00258605,3.96382
4.06579,0.00266431,4.06891
3.83041,0.00254477,3.8334
6 threads per task
3.98129,0.00215351,3.98386
3.83714,0.00214716,3.83964
3.9207,0.00213468,3.92328
3.90127,0.00213379,3.90387
3.94551,0.00218184,3.94809
3.92949,0.00219934,3.93209
3.94814,0.0021862,3.95079
3.88456,0.00214049,3.88715
3.99762,0.00222557,4.00032
3.96858,0.00215506,3.97119
4.02872,0.00221166,4.03137
3.92191,0.00215862,3.92451
3.96437,0.00221646,3.96697
3.93755,0.0021342,3.94011
3.88677,0.00214558,3.88938
3.93483,0.00215783,3.93739
3.87115,0.00215004,3.87373
3.90666,0.00215816,3.90928
4.04058,0.0022105,4.04322
3.85497,0.00215093,3.85756
3.86701,0.00213142,3.8696
3.86871,0.00212965,3.8713
3.9589,0.00212638,3.96143
3.97556,0.00215123,3.97817
3.98377,0.00217915,3.98632
3.94358,0.00215962,3.94622
3.95727,0.00215153,3.95986
4.0306,0.00219443,4.03325
3.91772,0.00214906,3.92032
3.91212,0.00214923,3.91465
3.9013,0.00215074,3.90393
4.02474,0.00221269,4.0274
3.8898,0.00212818,3.89233
3.90882,0.00219242,3.9115
3.94049,0.00219203,3.94312
3.89493,0.0021953,3.89757
3.96555,0.00219485,3.96819
3.96379,0.00216936,3.96641
3.93038,0.00217081,3.93301
3.85962,0.00216006,3.86223
3.9587,0.00212371,3.9613
3.91756,0.00213159,3.92014
3.94392,0.00216952,3.94652
3.89737,0.00216799,3.89998
3.92183,0.00217182,3.92446
3.90643,0.00215723,3.90899
3.94343,0.00215407,3.94605
4.07215,0.00219112,4.07478
3.98161,0.00216038,3.98421
3.85933,0.00214939,3.86192
3.95431,0.00215551,3.95692
7 threads per task
3.95458,0.00213895,3.9571
3.86104,0.00214005,3.86364
3.96045,0.00216577,3.96308
3.94952,0.00215588,3.95214
3.95381,0.0021583,3.95642
3.82165,0.00214887,3.82426
3.94186,0.00214842,3.94443
3.87003,0.00214741,3.87264
3.91313,0.00218224,3.91571
3.96314,0.00213649,3.96567
3.96189,0.00213629,3.96448
3.96852,0.00214039,3.97113
3.97619,0.00213006,3.97876
3.887,0.0021395,3.88961
3.95024,0.00213231,3.95271
3.8424,0.00217952,3.84499
3.92284,0.00216767,3.92546
3.85587,0.00219146,3.85849
3.95633,0.00213866,3.95891
3.88835,0.00216316,3.89097
3.87471,0.00214979,3.87724
3.92972,0.00213913,3.93226
3.96622,0.00213028,3.96881
3.94367,0.00214807,3.94622
3.95562,0.00216495,3.95817
3.94038,0.00216925,3.94299
3.91806,0.002181,3.92069
3.94775,0.00215729,3.9503
4.07465,0.00223277,4.07734
4.02084,0.00223267,4.02356
3.96959,0.00214406,3.97214
3.88449,0.0021893,3.88714
3.89657,0.00213807,3.89916
3.97028,0.0021532,3.97283
3.98659,0.0021836,3.98917
4.01711,0.00224792,4.01976
3.84426,0.00218385,3.84688
3.81557,0.00219513,3.81821
3.91345,0.00216943,3.9161
4.01816,0.00219355,4.02081
3.91545,0.00212897,3.91803
3.95561,0.00213202,3.9582
3.85986,0.00215198,3.86247
3.87632,0.00215124,3.87894
3.9371,0.00211304,3.93961
3.84429,0.0021263,3.84689
3.88129,0.00214861,3.88383
3.98,0.00215638,3.98253
3.86528,0.00212362,3.8678
3.96123,0.00215968,3.96385
3.93161,0.00215189,3.93421
8 threads per task
3.93703,0.00214419,3.93965
3.91213,0.00212848,3.91473
3.96876,0.00215126,3.97136
3.93101,0.00218798,3.93356
4.11021,0.00219585,4.11285
3.91168,0.00212945,3.9142
3.87878,0.00217039,3.8814
3.85911,0.00216944,3.86168
3.93237,0.00217524,3.93493
3.87931,0.00213462,3.8819
3.89836,0.00213725,3.90084
3.86474,0.00211554,3.86731
3.98844,0.00216194,3.991
3.87756,0.00211639,3.88009
3.86511,0.00213875,3.86771
3.84453,0.00213071,3.84713
3.95284,0.00210338,3.95532
3.96527,0.0021057,3.96782
3.9012,0.00215557,3.90382
3.91724,0.00213393,3.91985
3.85524,0.00217717,3.85781
3.9151,0.0021535,3.91761
3.85676,0.0021468,3.8593
3.95153,0.00215814,3.95409
3.93349,0.00216541,3.9361
3.92161,0.00211152,3.92416
3.94318,0.00215559,3.9458
4.00807,0.00217594,4.01069
3.94024,0.00214492,3.94284
3.84878,0.00214685,3.85134
3.96917,0.0021148,3.97174
3.98569,0.00219518,3.98829
3.88904,0.00214352,3.89164
3.96083,0.00213365,3.96335
3.99037,0.00213919,3.99296
3.93548,0.00212065,3.93805
3.94023,0.00219453,3.94288
4.01872,0.00223779,4.02142
3.92249,0.00210471,3.925
4.02535,0.00218884,4.02789
3.97495,0.00212848,3.97747
3.95458,0.00216186,3.95723
3.93642,0.00213774,3.93901
3.90697,0.00216893,3.90956
3.96767,0.00211378,3.97026
3.96027,0.00214611,3.96287
3.832,0.002116,3.83451
3.85867,0.00211892,3.86123
3.99338,0.0023806,3.99615
3.93422,0.00216401,3.93684
3.9769,0.0021335,3.97952
9 threads per task
3.88312,0.00280802,3.88639
3.91155,0.00263263,3.91465
3.86033,0.00238427,3.8631
3.816,0.00237616,3.81883
3.85628,0.0028633,3.85955
3.86873,0.00268471,3.87182
3.89424,0.00239556,3.8971
3.9586,0.00240099,3.96146
3.8983,0.00241791,3.90118
3.95563,0.00284491,3.95896
3.86363,0.00243036,3.86654
4.03649,0.00242827,4.03931
3.86848,0.00243272,3.87138
3.93619,0.00266977,3.93926
3.90425,0.00282499,3.90753
3.92994,0.00267833,3.933
3.96259,0.00240645,3.96539
3.83138,0.00238205,3.83421
3.96742,0.00268343,3.9705
3.98358,0.00247082,3.98646
3.9595,0.00250103,3.96238
3.91365,0.00272815,3.91683
3.94076,0.00283773,3.94406
3.86607,0.00268858,3.86921
3.89425,0.00240189,3.8971
4.00526,0.00274238,4.00841
3.91107,0.00245652,3.91388
3.99136,0.00280085,3.99464
3.89799,0.00268671,3.90115
3.83961,0.00275383,3.84282
3.89328,0.00269398,3.89633
3.83814,0.00239916,3.84094
3.84401,0.00239865,3.84689
3.92648,0.00261369,3.92956
3.86346,0.0026545,3.86657
3.85651,0.00272448,3.85963
3.90878,0.00241221,3.91165
3.94787,0.00242965,3.95072
3.95038,0.00200603,3.95285
3.94074,0.00238931,3.94352
3.84969,0.00266312,3.85274
3.94582,0.00236616,3.94866
3.94497,0.00266126,3.94809
4.03553,0.00245211,4.03843
3.94169,0.00237658,3.94454
4.04586,0.00250139,4.04874
3.9009,0.00240155,3.90375
3.94189,0.00281109,3.94514
3.91172,0.00239842,3.9145
3.94796,0.00269768,3.95105
3.90362,0.0024676,3.90653
10 threads per task
4.69256,0.00255443,4.69552
4.02864,0.00225609,4.03136
3.85899,0.00252518,3.86197
3.92754,0.00261706,3.93062
3.95826,0.00214096,3.96079
3.87988,0.00264927,3.88298
3.86736,0.00256693,3.87039
3.96836,0.00251315,3.97128
3.86127,0.00258662,3.86426
3.86413,0.00256568,3.86711
3.95753,0.00209791,3.96011
4.04129,0.00240178,4.04415
3.94772,0.00254811,3.95073
3.85668,0.00215536,3.85924
3.90508,0.00227143,3.90772
3.9333,0.00255784,3.93626
4.00676,0.00265716,4.00987
3.9193,0.0022607,3.92205
3.94247,0.00223181,3.94516
4.02054,0.00225903,4.0232
3.94313,0.00256089,3.94614
4.0152,0.00292588,4.01859
3.90836,0.00218853,3.91104
3.90228,0.00221978,3.90498
3.93567,0.00253884,3.9387
3.88662,0.00261426,3.88963
3.90026,0.00224333,3.90292
3.93873,0.00254272,3.94173
3.81891,0.0025357,3.82184
3.92394,0.00210082,3.92653
3.90698,0.00233897,3.90977
3.9576,0.00218457,3.96025
3.98106,0.00264722,3.9842
3.97983,0.00266737,3.98295
3.95158,0.00240405,3.9544
3.97191,0.00260137,3.97498
3.93517,0.00263087,3.93819
3.96244,0.00269842,3.96553
3.93759,0.00268394,3.94067
3.92983,0.00262198,3.93288
3.94204,0.00254597,3.94494
3.88599,0.00262516,3.88911
3.82571,0.00253972,3.82871
3.99243,0.00221619,3.99513
3.90408,0.00255997,3.90704
3.96654,0.0027003,3.96964
3.94927,0.00255199,3.95229
3.95995,0.00252106,3.96287
3.91254,0.00257552,3.91559
3.83336,0.00266975,3.83639
3.96468,0.00256583,3.96759
11 threads per task
3.84421,0.00242013,3.84707
3.85764,0.00245583,3.86055
3.94886,0.00198689,3.95127
3.89297,0.00243695,3.8958
3.90253,0.00223172,3.90524
4.00235,0.00221345,4.00503
3.94731,0.00329151,3.95107
3.87374,0.0023386,3.87655
3.97899,0.00317491,3.98257
3.91615,0.00215618,3.91867
3.87539,0.00234167,3.87813
4.03493,0.00250031,4.0379
3.89821,0.00317173,3.90177
3.85635,0.00231802,3.85913
3.92683,0.0021701,3.92946
3.86635,0.00215393,3.86898
3.9258,0.0032183,3.9295
3.93229,0.00316666,3.93585
3.86483,0.0024494,3.86774
3.93295,0.0032817,3.93671
3.92666,0.00226632,3.92935
3.90859,0.00216882,3.91124
3.85561,0.0031918,3.85925
3.9644,0.00218029,3.96705
3.82132,0.00240001,3.82417
3.9502,0.00228106,3.95295
3.97521,0.00216604,3.97778
3.94625,0.00236732,3.94908
3.9309,0.002368,3.93372
3.83211,0.00317705,3.83569
3.95053,0.00320325,3.9542
3.97177,0.00317854,3.97541
3.94267,0.00229304,3.94543
3.87536,0.00278185,3.87853
3.93783,0.00258373,3.94086
3.85342,0.0032142,3.85703
3.86557,0.00231855,3.86836
3.88481,0.00244424,3.88772
3.94192,0.00318533,3.94556
3.97651,0.00319863,3.98015
3.92113,0.00318515,3.92476
3.85902,0.00322946,3.8627
3.94234,0.00240367,3.94523
3.95968,0.00221583,3.96235
4.03956,0.00227743,4.04229
3.93462,0.00237848,3.9374
3.94468,0.00242446,3.94754
3.9119,0.00243515,3.91473
3.8663,0.00240242,3.8691
3.92957,0.00239125,3.93243
3.96452,0.00229228,3.96723
12 threads per task
3.93409,0.00209702,3.93665
3.96241,0.00243216,3.96529
3.949,0.00215802,3.95164
3.93055,0.00231722,3.93336
3.93116,0.0025417,3.9342
3.89271,0.00212249,3.89529
3.83733,0.00228777,3.84002
3.88734,0.00362276,3.89131
3.91748,0.00299941,3.92093
3.8832,0.00305643,3.88672
3.93133,0.00299511,3.93479
3.84007,0.00348108,3.84403
3.86865,0.00255323,3.87166
3.84267,0.00301057,3.84608
3.92889,0.00212404,3.93149
3.88628,0.00289106,3.88962
3.94047,0.0023194,3.94318
3.92108,0.00213979,3.92367
3.86001,0.00302345,3.86348
3.97127,0.00300539,3.97474
4.03466,0.00221655,4.03727
3.83034,0.00261637,3.83335
3.94856,0.00362784,3.95262
3.85254,0.00216789,3.85516
3.88886,0.0025622,3.89181
3.99497,0.00312717,3.99855
3.86478,0.00211953,3.86731
3.92878,0.00305217,3.93227
3.839,0.002128,3.84154
3.87362,0.00208429,3.87613
3.84774,0.00303148,3.85117
3.91666,0.00308666,3.9202
3.90776,0.00212279,3.91037
3.95474,0.00279691,3.958
3.95031,0.00307992,3.95378
3.94905,0.00301631,3.95246
3.97424,0.0026102,3.97732
3.9131,0.00303576,3.91658
3.95114,0.00211989,3.95366
3.97584,0.00305448,3.9793
3.97056,0.00300288,3.97402
3.93,0.00245461,3.93282
3.9417,0.00307996,3.94524
3.86879,0.00303497,3.87222
3.86723,0.00213006,3.86983
3.88434,0.00300351,3.8878
3.9356,0.00305716,3.93908
3.82316,0.00310847,3.82665
4.04093,0.00310139,4.04443
3.94529,0.00211361,3.94787
3.87456,0.00217498,3.87714
13 threads per task
3.92783,0.00208453,3.93039
3.84848,0.00207956,3.85093
3.87429,0.00305732,3.87779
3.92161,0.00211952,3.92419
3.90448,0.00220286,3.90708
3.9261,0.00278985,3.92935
3.91281,0.00354699,3.91678
3.89208,0.00222218,3.89475
3.84742,0.00282459,3.85058
3.90867,0.00212364,3.91125
3.96905,0.00212063,3.97162
3.92981,0.00208213,3.93235
3.88077,0.00220444,3.88343
3.96229,0.00213108,3.96487
3.95225,0.00225807,3.95486
3.83415,0.00252636,3.83707
3.9073,0.00302575,3.91079
3.85744,0.00242313,3.86027
3.95013,0.00320259,3.95378
3.96211,0.00212228,3.96468
3.88521,0.00231531,3.88792
3.91098,0.00262808,3.91401
4.01004,0.0028516,4.01334
3.89998,0.00319018,3.90364
3.98906,0.00210083,3.99155
3.89888,0.00356485,3.90291
3.92789,0.00276917,3.93105
3.95522,0.00207555,3.95777
3.92489,0.00330658,3.92859
3.93012,0.00247762,3.93306
3.95383,0.00216526,3.95647
3.92477,0.00218913,3.92746
3.95699,0.00405318,3.96149
3.91367,0.00374097,3.91788
3.93962,0.00326978,3.94335
3.86074,0.0033153,3.86452
3.90089,0.00220362,3.90355
3.98196,0.0020783,3.98439
3.98724,0.0026271,3.99033
3.93425,0.00329401,3.938
3.87368,0.00210821,3.87626
3.86521,0.00213248,3.86779
3.9025,0.00214306,3.90509
3.85268,0.00310117,3.85617
3.88794,0.00332093,3.89172
3.87934,0.00286655,3.88267
3.86925,0.00373885,3.87338
3.99488,0.002159,3.9975
3.86941,0.0032775,3.87313
3.83746,0.00248162,3.84033
3.85124,0.00209975,3.85381
14 threads per task
3.97767,0.00225438,3.98035
3.82169,0.00295805,3.8251
3.9592,0.00215065,3.96181
3.96122,0.00214572,3.96382
3.93361,0.00295425,3.93702
3.95094,0.00222556,3.95362
3.9493,0.00295563,3.95271
3.94917,0.0022336,3.9518
3.96003,0.00296608,3.96349
3.98296,0.00204337,3.98548
3.92124,0.00308747,3.92474
3.86788,0.00224988,3.87057
3.88598,0.0028506,3.88928
4.00243,0.00213891,4.00492
3.88092,0.00337891,3.8847
3.94165,0.00221364,3.94435
4.01883,0.00208021,4.02131
3.935,0.00357057,3.93896
3.90741,0.00207318,3.90997
3.99733,0.00330674,4.00104
3.9243,0.00291845,3.92767
3.89992,0.00287114,3.90319
3.87955,0.00256278,3.88255
3.87044,0.00240854,3.87331
3.96209,0.00205422,3.96455
3.85168,0.00294344,3.85509
3.94074,0.00299797,3.94415
3.88122,0.00246889,3.88409
3.97151,0.00347417,3.97539
3.85742,0.00274023,3.86062
3.93407,0.00215462,3.93668
3.96358,0.00258796,3.96657
3.88418,0.00313195,3.88778
3.93371,0.00224768,3.93642
3.89623,0.00216555,3.89878
3.93936,0.00291579,3.94267
3.91405,0.00222879,3.91663
3.86926,0.00297557,3.87262
3.96623,0.00224381,3.96894
3.9767,0.00292942,3.98011
3.83875,0.00256132,3.84171
3.9144,0.00345219,3.91824
3.92913,0.00321951,3.93284
3.89439,0.00285301,3.89771
3.94977,0.00218917,3.95241
3.92739,0.00320593,3.93107
3.97172,0.00222884,3.97434
3.86583,0.00228789,3.86856
3.96308,0.00218404,3.96568
3.89809,0.00223857,3.90082
3.98011,0.00215923,3.98273
15 threads per task
3.96385,0.00250907,3.96682
3.96151,0.00204219,3.96391
3.88611,0.00205881,3.88857
3.85218,0.00215274,3.85473
3.97938,0.00392521,3.98371
3.81698,0.00204739,3.81941
3.90408,0.00236063,3.90684
3.91525,0.00313402,3.91883
3.91986,0.0020549,3.92237
3.86065,0.00381553,3.86494
3.95537,0.00314559,3.9589
3.88857,0.00247641,3.89149
3.9455,0.00199534,3.94796
3.90787,0.00318973,3.9115
3.92843,0.00252369,3.93141
3.84961,0.00204074,3.85202
3.85677,0.00214826,3.85932
3.90969,0.00229016,3.91245
3.93074,0.00241474,3.93357
3.93101,0.00322511,3.93469
3.82442,0.00278186,3.82762
3.93532,0.00254821,3.93827
3.91199,0.00192819,3.91437
3.91272,0.00208945,3.91527
3.83519,0.00204557,3.83769
3.91407,0.00380517,3.91829
3.92092,0.00228383,3.92367
3.93406,0.00203663,3.93656
3.92883,0.00316412,3.93245
3.94702,0.00268743,3.95017
3.93634,0.00202725,3.93881
3.83457,0.00202315,3.83705
3.85372,0.00211546,3.85631
3.95485,0.00316384,3.95844
3.91167,0.00205276,3.91413
3.92723,0.00318157,3.93086
3.85946,0.00253462,3.86246
3.91528,0.00205869,3.9178
3.83664,0.00202244,3.83912
3.94136,0.00240627,3.94413
3.93643,0.00205215,3.93892
3.86024,0.00316516,3.86387
3.95663,0.00206286,3.95915
3.94449,0.00203118,3.94698
4.71234,0.00244162,4.71514
3.89656,0.00315974,3.90019
3.93457,0.00237949,3.93738
3.95504,0.00253955,3.95794
3.88524,0.00381236,3.88956
3.86847,0.00261559,3.87156
3.87111,0.0031612,3.87473
16 threads per task
3.89332,0.00252807,3.89631
3.94416,0.00207969,3.94669
3.9496,0.00216776,3.95223
3.84582,0.00247813,3.84877
3.9314,0.00293267,3.93474
3.84946,0.00206975,3.85194
3.85397,0.00242129,3.85684
4.03014,0.00214752,4.03274
3.93289,0.00334806,3.9367
3.84328,0.0021006,3.84577
3.9844,0.0026278,3.98749
3.89664,0.00211393,3.89922
3.81508,0.00209802,3.81758
3.87029,0.00408706,3.87478
3.93949,0.00222472,3.94212
3.94745,0.0020671,3.94998
3.94972,0.00240204,3.95261
3.96272,0.00217452,3.96538
3.8418,0.00202086,3.84429
3.86136,0.00294295,3.86476
3.91189,0.00311579,3.91546
3.91036,0.00205252,3.91287
4.07874,0.00345621,4.08265
3.99433,0.00208226,3.99681
3.88004,0.00339397,3.88389
4.03659,0.00244247,4.03951
3.9316,0.0020712,3.93413
4.01049,0.00262432,4.01356
3.91483,0.00209148,3.91737
3.87991,0.0034091,3.8838
3.83024,0.00397129,3.83468
3.93814,0.00265491,3.94124
3.86108,0.0021079,3.8636
3.9557,0.00256069,3.95872
3.94698,0.00256138,3.95
3.98117,0.00331067,3.98494
3.99974,0.00306415,4.00327
3.83533,0.00201947,3.83781
3.93331,0.00229556,3.93608
3.90328,0.00334181,3.90707
3.85262,0.00272733,3.85584
3.91836,0.00206985,3.92087
3.87023,0.00335302,3.87405
3.93907,0.00202194,3.9415
3.94935,0.00224471,3.95207
3.85718,0.0033568,3.86093
3.89307,0.00210447,3.8956
4.0369,0.00208278,4.03945
3.96456,0.00269079,3.96773
3.93206,0.00336365,3.93583
3.87743,0.00243994,3.88036
17 threads per task
4.00183,0.00254744,4.00482
3.92272,0.00363433,3.92679
4.03252,0.00259788,4.03551
3.93988,0.00294195,3.94321
3.94964,0.00207678,3.95213
3.89544,0.0036485,3.89948
3.93514,0.00222293,3.9378
3.94773,0.00361505,3.9518
3.84935,0.00225264,3.85201
3.96379,0.00367275,3.96792
3.95389,0.00283848,3.95719
3.85724,0.00322415,3.86085
3.9638,0.00248473,3.96669
3.96167,0.00368494,3.96577
3.98386,0.00220774,3.98651
3.92719,0.00252124,3.93018
3.83751,0.00246554,3.84046
3.88888,0.00264249,3.89199
3.91714,0.00369086,3.92123
3.91845,0.00249708,3.92134
3.95993,0.00231181,3.9627
3.91027,0.00243069,3.91318
3.88276,0.00203819,3.88527
3.9847,0.00363344,3.9888
3.90014,0.00234357,3.90297
3.90757,0.00228796,3.91021
3.86848,0.00338555,3.87233
3.93949,0.00248411,3.94242
3.91503,0.0036173,3.91905
3.91629,0.00200354,3.91867
3.93826,0.0036784,3.94241
3.85342,0.00263944,3.8565
3.82575,0.00237209,3.82858
3.848,0.00232761,3.85079
3.83493,0.00224095,3.83762
3.89274,0.00249771,3.89575
3.84527,0.00243998,3.84819
3.93035,0.0024692,3.93328
3.85641,0.00246421,3.85924
3.94628,0.00317002,3.94983
3.91574,0.00254986,3.91878
3.85325,0.00249924,3.85615
3.86582,0.00227683,3.86853
3.96272,0.00228614,3.96543
3.8985,0.0024878,3.90146
3.95687,0.00215857,3.95943
3.86884,0.00361557,3.87291
3.95553,0.00208742,3.95802
3.84048,0.00365262,3.8446
3.95063,0.00209098,3.95319
3.95731,0.00249426,3.96022
18 threads per task
3.94557,0.00217622,3.9481
4.00337,0.0024406,4.00629
3.82884,0.0039477,3.83325
3.90555,0.0021037,3.90811
3.96756,0.00205847,3.97007
3.90556,0.00246857,3.90842
3.81959,0.00336044,3.82341
3.81967,0.00289499,3.82301
3.97643,0.00219023,3.97903
3.87335,0.00395586,3.87775
3.97263,0.00393427,3.97696
3.90041,0.00396812,3.90478
3.94464,0.00394958,3.94905
3.88999,0.00212523,3.89256
4.16953,0.00208122,4.17203
3.84536,0.00220032,3.84802
3.95559,0.00244472,3.95846
3.93324,0.002951,3.93664
3.9496,0.0024806,3.95254
3.99163,0.00238015,3.99449
3.87108,0.00217628,3.87371
3.95418,0.00237864,3.95702
3.90891,0.00229665,3.91167
3.99082,0.00215916,3.99344
3.89712,0.00212463,3.8997
3.9957,0.00243427,3.99855
3.86608,0.00270154,3.86924
3.95581,0.00236195,3.95863
3.9321,0.00352435,3.93608
3.91048,0.00221035,3.91314
3.90592,0.00216779,3.90853
3.85045,0.00224241,3.85309
3.9318,0.00439153,3.93667
3.95003,0.00212515,3.9526
3.87089,0.00221643,3.87356
3.83162,0.0021537,3.83418
3.9278,0.00237268,3.93064
3.9146,0.00215763,3.91723
3.88126,0.0024868,3.8842
3.91083,0.00226347,3.9135
3.79997,0.00217049,3.80254
3.94139,0.00216252,3.94404
3.95564,0.00303433,3.95913
4.00481,0.00228985,4.00755
3.93522,0.00398492,3.9396
3.86167,0.0023311,3.86443
3.95364,0.00220519,3.95621
3.94721,0.00434746,3.95196
3.95512,0.0023056,3.95787
3.90191,0.00435392,3.90665
3.86219,0.00243071,3.86501
19 threads per task
3.94542,0.00243422,3.94833
3.85942,0.00414414,3.86402
3.8922,0.0037567,3.89635
3.89778,0.00388706,3.90212
3.89886,0.0023366,3.90167
3.94352,0.00292652,3.9469
3.90058,0.0025737,3.90361
3.90074,0.00282678,3.90404
3.96056,0.0024195,3.96347
3.90379,0.00412173,3.90837
3.9152,0.0024119,3.91809
3.82516,0.00259755,3.82816
3.98065,0.00305249,3.98416
3.85874,0.00230922,3.86153
4.04106,0.00369557,4.04524
3.86935,0.00262393,3.87243
3.98605,0.00242639,3.98893
3.85915,0.00247697,3.86208
3.91859,0.00245562,3.92153
3.95738,0.00251726,3.96037
3.84424,0.00460547,3.84932
3.93925,0.00492244,3.94455
3.83475,0.00325062,3.83845
3.88218,0.00320545,3.88579
3.96033,0.00455508,3.96536
3.90423,0.00323946,3.90793
3.93705,0.0024709,3.93998
3.86445,0.00425282,3.86908
3.86516,0.00252637,3.86818
3.83987,0.00253122,3.84291
3.89111,0.0024674,3.89409
3.94353,0.00242037,3.94635
3.9435,0.00243404,3.94636
3.94814,0.00242514,3.95102
3.93081,0.00249915,3.9338
3.94984,0.00276687,3.95306
3.98339,0.00420544,3.98805
3.96079,0.00255807,3.96383
3.92211,0.00245051,3.92496
3.85713,0.00256101,3.86006
3.85253,0.00244882,3.85544
3.92846,0.00230653,3.93124
3.88433,0.00245942,3.88721
3.93339,0.00256776,3.93635
3.87667,0.00327027,3.88039
3.92026,0.00302185,3.92368
3.85073,0.0023692,3.85355
3.9426,0.00417008,3.94723
3.91297,0.00250781,3.91595
3.8996,0.0026524,3.90266
3.87583,0.00251619,3.87882
20 threads per task
3.96733,0.00250107,3.97023
3.97334,0.00422443,3.97802
3.86389,0.00331313,3.8676
3.92734,0.0027148,3.93051
3.90907,0.00247809,3.91194
3.9688,0.00230997,3.9716
3.96741,0.00246651,3.97029
3.83458,0.00298386,3.83796
3.90758,0.00245961,3.91052
3.89179,0.00263083,3.89491
3.88672,0.00329599,3.89049
3.87771,0.00423344,3.88231
3.85962,0.00234841,3.86245
3.97743,0.00268959,3.98053
3.90958,0.00262504,3.91268
3.87089,0.00252232,3.87383
3.8784,0.00415189,3.88297
3.84138,0.00298796,3.84485
3.95258,0.00303965,3.95608
3.98039,0.00280247,3.98366
3.9642,0.00278416,3.96739
3.91374,0.00229313,3.91649
3.90635,0.00294882,3.90975
3.95256,0.00309926,3.95616
3.97606,0.00277791,3.97923
3.82995,0.0030359,3.83333
3.86696,0.00237373,3.86981
3.98803,0.00332987,3.99175
3.8627,0.00250568,3.86569
3.91459,0.00276553,3.91784
3.90881,0.00275883,3.91196
3.86389,0.00291782,3.86727
3.94822,0.00233334,3.95103
3.86675,0.00416824,3.87131
3.91282,0.00264211,3.91593
3.87739,0.00314264,3.88103
3.95543,0.00263476,3.95852
3.81298,0.0023418,3.8158
3.89652,0.00294223,3.89994
3.87295,0.00236059,3.87575
3.85233,0.00261755,3.8554
4.02854,0.00428298,4.03329
3.94846,0.00390611,3.95277
3.84246,0.00245449,3.8454
3.83252,0.00425948,3.83725
3.97976,0.0026343,3.98285
4.10634,0.00257138,4.10937
3.9034,0.00401319,3.90785
3.91872,0.00308754,3.92228
3.96368,0.00252695,3.96674
3.95804,0.00273047,3.96125
21 threads per task
3.83535,0.00334081,3.83907
3.96398,0.00424044,3.96866
3.90465,0.00242289,3.90754
3.92736,0.00310416,3.93094
3.88828,0.00278687,3.89152
3.94397,0.00238895,3.94676
3.96285,0.00276657,3.96611
3.87084,0.00375075,3.87506
3.86363,0.00234006,3.86642
3.97298,0.00244604,3.97589
3.88863,0.00247004,3.89159
3.94597,0.00295261,3.94939
3.93926,0.00453138,3.94425
3.97068,0.00273105,3.97383
3.90946,0.00233126,3.9122
3.90667,0.0023289,3.90947
4.03147,0.0023015,4.03425
3.89946,0.0031437,3.90306
4.0212,0.00237387,4.02406
3.87196,0.00248431,3.87483
3.91536,0.00252053,3.91829
3.86286,0.00233396,3.86567
3.94075,0.0024687,3.94362
3.8581,0.00275874,3.86134
3.94001,0.00235105,3.94275
3.96757,0.00257919,3.97063
3.90318,0.00232217,3.90586
3.88449,0.00260427,3.88748
3.91722,0.00233545,3.91996
3.93759,0.00227723,3.94033
3.84775,0.00294413,3.85116
3.92378,0.00264835,3.92683
3.91619,0.00235645,3.919
3.90958,0.0025471,3.91261
3.98801,0.00453232,3.99301
3.91157,0.00248292,3.9145
3.94857,0.00242689,3.95143
3.84349,0.00306718,3.84695
4.01028,0.00286428,4.01362
4.00528,0.00242565,4.00809
3.99611,0.00415759,4.00075
3.93118,0.00236716,3.93397
3.89669,0.00227826,3.89944
3.94496,0.00232004,3.94771
5.1501,0.00278285,5.15327
3.95083,0.00457691,3.95586
3.85396,0.00251501,3.85693
3.94557,0.00246953,3.94846
3.91809,0.00245361,3.92096
3.89542,0.00257315,3.89846
3.96455,0.00239419,3.9674
22 threads per task
3.96025,0.00281827,3.96353
3.88987,0.0026636,3.89299
3.88945,0.00257956,3.89249
3.91809,0.00261802,3.92113
3.91796,0.00366339,3.92198
3.92641,0.00258767,3.92946
3.86717,0.00257004,3.87019
3.90591,0.00436561,3.91073
3.96936,0.00269298,3.97251
3.94871,0.0024319,3.95161
3.86548,0.00235229,3.86827
3.90969,0.00407183,3.91421
3.96126,0.00242683,3.96416
3.85906,0.00245339,3.86196
3.94327,0.00233386,3.94606
3.91855,0.00248094,3.92151
4.07464,0.00264277,4.07768
3.8623,0.00358669,3.86628
3.99283,0.00232519,3.99569
3.84651,0.00250044,3.84948
3.97313,0.00486709,3.9784
3.91778,0.00318309,3.92136
3.98803,0.00329928,3.99181
3.95155,0.004855,3.9568
3.93603,0.00247497,3.93898
4.03946,0.00244384,4.04238
4.04663,0.0027002,4.04979
3.9255,0.00363349,3.92958
3.89855,0.0052294,3.90427
3.92738,0.00261105,3.93039
3.83369,0.00263185,3.83674
3.90948,0.00490496,3.91484
3.92536,0.00278434,3.92853
3.90153,0.00281514,3.90479
3.91767,0.00263064,3.9208
3.93737,0.00259143,3.9404
3.88773,0.00264027,3.89086
3.84233,0.00229229,3.84504
4.00796,0.00263314,4.01106
3.83977,0.00244789,3.84269
3.97984,0.00249296,3.98281
3.84179,0.00248569,3.8447
3.87869,0.00241471,3.88157
3.93497,0.00495514,3.94037
4.04104,0.00285096,4.04429
3.9579,0.00251908,3.96089
3.94464,0.00243623,3.94754
3.95312,0.00310956,3.95668
3.92654,0.0028257,3.92982
3.85186,0.00258734,3.85494
3.88799,0.0035697,3.89193
23 threads per task
3.8351,0.00440388,3.83992
3.85576,0.00270324,3.85892
3.93311,0.00231874,3.93586
3.88804,0.00336546,3.89183
3.88122,0.00376687,3.88544
3.96353,0.00251097,3.9665
4.04405,0.00539463,4.04982
3.85195,0.00523712,3.85759
3.8626,0.00290028,3.866
3.91361,0.00240478,3.91648
3.90611,0.00438184,3.91097
3.93793,0.00284818,3.94125
4.04613,0.00402084,4.0505
3.83811,0.00231053,3.8409
3.89887,0.00255195,3.90188
3.95172,0.00272632,3.9548
3.94251,0.00248373,3.9454
3.90052,0.0023401,3.90331
3.92389,0.0044353,3.92869
3.91005,0.00242453,3.91291
3.94485,0.00373032,3.94899
3.83818,0.00311243,3.84175
3.84185,0.00371436,3.84603
3.84393,0.00256946,3.84698
3.96034,0.0028618,3.96366
3.91406,0.00443389,3.91896
3.89079,0.00469394,3.89589
3.9974,0.00275499,4.00062
3.93615,0.00303574,3.93965
3.90614,0.00224479,3.90885
3.94137,0.00280299,3.94463
3.92612,0.00241243,3.92902
3.91635,0.0049817,3.92175
3.9534,0.0028324,3.95663
3.85582,0.00248488,3.85867
3.87295,0.00270053,3.87611
3.94372,0.00293027,3.94705
4.03929,0.00249989,4.04226
3.9568,0.00376587,3.96104
3.90964,0.00258132,3.9127
3.94529,0.00410946,3.9498
3.79334,0.00237431,3.79617
3.92579,0.00254179,3.92879
3.92866,0.00284851,3.93196
3.92114,0.00408738,3.92571
3.96766,0.00305068,3.97117
3.86125,0.00494499,3.86667
3.96558,0.00271282,3.96876
3.94789,0.0024802,3.95086
3.87466,0.00442785,3.87955
4.14853,0.00293413,4.15186
24 threads per task
3.88306,0.00294124,3.88639
3.84785,0.00285547,3.85112
3.91303,0.00252403,3.91595
3.86926,0.002827,3.87248
3.90035,0.00324019,3.904
3.85907,0.00468028,3.86414
3.96007,0.00238246,3.96295
4.04581,0.003513,4.04973
3.92022,0.00339993,3.92401
3.94801,0.00403811,3.95251
3.8671,0.00228049,3.86984
3.98285,0.00441431,3.98767
3.93109,0.00370955,3.93525
3.92464,0.0046358,3.92969
3.91535,0.00245126,3.91828
3.91705,0.003718,3.92121
4.00739,0.00330992,4.01109
3.85007,0.00340231,3.85384
3.8542,0.00299145,3.85766
3.99873,0.00329958,4.00237
3.90588,0.00383446,3.91012
3.92557,0.0020782,3.9281
3.85872,0.00235205,3.8615
3.96803,0.00496529,3.97344
3.84809,0.00492113,3.85342
3.92113,0.00499442,3.92658
4.0191,0.00241808,4.022
3.83443,0.00296432,3.83788
3.86204,0.00269346,3.86524
3.94361,0.00323331,3.94733
3.95395,0.00277989,3.95717
3.85178,0.00235648,3.85459
3.8799,0.00324867,3.88358
3.85068,0.00348519,3.85462
3.96099,0.00268835,3.96413
3.94352,0.00228822,3.94625
3.80933,0.00413703,3.81388
3.89703,0.00279331,3.90028
3.85176,0.00228375,3.8545
3.84364,0.00322661,3.84735
3.90138,0.00534405,3.90718
3.9321,0.00238648,3.93485
3.88885,0.00304399,3.8923
3.98364,0.00371204,3.98782
3.85775,0.00372683,3.86193
3.93523,0.00433151,3.93997
3.90859,0.00247206,3.91149
3.99154,0.0033797,3.99534
3.93,0.00467644,3.93516
3.98872,0.00369806,3.99287
3.85779,0.00351698,3.86179
25 threads per task
3.95248,0.00251375,3.9554
3.95154,0.00322227,3.95523
3.83647,0.00321882,3.84012
3.86108,0.00346944,3.86496
3.87182,0.0036317,3.87591
3.99548,0.00373703,3.99964
3.90034,0.0039943,3.90483
3.93954,0.00246025,3.94246
3.98095,0.00232641,3.98368
3.88291,0.00434577,3.88771
3.98932,0.00442223,3.9942
3.85754,0.00380664,3.86181
3.83286,0.0034202,3.83674
3.91375,0.00570429,3.91991
3.94141,0.00345327,3.94526
3.93419,0.00469339,3.9393
3.93661,0.0050395,3.94215
3.90687,0.00485477,3.91213
4.00904,0.00488944,4.01442
3.96515,0.00307346,3.96869
3.96267,0.00425958,3.96733
3.88713,0.00322136,3.89082
4.01062,0.0045263,4.01554
3.91697,0.00374978,3.92117
3.89601,0.00433869,3.90075
3.85028,0.00377451,3.85451
3.91436,0.00237653,3.91724
3.88068,0.0032235,3.88433
3.90789,0.00390102,3.91215
3.9429,0.00437721,3.94772
3.94889,0.0030557,3.95235
3.85989,0.00512565,3.86547
3.8989,0.00379418,3.9031
3.92258,0.00306943,3.92607
3.95962,0.00436086,3.96445
3.90741,0.0035576,3.91134
3.91975,0.00406182,3.92429
3.92958,0.00376041,3.93372
3.89748,0.00389719,3.90185
3.93748,0.00318712,3.94115
3.96192,0.00414186,3.96648
3.90975,0.00331894,3.91351
3.92215,0.00444418,3.92705
3.94859,0.0038396,3.9529
3.9091,0.00380677,3.91336
3.84469,0.00434785,3.8495
4.04395,0.00394627,4.04834
3.84401,0.00378293,3.84827
3.92704,0.00308597,3.93059
3.9519,0.00307987,3.95537
3.93842,0.00266027,3.94158
26 threads per task
3.94244,0.00331123,3.94626
4.24758,0.00445789,4.25251
3.92536,0.00345519,3.92929
3.88542,0.00407772,3.8899
3.9616,0.004136,3.9662
3.85444,0.00340399,3.85824
3.9516,0.00297608,3.955
3.85117,0.00414711,3.85578
3.87779,0.00233181,3.88048
3.87763,0.00306135,3.88115
3.83146,0.00382848,3.83575
4.01808,0.00426942,4.02275
3.95231,0.00336581,3.95602
3.86216,0.00339319,3.86602
3.8498,0.00344396,3.85371
3.97564,0.00481388,3.98093
3.99487,0.00430528,3.99964
3.93189,0.00311991,3.93549
3.91518,0.00356629,3.91921
3.8328,0.00362598,3.83683
3.87511,0.00344534,3.87905
3.86714,0.0023484,3.86996
3.9127,0.00442415,3.91753
3.84819,0.00376599,3.85234
3.8881,0.0040852,3.89263
3.9262,0.00346166,3.93006
3.95248,0.00249454,3.95546
3.84871,0.00300377,3.85219
3.94844,0.00419094,3.95309
3.96566,0.00287312,3.969
3.94061,0.00296782,3.94402
3.92419,0.00447732,3.92914
3.81827,0.00349618,3.82222
3.8581,0.00418286,3.86269
3.86236,0.00410657,3.86693
3.90585,0.00315895,3.90952
4.00981,0.0036323,4.0139
3.96686,0.00416141,3.97147
3.93439,0.0034201,3.9382
3.87376,0.00310061,3.87733
3.94006,0.00300608,3.94353
3.92847,0.00446917,3.93334
3.91642,0.00338723,3.9203
3.97623,0.003708,3.98039
3.92211,0.00382471,3.92639
3.94855,0.00535316,3.95434
3.94065,0.00356214,3.94468
3.8427,0.00314375,3.84636
3.86812,0.0022906,3.8708
3.90361,0.00312018,3.90713
3.91596,0.0023295,3.91871
27 threads per task
3.96029,0.00322444,3.9639
4.02093,0.0058553,4.02727
3.87753,0.0042245,3.88212
3.90993,0.00411448,3.91451
3.92467,0.00315552,3.92824
3.86542,0.0031133,3.86888
3.98423,0.00417337,3.98886
3.90802,0.00421363,3.91265
4.02999,0.00531499,4.03569
3.94044,0.00461102,3.94548
3.93617,0.003394,3.94005
3.88812,0.00326437,3.89177
3.90277,0.00518413,3.90841
3.83621,0.00346172,3.84014
3.87075,0.00293161,3.87403
3.94699,0.00282638,3.95023
3.93689,0.00391911,3.9413
3.94321,0.00442343,3.94809
3.85874,0.00238442,3.86152
3.94589,0.003474,3.94983
3.83406,0.00409146,3.83862
3.89437,0.00341239,3.89825
3.84698,0.0037801,3.85115
3.94385,0.00229889,3.94657
3.85011,0.00512691,3.8557
3.93135,0.00349596,3.93524
3.94876,0.00314129,3.95232
3.91117,0.00243327,3.91409
3.95216,0.00299087,3.95551
3.97509,0.00539924,3.98096
3.82241,0.0037923,3.82666
3.94219,0.00389455,3.94656
3.88996,0.00313754,3.89357
3.83275,0.00220153,3.83534
3.91351,0.00300984,3.91697
3.95694,0.00446455,3.96186
3.94024,0.00325015,3.94394
3.9473,0.00375383,3.95141
3.95975,0.00257097,3.96282
3.88766,0.0041201,3.89218
3.96464,0.00446815,3.96954
3.92971,0.00520013,3.93537
4.03797,0.00397429,4.0424
3.89268,0.00350431,3.89665
3.88948,0.00354291,3.89343
3.8283,0.00384376,3.83255
3.9057,0.00513359,3.91129
3.8365,0.00298674,3.83997
3.9836,0.00221669,3.98622
3.88281,0.00385195,3.88708
3.92025,0.00402038,3.92473
28 threads per task
3.88786,0.00485758,3.89311
3.95113,0.00308366,3.95468
3.85499,0.00450604,3.85996
3.86554,0.00248521,3.86844
3.92343,0.0028215,3.92665
3.8311,0.00454008,3.83604
3.99902,0.00423825,4.00372
3.84695,0.00362551,3.85099
3.93324,0.00403548,3.93773
3.93713,0.00451264,3.9421
4.19541,0.00433462,4.20022
3.90421,0.00422137,3.90889
4.03244,0.00369971,4.03663
3.89027,0.00340769,3.89412
3.81825,0.0036482,3.82229
3.97944,0.00452726,3.98442
3.86499,0.004206,3.8696
3.85773,0.00372676,3.86193
3.84566,0.00449985,3.85062
3.95779,0.00397724,3.96226
3.94594,0.00456903,3.95098
3.9641,0.00335007,3.96785
3.95314,0.00515456,3.95877
3.94161,0.00398284,3.94602
3.90466,0.00241537,3.90748
3.98005,0.00450356,3.98502
3.88949,0.00423089,3.89418
3.82838,0.00367517,3.83247
3.93706,0.00397836,3.9415
3.83197,0.0044472,3.83689
3.95565,0.0042389,3.96029
3.93029,0.00394886,3.9347
4.09908,0.00499258,4.10446
3.84008,0.00525143,3.84573
3.9179,0.00551063,3.92387
3.94196,0.00448332,3.94689
3.84678,0.00392617,3.85117
3.82805,0.00518623,3.83369
3.89859,0.0034342,3.90252
3.93917,0.00416684,3.94371
3.92221,0.00241468,3.92511
3.99503,0.0037259,3.99921
4.0017,0.00246307,4.00464
4.03017,0.00452231,4.03514
3.94169,0.00295839,3.94504
3.99289,0.00451434,3.99787
3.89915,0.00418894,3.90374
3.85949,0.0036344,3.86348
3.92926,0.00488163,3.93462
3.91703,0.00350423,3.92089
3.89785,0.00221541,3.90054
29 threads per task
3.96841,0.00446468,3.97333
3.8561,0.00356195,3.86012
3.83879,0.00282895,3.84211
3.87306,0.00420268,3.87767
3.94998,0.00514823,3.95552
3.93944,0.00408147,3.944
3.95362,0.00346494,3.95754
4.01071,0.00364583,4.01476
3.87312,0.00439033,3.87788
3.83952,0.00408331,3.84409
3.87535,0.00365913,3.87946
3.92232,0.00452604,3.92725
3.90243,0.00444447,3.90729
3.90165,0.00313823,3.90525
3.94953,0.00341261,3.95336
4.00652,0.00430782,4.01122
3.98194,0.00427232,3.98668
3.95108,0.00541323,3.95698
3.92867,0.00562246,3.93469
3.84913,0.00631818,3.85588
3.87448,0.00325985,3.87819
3.85944,0.00352635,3.86337
3.84381,0.00369551,3.84798
3.96874,0.002405,3.97162
3.98452,0.00346507,3.98845
3.8527,0.00339397,3.85651
3.83924,0.0032517,3.84295
3.88066,0.00332411,3.8845
3.85834,0.00362762,3.86242
3.83797,0.00421949,3.84259
3.86189,0.00393391,3.86622
3.95625,0.00543274,3.96216
3.94919,0.00311846,3.95279
3.85317,0.00365398,3.85729
3.94971,0.00235374,3.95247
3.92287,0.00337163,3.92664
3.83595,0.00395558,3.84031
3.90768,0.00319422,3.91136
3.83408,0.00439358,3.83891
4.33688,0.0047668,4.34212
3.98722,0.00479579,3.99248
3.98377,0.00357188,3.98781
3.89512,0.00239536,3.89793
3.94842,0.00331913,3.95221
3.85976,0.00321134,3.86339
3.82984,0.00391039,3.83415
3.83629,0.00324988,3.83995
4.0415,0.00346489,4.04538
3.9653,0.00364419,3.96935
3.96211,0.00331296,3.96588
4.04237,0.00372199,4.04649
30 threads per task
3.83671,0.00377302,3.84091
3.96688,0.00260074,3.96998
3.88235,0.00450268,3.8873
3.93341,0.00390699,3.93771
3.82639,0.00403087,3.83088
3.91276,0.00571061,3.91894
3.84487,0.00449321,3.84973
3.98196,0.00399006,3.98636
3.9737,0.00454667,3.97871
3.89403,0.00445505,3.89896
3.97139,0.00345686,3.97527
3.82845,0.0034269,3.83234
3.91465,0.0047333,3.91985
3.89486,0.0034178,3.8987
3.82857,0.00248148,3.83147
3.84414,0.00386051,3.84849
3.93112,0.00285824,3.93448
3.90119,0.00305042,3.90468
3.9233,0.00440771,3.92812
3.84372,0.00482614,3.84899
4.00208,0.00461943,4.00716
3.85804,0.00481763,3.86324
3.9285,0.00417612,3.93314
3.96579,0.00283417,3.96909
3.95191,0.0039512,3.95632
3.92277,0.00481227,3.92804
3.84655,0.00239565,3.84945
3.94461,0.00410868,3.94914
3.81614,0.00365715,3.82027
3.81867,0.00410936,3.82319
3.94495,0.00568187,3.95103
3.86443,0.00343023,3.86834
4.0204,0.00350315,4.02435
3.93745,0.00300365,3.94097
3.84725,0.00342525,3.85109
3.85284,0.00235477,3.85556
3.96246,0.00354038,3.96641
3.88779,0.00264609,3.89089
3.94055,0.00412153,3.94508
3.92467,0.00519667,3.93032
3.96899,0.00408715,3.97349
3.88674,0.00395868,3.89115
3.92456,0.00548708,3.9305
3.95117,0.00280727,3.95445
3.87171,0.0041226,3.87623
3.90336,0.00383043,3.90767
3.94681,0.00329817,3.95058
3.9547,0.00447198,3.95964
3.8278,0.0021674,3.83046
3.86157,0.0044661,3.86641
3.90694,0.00544612,3.91285
31 threads per task
3.83651,0.00363688,3.84061
4.03479,0.00457981,4.03981
3.96408,0.0037009,3.96824
3.95284,0.00258783,3.95589
3.95458,0.00304604,3.95811
4.18191,0.00310834,4.18547
3.87497,0.00359598,3.87904
3.96103,0.00542584,3.96683
3.91244,0.00456892,3.91746
3.83118,0.00418759,3.83578
3.89859,0.00367418,3.90273
3.94465,0.00459769,3.94971
3.8645,0.00361956,3.86856
3.8251,0.00341086,3.82891
4.01738,0.00339603,4.02123
3.94002,0.00353294,3.94395
3.96367,0.00355174,3.96767
3.9657,0.00398848,3.97008
3.94108,0.00459799,3.94609
3.93082,0.0026854,3.93391
4.03294,0.003054,4.03649
3.88831,0.00361846,3.89239
3.94024,0.0023237,3.94297
3.94165,0.00292844,3.94506
3.95734,0.00347004,3.96124
3.88164,0.00394517,3.88602
3.8668,0.00258466,3.86984
3.85423,0.00345326,3.85815
3.94372,0.0055141,3.94966
3.97069,0.00420448,3.9754
3.96636,0.00382052,3.97065
3.85656,0.00337547,3.86037
3.92763,0.00305481,3.93117
3.8919,0.00357805,3.89589
3.94965,0.00353372,3.95365
3.9545,0.00363109,3.95858
3.85531,0.00348718,3.85926
3.93384,0.00355986,3.9378
3.9432,0.00350275,3.94717
3.90626,0.00367225,3.91041
3.87521,0.00364557,3.87933
3.8372,0.00389972,3.84157
3.95196,0.00429931,3.95674
3.9119,0.00299741,3.91536
3.83129,0.00264295,3.8344
3.94479,0.0029657,3.94818
4.06796,0.00586093,4.07429
3.91587,0.00357882,3.9199
3.8501,0.00349,3.85403
3.94264,0.00460934,3.94766
3.93843,0.00264017,3.94158
32 threads per task
3.90446,0.00521684,3.91008
3.92153,0.00268077,3.92464
3.90503,0.00472497,3.91022
3.93187,0.00265031,3.93495
3.94855,0.00243376,3.95146
3.94847,0.00566405,3.95455
3.86695,0.00273506,3.87014
3.9309,0.00228914,3.93366
3.85794,0.00278024,3.86114
3.94033,0.00348066,3.94421
3.92358,0.00268394,3.92672
3.85298,0.00257911,3.85601
4.09529,0.00290549,4.09864
3.98153,0.00289342,3.98483
3.94351,0.00242252,3.94642
3.92716,0.00299208,3.93064
3.84933,0.00256763,3.85225
3.90657,0.00233681,3.90931
3.88261,0.00259293,3.88562
3.98541,0.00411647,3.98994
3.84827,0.00284596,3.85158
4.04905,0.00318375,4.05263
4.00683,0.0037666,4.01098
3.9937,0.00242898,3.99667
3.88542,0.00253464,3.88842
3.94534,0.00285871,3.94866
3.96944,0.0031429,3.97307
3.92698,0.00266509,3.93
3.89521,0.00261748,3.89828
3.89363,0.0024085,3.8965
3.94557,0.00269393,3.94872
3.93606,0.0024964,3.93901
3.95754,0.00422544,3.96222
3.93753,0.0022594,3.94025
3.86036,0.00255427,3.8634
4.03967,0.00516242,4.0453
3.8741,0.00249704,3.87706
4.02934,0.00290735,4.03272
3.91455,0.0034487,3.91846
3.88415,0.00241223,3.88707
3.90528,0.00241373,3.90815
3.94277,0.00357149,3.94676
3.85793,0.00246934,3.86081
3.82631,0.0028811,3.8296
3.86471,0.00393905,3.86913
3.94872,0.00307987,3.95227
3.95669,0.00268855,3.95986
3.83021,0.00291466,3.83353
3.85661,0.00570668,3.86278
3.93249,0.0025779,3.93555
3.84345,0.0029681,3.8469
task end
