1 task per node
1 threads per task
1.23144,0.00272262,1.23447
0.960904,0.00261083,0.963783
0.964009,0.00264097,0.966921
1.01145,0.00270088,1.01441
0.994302,0.00263996,0.997207
1.02115,0.00264785,1.02407
0.972863,0.00266428,0.975797
0.970127,0.00264032,0.973035
0.981735,0.0026604,0.984662
0.966647,0.00263566,0.969551
2 threads per task
0.95973,0.00190206,0.961911
0.988022,0.00187483,0.990165
0.980081,0.0018728,0.982226
0.959456,0.00189397,0.961634
0.958696,0.00189622,0.960863
0.98233,0.0018786,0.9845
0.958433,0.00190322,0.960609
0.980214,0.00186406,0.982347
0.962648,0.00185398,0.96479
0.99262,0.0018891,0.994779
3 threads per task
0.973737,0.00154284,0.975561
1.01901,0.00151978,1.0208
0.972941,0.00153703,0.97475
0.956625,0.00154906,0.95844
0.983682,0.00151381,0.985487
0.955744,0.00147946,0.957488
0.957304,0.00154659,0.959127
0.968318,0.00150591,0.970091
0.97982,0.00149304,0.981582
0.975512,0.00155512,0.977334
4 threads per task
0.956516,0.00133373,0.958119
0.959874,0.00135598,0.961502
0.987442,0.00134455,0.989078
0.977103,0.00134065,0.978739
0.982192,0.00134579,0.983806
0.955745,0.00133729,0.957359
0.968112,0.00131311,0.969704
0.9789,0.00136792,0.980537
0.980187,0.00135306,0.981804
0.975594,0.00133269,0.977197
5 threads per task
0.973981,0.00116758,0.975417
0.959269,0.00121349,0.960764
0.959109,0.00120785,0.960589
0.953418,0.00115959,0.954864
0.979481,0.00123047,0.980985
0.969572,0.00120949,0.971056
0.959388,0.00114868,0.960803
0.995591,0.0012369,0.997102
0.976841,0.00123418,0.978344
0.956613,0.001164,0.958043
6 threads per task
1.01578,0.00113389,1.01718
0.955195,0.00112481,0.956616
0.975955,0.00107938,0.977304
0.957906,0.00107655,0.95925
0.969826,0.00112195,0.971221
0.962537,0.0011506,0.96397
0.970448,0.00104714,0.971759
0.973617,0.00109375,0.975005
0.973181,0.00112426,0.974596
0.981265,0.00103946,0.982569
7 threads per task
0.957768,0.00108416,0.959123
0.973975,0.00112043,0.975364
0.960521,0.00103815,0.961834
0.958252,0.00108545,0.959611
0.976964,0.00107862,0.978313
0.957371,0.00108138,0.958725
0.995445,0.00103247,0.996751
0.998809,0.00113347,1.00023
0.970975,0.00108305,0.972354
0.977153,0.00103515,0.978457
8 threads per task
0.971237,0.00104769,0.972568
0.979713,0.00100062,0.980985
1.00489,0.00104167,1.0062
0.968097,0.00157409,0.969943
0.985014,0.00109469,0.986381
0.973665,0.00107667,0.97501
0.989026,0.000978695,0.990293
0.970474,0.00103715,0.971782
0.973625,0.00105019,0.974944
0.971037,0.000982217,0.972284
9 threads per task
0.95724,0.0013309,0.958845
0.973822,0.00124015,0.975357
0.992276,0.00124907,0.993796
0.956507,0.00132847,0.958114
0.986726,0.00173474,0.988732
0.985638,0.00116803,0.987077
0.973356,0.00131344,0.974938
0.985985,0.00126447,0.987519
1.01228,0.00132877,1.01388
0.982003,0.00128273,0.983559
10 threads per task
0.991186,0.0011271,0.992594
1.00165,0.00118787,1.00312
0.970466,0.0011547,0.971905
0.989421,0.00125411,0.990946
0.953851,0.00114388,0.955272
0.979003,0.00127143,0.980565
1.32445,0.00122979,1.32595
0.977897,0.00111786,0.979298
0.957432,0.00118434,0.958907
0.970965,0.00117285,0.97242
11 threads per task
0.9536,0.00119962,0.955074
0.964837,0.00122532,0.966342
1.00045,0.00118152,1.0019
0.957346,0.00115757,0.958791
0.993931,0.00110064,0.995309
0.953301,0.00121076,0.954786
0.978457,0.00175567,0.980479
0.971097,0.0011405,0.972522
0.974601,0.00110724,0.975979
0.956676,0.00122078,0.958182
12 threads per task
0.980363,0.00116289,0.981794
0.965982,0.00134729,0.967607
0.963531,0.00112243,0.964923
0.957516,0.00115846,0.958947
0.983941,0.00109177,0.985305
0.979699,0.00115948,0.981137
0.978873,0.00117947,0.980324
0.980912,0.00117894,0.982362
0.9637,0.00116429,0.965136
0.982271,0.00112797,0.983667
13 threads per task
0.993348,0.00133242,0.994945
0.982459,0.00117299,0.983902
0.981325,0.00115598,0.982761
0.976867,0.00107419,0.978213
0.974091,0.0013059,0.975668
0.971095,0.00120737,0.972589
0.959641,0.00117127,0.96108
0.995313,0.00132238,0.996908
0.954484,0.001136,0.955894
0.962059,0.00115729,0.963501
14 threads per task
0.963153,0.00145181,0.964876
0.974029,0.00120537,0.975505
0.974555,0.00147467,0.976302
0.970972,0.00119218,0.972439
0.959203,0.00132568,0.960795
0.974271,0.00139521,0.975943
0.972046,0.00136227,0.973672
0.990156,0.00129312,0.991721
0.979612,0.00110302,0.980989
0.955434,0.00142179,0.957124
15 threads per task
0.982618,0.00142532,0.984331
0.975083,0.0013674,0.976724
0.973907,0.00146929,0.975646
0.961435,0.00118913,0.962891
0.970357,0.00146244,0.972092
0.97154,0.00128164,0.973103
0.968413,0.00136074,0.970044
0.99712,0.00145795,0.998851
0.9744,0.00139212,0.976054
0.973181,0.00125983,0.974722
16 threads per task
0.956448,0.00155091,0.958268
0.955424,0.00146506,0.957159
0.966696,0.00155596,0.968526
0.954703,0.00123375,0.956208
0.954561,0.00152468,0.956352
0.971074,0.00139053,0.972748
0.970773,0.00171855,0.972762
0.976124,0.00117122,0.977593
0.969988,0.00153456,0.971791
0.98808,0.00167553,0.990029
17 threads per task
0.966752,0.00143924,0.968469
0.958991,0.00156895,0.960826
0.99446,0.00156035,0.996299
0.958995,0.0015562,0.960821
0.9739,0.0017156,0.975893
0.975849,0.00156139,0.977682
0.952732,0.00150263,0.954504
0.982393,0.00156494,0.984238
0.979421,0.00131347,0.981004
0.955154,0.00169296,0.957127
18 threads per task
1.04209,0.00152372,1.04388
0.990338,0.00142548,0.992032
0.954085,0.00166839,0.956024
0.98317,0.0016585,0.985106
0.953438,0.00146236,0.955173
0.972612,0.00156901,0.974454
0.987932,0.00171233,0.989921
0.96528,0.00170337,0.967255
0.967418,0.00166224,0.969346
0.99164,0.00156801,0.993512
19 threads per task
0.955041,0.00176903,0.957088
0.957216,0.00172355,0.959231
0.978916,0.00179233,0.980983
0.989525,0.00137509,0.991176
0.985914,0.00134656,0.987533
0.985135,0.00183453,0.987247
0.952616,0.00185192,0.954735
0.974062,0.00124151,0.975578
0.977846,0.00160947,0.97973
1.01265,0.00160196,1.01454
20 threads per task
0.960901,0.00180652,0.962978
0.981257,0.00164317,0.983186
0.957723,0.00187044,0.959866
0.955715,0.0017869,0.957766
0.955164,0.00157752,0.957037
0.955744,0.00186013,0.957872
0.976793,0.00195724,0.979025
0.957445,0.00175343,0.959478
1.02098,0.00184113,1.02309
0.954802,0.00174708,0.956823
21 threads per task
0.959988,0.00182476,0.962087
0.970916,0.00164129,0.972845
0.973148,0.00193846,0.975356
0.997459,0.00177717,0.999529
0.959876,0.00192819,0.962086
0.975472,0.00194686,0.977686
0.965061,0.00172609,0.967053
0.961509,0.00177094,0.963552
0.986759,0.00163504,0.98869
0.958891,0.00168836,0.960882
22 threads per task
0.974557,0.00182783,0.976657
0.984642,0.00175059,0.986663
0.971352,0.00180982,0.973436
0.979716,0.00180189,0.981789
0.962513,0.00199632,0.964786
0.979296,0.00173313,0.981303
0.955103,0.00176975,0.957141
0.973887,0.00155745,0.975714
0.95978,0.00205132,0.962106
0.98078,0.00189299,0.982947
23 threads per task
0.960518,0.00180645,0.962606
0.983092,0.00209207,0.985452
0.980334,0.00209908,0.982704
0.967774,0.00191746,0.969962
0.988332,0.00153693,0.990141
0.958949,0.00124346,0.960467
0.958419,0.00204461,0.960737
0.977163,0.0020007,0.979441
0.953559,0.00190113,0.955728
1.00916,0.00193031,1.01137
24 threads per task
0.976515,0.00219352,0.978981
0.97142,0.00150595,0.973192
0.971326,0.00174037,0.973331
0.97015,0.00197976,0.972402
0.967224,0.00210657,0.969595
0.989807,0.00220201,0.99228
0.983417,0.00218259,0.985888
0.982392,0.00199896,0.984661
0.967194,0.00200578,0.969466
0.967826,0.00197876,0.970069
25 threads per task
0.956466,0.00193592,0.958671
0.97238,0.00163589,0.974283
0.980081,0.00205359,0.982403
0.954573,0.00190973,0.956783
0.971053,0.0019671,0.973292
0.970791,0.00210916,0.973179
0.953414,0.00181241,0.955525
0.973068,0.00203654,0.975377
0.971434,0.0016912,0.9734
1.00171,0.00182803,1.00384
26 threads per task
0.974741,0.00202942,0.977044
0.976495,0.00191965,0.978686
0.982794,0.00196997,0.985036
1.05114,0.00229894,1.05371
0.973221,0.00198226,0.975477
1.00184,0.00215245,1.00426
0.980144,0.00162674,0.982041
0.953661,0.00166143,0.95559
0.956136,0.00193923,0.95837
0.978192,0.00201343,0.980481
27 threads per task
0.971814,0.00230959,0.974397
0.976268,0.00188172,0.978445
0.958304,0.00207406,0.960649
0.981212,0.00169678,0.98318
0.977595,0.00172874,0.979596
0.952609,0.00200026,0.954882
0.965324,0.00194856,0.967559
0.985835,0.00152594,0.987667
0.956307,0.00141917,0.957992
0.972918,0.00211141,0.975305
28 threads per task
0.980389,0.00205057,0.982711
0.971565,0.00165061,0.973485
0.970074,0.00195658,0.972303
0.97209,0.00200899,0.974371
1.01072,0.00208444,1.01308
0.986364,0.00175011,0.988402
0.972072,0.00198501,0.974327
0.979153,0.00161492,0.981052
0.957298,0.00155579,0.959131
0.955732,0.0020395,0.958068
29 threads per task
0.971818,0.0017168,0.97383
0.976759,0.00203885,0.979098
0.956656,0.00226489,0.959192
0.971203,0.00197698,0.973444
0.95341,0.00210692,0.955791
0.999713,0.0021055,1.00209
0.983582,0.00209011,0.98594
0.989903,0.0020865,0.992254
1.02348,0.00244963,1.0262
0.956279,0.00178622,0.958337
30 threads per task
0.993297,0.00197535,0.995563
0.973922,0.00228234,0.976483
0.974299,0.00219204,0.976758
0.975068,0.00243314,0.977773
0.960426,0.00210098,0.962794
0.975333,0.00192273,0.977553
0.980311,0.00213542,0.982714
0.977824,0.00218401,0.980276
0.97388,0.00190282,0.976067
0.972063,0.00156459,0.973905
31 threads per task
0.956042,0.00224366,0.958557
1.01769,0.00186726,1.01983
0.974961,0.00171618,0.976951
0.979575,0.00193212,0.981784
0.975828,0.00226723,0.978372
0.972894,0.00223521,0.975403
0.959669,0.00145739,0.961398
0.987494,0.00227546,0.990035
0.955185,0.00243425,0.957892
0.983864,0.00226093,0.9864
32 threads per task
0.978317,0.00160534,0.980191
0.999674,0.00176087,1.00171
0.970049,0.00254985,0.97288
0.98424,0.0016282,0.986163
0.954454,0.00218961,0.956919
0.991588,0.00194075,0.993803
0.989652,0.00225725,0.992179
0.955966,0.00229372,0.958534
0.984703,0.00230595,0.987278
0.956447,0.00182517,0.958552
task end
