1 threads per task
3.86901,0.0786995,3.94857
2.36807,0.0743688,2.44328
2.31743,0.0745735,2.39281
2.37007,0.0746628,2.44556
2.42656,0.0743879,2.50175
2.36574,0.0747089,2.44126
2.30377,0.0743602,2.37894
2.36562,0.0744529,2.44088
2.38091,0.0743765,2.45612
2.35738,0.0746591,2.43286
2.31421,0.0744202,2.38944
2.34548,0.0746847,2.42102
2.38783,0.074612,2.46326
2.40449,0.0747613,2.48008
2.35496,0.0746476,2.43044
2.3756,0.0744111,2.45082
2.37877,0.0745433,2.45413
2.33838,0.0744847,2.41367
2.36088,0.0745727,2.43629
2.34496,0.0747335,2.42052
2.32826,0.0743493,2.40341
2.36516,0.0748027,2.44082
2.33413,0.0745873,2.40952
2.39161,0.0746994,2.46711
2.35926,0.0746285,2.43465
2.31044,0.0744658,2.38574
2.37468,0.074832,2.45032
2.59943,0.0744776,2.67474
2.45834,0.0744547,2.53365
2.37105,0.0743659,2.44623
2.34162,0.0745266,2.41695
2.40367,0.0743223,2.47881
2.35776,0.0746962,2.43327
2.33153,0.0743551,2.40664
2.35073,0.074555,2.42609
2.38236,0.0745039,2.45767
2.35259,0.0744053,2.4278
2.37451,0.0744566,2.44977
2.31634,0.0744125,2.39161
2.36769,0.0746648,2.44316
2.38963,0.074397,2.46484
2.32933,0.0745966,2.40475
2.39686,0.0744965,2.4722
2.32231,0.0746563,2.39777
2.30354,0.0743656,2.37873
2.37806,0.0743802,2.45328
2.34434,0.074675,2.41984
2.36135,0.074595,2.43676
2.40069,0.0746814,2.4762
2.42542,0.0745262,2.5008
2.32085,0.074688,2.39638
2 threads per task
2.45474,0.0746879,2.53025
2.38061,0.0748239,2.45626
2.36039,0.074737,2.436
2.34467,0.074818,2.42031
2.39953,0.0750127,2.47536
2.40253,0.0748386,2.47817
2.3691,0.0745878,2.44449
2.37009,0.075026,2.44593
2.44019,0.0750091,2.516
2.34291,0.0747277,2.41845
2.31786,0.0747382,2.39343
2.34378,0.0746878,2.4193
2.38399,0.075053,2.45986
2.37012,0.0746562,2.44559
2.33662,0.0754408,2.41288
2.31689,0.0747769,2.39251
2.36342,0.0747817,2.43901
2.32571,0.0747125,2.40123
2.37049,0.0747361,2.44602
2.42501,0.0746632,2.5005
2.33111,0.0747777,2.40674
2.3665,0.0748711,2.44218
2.40201,0.0749344,2.47775
2.39153,0.074761,2.4671
2.36249,0.0750794,2.43837
2.30438,0.0748814,2.3801
2.35071,0.0746805,2.4262
2.31885,0.0747576,2.39443
2.32413,0.0747473,2.39969
2.35271,0.0748201,2.42833
2.36983,0.0746501,2.44532
2.33694,0.0746331,2.41238
2.35401,0.0746327,2.42947
2.34613,0.0748825,2.42189
2.38936,0.0747538,2.46491
2.37153,0.0749078,2.44726
2.31856,0.0752169,2.39458
2.35756,0.0746486,2.43301
2.32824,0.0749126,2.404
2.37906,0.0747908,2.45469
2.32627,0.0747285,2.4018
2.30472,0.0749642,2.3805
2.30141,0.0746583,2.37687
2.30463,0.0748075,2.38025
2.32585,0.0746873,2.40139
2.3179,0.0750307,2.39376
2.38097,0.0748754,2.45669
2.39593,0.0751283,2.47189
2.37203,0.0750982,2.44796
2.34612,0.0746685,2.42164
2.35176,0.0745665,2.42716
3 threads per task
2.31468,0.0750694,2.39055
2.33361,0.0750408,2.40946
2.33885,0.075011,2.41468
2.30563,0.074773,2.38121
2.38946,0.0749821,2.46525
2.38113,0.0746002,2.45655
2.35534,0.0747871,2.43098
2.35095,0.0748471,2.42662
2.41325,0.0747269,2.48879
2.34814,0.0748446,2.42383
2.36837,0.0747048,2.44388
2.31379,0.0750209,2.38963
2.31408,0.0748584,2.38974
2.31484,0.0746832,2.39033
2.42861,0.0746723,2.50409
2.31336,0.0750739,2.38925
2.36215,0.0746332,2.43762
2.39235,0.0747449,2.46794
2.37689,0.0749579,2.45267
2.35603,0.0751092,2.43197
2.45697,0.0747373,2.53255
2.43393,0.0750964,2.50985
2.32066,0.0748772,2.39635
2.3036,0.07478,2.37919
2.36161,0.0749996,2.43741
3.29595,0.0745033,3.37128
2.36585,0.075048,2.44173
2.31582,0.0747514,2.3914
2.39083,0.0746076,2.46627
2.36578,0.0747999,2.44139
2.3519,0.0746265,2.42734
2.31316,0.0749623,2.38896
2.31648,0.0746233,2.39192
2.42456,0.0751607,2.50053
2.31251,0.0746922,2.38802
2.43529,0.0748893,2.51102
2.35864,0.0749878,2.43444
2.30578,0.0746647,2.38128
2.31495,0.0747423,2.39053
2.38479,0.0749224,2.46054
2.36225,0.0751038,2.43816
2.37379,0.075038,2.44967
2.34252,0.0747008,2.41803
2.3404,0.074754,2.416
2.35114,0.0749796,2.42694
2.34013,0.0749376,2.41591
2.35471,0.0754294,2.43095
3.32919,0.0746718,3.40471
2.31545,0.074679,2.39097
2.44261,0.0749618,2.51839
2.36479,0.0749265,2.44056
4 threads per task
2.31365,0.0749569,2.38941
2.35111,0.0748156,2.42677
2.3755,0.0747315,2.45104
2.36394,0.0747645,2.43954
2.36387,0.0746149,2.43931
2.37327,0.0746865,2.4488
2.35233,0.074614,2.42776
2.32036,0.0746594,2.39586
2.34519,0.0747189,2.42071
2.32606,0.0747305,2.40164
2.31335,0.075021,2.38922
2.40228,0.0748579,2.47799
2.33936,0.0746347,2.4148
2.3808,0.0747109,2.45637
2.36605,0.0749078,2.44177
2.39288,0.0748909,2.4686
2.3732,0.0750033,2.44899
2.31851,0.0748325,2.39416
2.32514,0.0752688,2.40126
2.32308,0.0747861,2.39872
2.31893,0.0748614,2.39461
2.39928,0.0748345,2.47497
2.36934,0.0751633,2.44535
2.42926,0.0747096,2.50482
2.31418,0.0749573,2.38995
2.31251,0.0749039,2.38823
2.31977,0.0748858,2.39548
2.4315,0.0748526,2.5072
2.39973,0.0746682,2.47522
2.36814,0.0749646,2.44395
2.35358,0.0750004,2.42939
2.34633,0.0751114,2.42228
2.35034,0.0748184,2.42597
2.34503,0.0749518,2.42083
2.35434,0.0749967,2.43019
2.37302,0.0749616,2.44882
2.36619,0.0749707,2.44198
2.34548,0.0753499,2.42168
2.34996,0.0747225,2.42552
2.31756,0.0750921,2.39346
2.35152,0.074801,2.42714
2.36409,0.0750027,2.43993
2.35409,0.075033,2.42997
2.31422,0.0750389,2.3901
2.31655,0.0749548,2.39233
2.38727,0.0748622,2.46297
2.33842,0.0749838,2.41421
2.35773,0.0748078,2.43335
2.37362,0.0746139,2.44904
2.36364,0.0754688,2.43993
2.31527,0.0747423,2.39081
5 threads per task
2.31403,0.0750581,2.39002
2.32038,0.0748888,2.39607
2.38892,0.0751984,2.46497
2.42821,0.0751563,2.50417
2.3927,0.0750772,2.46859
2.44495,0.0746052,2.52038
2.37103,0.0747102,2.44658
2.43036,0.0749357,2.50612
2.36005,0.0748444,2.43568
2.39171,0.0754095,2.46793
2.34534,0.0747904,2.42096
2.30951,0.0756216,2.38595
2.30297,0.0750043,2.3788
2.39161,0.0750825,2.4675
2.31164,0.0747951,2.38724
2.35595,0.0761168,2.43284
2.3435,0.0748902,2.41923
2.32547,0.0753395,2.40162
2.37015,0.0748387,2.44583
2.36717,0.0747548,2.44274
2.33453,0.0751087,2.41044
2.36514,0.07489,2.44087
2.42526,0.0752798,2.50138
2.38993,0.0749051,2.46566
2.44577,0.0749556,2.52153
2.36586,0.0750066,2.44169
2.3986,0.0747144,2.47413
2.37429,0.074824,2.44996
2.37252,0.0747577,2.44808
2.51413,0.0747447,2.58971
2.36707,0.0749063,2.44282
2.38078,0.0749589,2.45659
2.41607,0.0750655,2.49194
2.3243,0.0748551,2.4
2.42272,0.0749958,2.49853
2.39255,0.0750307,2.46839
2.41902,0.075081,2.49495
2.31927,0.0749413,2.39506
2.31553,0.0749421,2.39131
2.37371,0.0750828,2.4496
2.35262,0.0748592,2.4283
2.30264,0.0748026,2.37825
2.38455,0.0749848,2.46034
2.36106,0.0749872,2.43687
2.3816,0.0748162,2.45723
2.3161,0.0747758,2.39171
2.36326,0.0748872,2.43895
2.37747,0.0747561,2.45307
2.31292,0.0748186,2.38855
2.37628,0.0751178,2.45224
2.37941,0.0748168,2.45507
6 threads per task
2.36582,0.0748628,2.44151
2.3312,0.0749733,2.40698
2.36386,0.0750343,2.43972
2.43068,0.0749205,2.50641
2.33929,0.0750236,2.41516
2.36559,0.0746788,2.44108
2.30264,0.0750222,2.37845
2.38135,0.0748121,2.45701
2.39336,0.0747588,2.46897
2.38684,0.074875,2.46254
2.3385,0.0751975,2.41451
2.38198,0.0747423,2.45754
2.39224,0.074925,2.46801
2.35516,0.0749018,2.43087
2.34906,0.0758041,2.42568
2.40866,0.0748728,2.48436
2.36179,0.0748017,2.43743
2.3428,0.0748612,2.41849
2.30577,0.0747953,2.3814
2.33331,0.0750791,2.40924
2.36997,0.0750245,2.44583
2.34194,0.0751413,2.4179
2.35472,0.0749687,2.43051
2.30175,0.0753167,2.37789
2.32681,0.0750872,2.40273
2.36478,0.0746949,2.4403
2.31178,0.0750405,2.38763
2.36533,0.0747432,2.44088
2.37113,0.0752777,2.44728
2.37177,0.0746791,2.44725
2.33006,0.0748076,2.40572
2.44048,0.0748898,2.51617
2.37214,0.0748831,2.44787
2.34647,0.0748169,2.42211
2.3003,0.0750328,2.37619
2.36561,0.0748648,2.44128
2.37045,0.0748539,2.44615
2.3683,0.0751183,2.44426
2.35322,0.0747753,2.42884
2.36189,0.0748054,2.43753
2.35895,0.0747688,2.43454
2.3859,0.0749122,2.46162
2.32183,0.0746947,2.39735
2.33922,0.0749872,2.41502
2.55319,0.074629,2.62862
2.38178,0.0750399,2.45766
2.38841,0.0750338,2.46425
2.38756,0.0748322,2.4632
2.31567,0.0752704,2.39174
2.3529,0.0749886,2.42875
2.36621,0.0747891,2.44183
7 threads per task
2.33098,0.0750228,2.40683
2.44656,0.0751514,2.52253
2.41396,0.0750143,2.4898
2.3571,0.0748461,2.43279
2.4392,0.0747747,2.51481
2.32376,0.074685,2.39927
2.47819,0.0749221,2.55396
2.38414,0.0748732,2.45986
2.36897,0.0748061,2.4446
2.37737,0.0750698,2.45325
2.36405,0.0748316,2.43969
2.34319,0.0751045,2.41914
2.39071,0.0751983,2.46668
2.40066,0.075021,2.47648
2.31453,0.0752821,2.39061
2.33629,0.0749911,2.41208
2.48705,0.0750734,2.56292
2.36982,0.0754333,2.44608
2.30344,0.0747436,2.37904
2.31326,0.0751931,2.38926
2.36142,0.0750639,2.43733
2.42325,0.0749656,2.49902
2.33137,0.0748395,2.40705
2.36359,0.0759561,2.44029
2.31033,0.0748544,2.38603
2.3335,0.0765897,2.41092
2.37811,0.0750953,2.45406
2.43193,0.0750995,2.50785
2.32926,0.0750268,2.40513
2.31351,0.0747713,2.38908
2.34016,0.0754475,2.41646
2.36906,0.0748949,2.44476
2.37191,0.0749719,2.4477
2.34231,0.0750562,2.41824
2.39334,0.0750282,2.46921
2.30311,0.0747764,2.3787
2.30915,0.0748831,2.38489
2.37945,0.0750002,2.45526
2.38413,0.0749072,2.45987
2.37523,0.0749736,2.45102
2.59325,0.074727,2.66882
2.36995,0.0750138,2.44579
2.35986,0.0747268,2.43536
2.34257,0.0748931,2.41826
2.35609,0.0747678,2.43166
2.37073,0.0748061,2.44634
2.36163,0.0747886,2.43723
2.32109,0.0748276,2.39672
2.38231,0.0748662,2.45802
2.37338,0.0751283,2.44931
2.35564,0.0748293,2.43128
8 threads per task
2.40331,0.075078,2.47923
2.34267,0.0749075,2.41838
2.38389,0.0748626,2.45958
2.36453,0.0750219,2.44036
2.35729,0.0751432,2.43328
2.39247,0.0751028,2.46838
2.39258,0.0748058,2.4682
2.37797,0.0750122,2.45377
2.36418,0.0751242,2.44015
2.36555,0.0752141,2.44158
2.37283,0.0748121,2.44847
2.32079,0.0748471,2.39648
2.36765,0.0748281,2.44329
2.42793,0.0746125,2.50336
2.38995,0.0748801,2.46565
2.3711,0.0747325,2.44664
2.46038,0.0748442,2.53607
2.37495,0.0750338,2.45079
2.34088,0.0749525,2.41666
2.36525,0.0747939,2.44089
2.36408,0.0748127,2.43974
2.31499,0.075043,2.39085
2.32919,0.0750193,2.40505
2.43196,0.0749426,2.50772
2.39099,0.0750479,2.46686
2.36863,0.0750335,2.44446
2.37686,0.0749558,2.45263
2.33888,0.0748473,2.41456
2.36818,0.0748724,2.4439
2.36588,0.0748218,2.44153
2.36376,0.0750694,2.43965
2.36416,0.0751486,2.44015
2.36776,0.075016,2.44359
2.31587,0.0751842,2.39187
2.35844,0.0747731,2.43405
2.36847,0.0748378,2.44411
2.36605,0.0750092,2.44189
2.39055,0.0748577,2.46621
2.35864,0.0750673,2.43452
2.34547,0.0751428,2.42142
2.43615,0.074927,2.51193
2.34457,0.0748964,2.42024
2.36832,0.0746803,2.44381
2.33444,0.0747558,2.41005
2.73671,0.0748691,2.81239
2.40894,0.0750008,2.48475
2.35354,0.074867,2.42922
2.3537,0.0748284,2.42934
2.43334,0.0749018,2.50909
2.31498,0.0751086,2.39089
2.36415,0.0749125,2.4399
9 threads per task
2.32603,0.0750474,2.40188
2.36606,0.0748461,2.44175
2.37333,0.0751839,2.44933
2.368,0.0752207,2.44404
2.31813,0.075077,2.39401
2.3164,0.0749934,2.39223
2.30711,0.0752131,2.38312
2.38176,0.0748039,2.45737
2.34884,0.0751441,2.42481
2.33997,0.075592,2.41637
2.43618,0.0749447,2.51197
2.44561,0.0748967,2.52132
2.39679,0.0751181,2.47273
2.36161,0.0752162,2.4376
2.32825,0.0752379,2.40434
2.38311,0.0750708,2.45899
2.32468,0.0749065,2.40039
2.34584,0.0748555,2.42151
2.36857,0.0750799,2.44446
2.37368,0.0751598,2.44965
2.35793,0.0751336,2.43387
2.38573,0.0751119,2.46165
2.31706,0.0749239,2.39281
2.3575,0.0748186,2.43315
2.38929,0.0748399,2.46498
2.45556,0.0748905,2.53125
2.40327,0.0748188,2.47893
2.31318,0.0748294,2.38887
2.32056,0.0748954,2.39627
2.36535,0.0749364,2.44109
2.36566,0.0751039,2.44157
2.37347,0.0749665,2.44925
2.34933,0.0749586,2.42513
2.34153,0.0749495,2.41729
2.35265,0.0751542,2.42862
2.35813,0.0753572,2.43431
2.33265,0.0752907,2.40875
2.41508,0.0750861,2.49096
2.33244,0.0748321,2.40812
2.31578,0.074842,2.39143
2.35251,0.0749425,2.42826
2.33981,0.0750986,2.41573
2.33304,0.0749921,2.40885
2.31623,0.0747553,2.39178
2.34679,0.0747869,2.4224
2.37035,0.0752764,2.44646
2.39524,0.0750651,2.47115
2.36485,0.075173,2.44085
2.35008,0.0748808,2.42581
2.36577,0.0747993,2.44139
2.36619,0.075043,2.44207
10 threads per task
2.36186,0.0751306,2.43781
2.35466,0.0753344,2.43081
2.3689,0.0751107,2.44483
2.34365,0.0752111,2.41966
2.38747,0.0750158,2.46328
2.35933,0.0753801,2.43556
2.30239,0.0750314,2.37826
2.31611,0.0748571,2.39182
2.34862,0.0748032,2.42423
2.31614,0.0748767,2.39186
2.35262,0.0749663,2.42839
2.31264,0.0748225,2.38828
2.36262,0.0748946,2.43833
2.32436,0.0748341,2.40005
2.36423,0.0748744,2.43991
2.35699,0.0751415,2.43296
2.35551,0.0750276,2.43134
2.33617,0.074962,2.41195
2.496,0.0748518,2.57167
2.36215,0.0748703,2.43788
2.31569,0.0751987,2.3917
2.36962,0.0748811,2.44532
2.35567,0.0748606,2.43135
2.34248,0.0749262,2.41822
2.31741,0.0747611,2.39298
2.44156,0.0750459,2.51745
2.39025,0.0750921,2.46614
2.30609,0.0749833,2.38188
2.36752,0.0753605,2.44368
2.3668,0.0755779,2.4432
2.31578,0.074881,2.39147
2.3978,0.0751443,2.47377
2.36022,0.074803,2.43583
2.36879,0.0748207,2.44444
2.36986,0.0747554,2.44544
2.35163,0.0753642,2.4278
2.31711,0.0749097,2.39283
2.40076,0.0751665,2.47674
2.3136,0.0754411,2.38985
2.35072,0.0748226,2.42635
2.30232,0.0749779,2.3781
2.40498,0.0750678,2.48087
2.34876,0.0753323,2.42492
2.36316,0.0748776,2.43885
2.36417,0.0748879,2.43991
2.35359,0.0750988,2.4295
2.39508,0.0751727,2.47111
2.30547,0.0752495,2.38154
2.41019,0.0751659,2.48616
2.31125,0.0747418,2.3868
2.46792,0.0747138,2.54345
11 threads per task
2.35924,0.0752122,2.4353
2.4326,0.0748615,2.50828
2.44322,0.0750493,2.51906
2.3726,0.0754533,2.44887
2.31478,0.0749069,2.39051
2.38319,0.0747148,2.45871
2.38981,0.0752469,2.46586
2.43579,0.0749474,2.51154
2.37319,0.0750941,2.44911
2.42826,0.0752331,2.50434
2.37175,0.0748604,2.44742
2.32027,0.0752394,2.39636
2.4383,0.0751471,2.51429
2.43039,0.0750575,2.50628
2.36364,0.0749208,2.43937
2.38753,0.0748637,2.4632
2.39051,0.0752529,2.46657
2.42418,0.0748685,2.4999
2.35487,0.0751558,2.43085
2.36693,0.0751643,2.44293
2.37635,0.0751793,2.45234
2.36058,0.0749927,2.43639
2.34062,0.0753025,2.41674
2.3506,0.0757813,2.42718
2.40474,0.0749934,2.48054
2.35305,0.0747647,2.42865
2.31596,0.0752062,2.39198
2.34074,0.0749684,2.41652
2.3311,0.0754867,2.40739
2.3724,0.0748517,2.44806
2.3892,0.0751462,2.46517
2.42588,0.0748102,2.5015
2.3658,0.0750252,2.44165
2.35429,0.0748161,2.42993
2.39066,0.0749503,2.46642
2.30477,0.0752458,2.38082
2.38534,0.074909,2.46108
2.36829,0.0748775,2.44401
2.34237,0.0749028,2.41808
2.38146,0.0750035,2.45726
2.39779,0.0753468,2.47397
2.31521,0.0748251,2.39083
2.36803,0.0750715,2.44392
2.32125,0.0751583,2.39724
2.33131,0.0750023,2.40708
2.35032,0.0748854,2.42603
2.35363,0.0747464,2.42918
2.31573,0.0752253,2.39177
2.37161,0.0750507,2.44748
2.44753,0.0752571,2.5236
2.31525,0.0750553,2.39115
12 threads per task
2.36376,0.0751309,2.43971
2.33383,0.0750774,2.40974
2.32179,0.0748291,2.39743
2.44346,0.0747703,2.51903
2.32185,0.0748122,2.39748
2.37122,0.0747213,2.44675
2.36262,0.0753632,2.43879
2.34173,0.0752518,2.41778
2.34976,0.0751517,2.42573
2.42706,0.0750678,2.50297
2.31673,0.0750994,2.39264
2.38142,0.0752229,2.45749
2.40217,0.0748476,2.47784
2.37034,0.074842,2.44603
2.42752,0.0752148,2.50352
2.33352,0.0749702,2.4093
2.31142,0.0749367,2.38717
2.34338,0.0751918,2.41937
2.3417,0.075224,2.41773
2.40759,0.0751584,2.48356
2.36517,0.075624,2.44165
2.3525,0.0752209,2.42855
2.40135,0.075538,2.47769
2.30673,0.0748328,2.38237
2.35673,0.076005,2.43353
2.31489,0.0748944,2.39061
2.32491,0.0753137,2.40103
2.38134,0.0752224,2.45736
2.35284,0.074885,2.42856
2.2928,0.0749757,2.3686
2.31862,0.0754896,2.39492
2.40882,0.0749177,2.48457
2.38999,0.0751474,2.46595
2.41871,0.0750666,2.49458
2.36346,0.0751073,2.43938
2.352,0.0747908,2.4276
2.30722,0.07479,2.38283
2.36788,0.0751474,2.44385
2.37909,0.0749906,2.45488
2.40776,0.0749265,2.4835
2.36678,0.0747998,2.4424
2.30668,0.0748992,2.38239
2.36921,0.0752384,2.44525
2.36318,0.0750751,2.43906
2.35125,0.0749964,2.42705
2.36849,0.0749686,2.44426
2.37011,0.0751975,2.44614
2.38314,0.0748784,2.45883
2.32282,0.0747609,2.39841
2.36713,0.0749363,2.44292
2.44744,0.0751059,2.52335
13 threads per task
2.36321,0.0750065,2.43906
2.32027,0.0748024,2.39589
2.38348,0.0748557,2.45914
2.31569,0.0750077,2.39151
2.40424,0.0750456,2.48009
2.367,0.0750002,2.44282
2.3656,0.0752984,2.44167
2.45744,0.0750693,2.53331
2.46673,0.0748766,2.54242
2.37202,0.0749041,2.44773
2.33982,0.075385,2.41604
2.31464,0.0748734,2.39033
2.3123,0.0750393,2.38814
2.32518,0.0748911,2.40088
2.37893,0.0748121,2.45457
2.40573,0.0749429,2.48148
2.43193,0.0750141,2.50778
2.33327,0.0751188,2.40919
2.31397,0.0752672,2.39007
2.36757,0.0751858,2.44356
2.32027,0.0750619,2.39619
2.39926,0.0750543,2.47516
2.34306,0.0748326,2.4187
3.32479,0.0746142,3.40025
2.3679,0.0750318,2.44375
2.35583,0.0750496,2.4317
2.36826,0.0750906,2.44416
2.31643,0.0748771,2.39211
2.34454,0.0751767,2.42052
2.40071,0.0748276,2.47635
2.44414,0.074978,2.51999
2.30515,0.0748732,2.38087
2.40986,0.0749433,2.48562
2.36779,0.0752403,2.44386
2.39746,0.0748182,2.47309
2.34745,0.0752378,2.42349
2.35169,0.0748603,2.42738
2.31949,0.0747784,2.39507
2.36569,0.0748371,2.44135
2.31999,0.0749963,2.3958
2.34728,0.0748984,2.42302
2.31617,0.07483,2.39184
2.35646,0.0750871,2.43236
2.29603,0.0748503,2.37169
2.35722,0.0751187,2.43314
2.30571,0.0749383,2.38146
2.3867,0.0752972,2.46282
2.3353,0.0748969,2.41101
2.36962,0.0755891,2.44602
2.36441,0.0750734,2.44028
2.34441,0.0754707,2.4207
14 threads per task
2.39352,0.0750753,2.46941
2.3802,0.074842,2.45585
2.35171,0.0749193,2.42743
2.46059,0.0754647,2.53686
3.30787,0.0747682,3.38348
2.36156,0.0750289,2.43739
2.35098,0.0752877,2.42711
2.36845,0.0749029,2.44417
2.36848,0.0749268,2.44422
2.35283,0.0748791,2.42854
2.39499,0.0751156,2.47091
2.31621,0.0748425,2.39191
2.37031,0.0751222,2.44625
2.43776,0.0749654,2.51354
2.35547,0.0751227,2.4314
2.43572,0.0753084,2.51184
2.31474,0.0748366,2.39038
2.35642,0.0752108,2.43247
2.60285,0.0749231,2.6786
2.38854,0.0750685,2.46442
2.35405,0.0749286,2.42979
2.36832,0.074906,2.44408
2.33388,0.075205,2.40992
2.36722,0.0750861,2.44311
2.36479,0.0754561,2.44106
2.33107,0.0751019,2.40697
2.42529,0.0748728,2.50102
2.39462,0.0753305,2.47077
2.34706,0.0752173,2.42308
2.31512,0.0750033,2.39096
2.30687,0.075362,2.38306
2.35642,0.0749532,2.43218
2.31404,0.0749456,2.3898
2.39043,0.0753048,2.46658
2.31566,0.0752146,2.39169
2.36917,0.0755808,2.44556
2.40169,0.0752097,2.47772
2.36906,0.0750681,2.44493
2.3918,0.0752689,2.46789
2.37607,0.074995,2.45188
2.35055,0.0749835,2.42633
2.35223,0.0749063,2.42798
2.36971,0.0749456,2.44544
2.33664,0.0749806,2.41244
2.36544,0.0751195,2.44141
2.34357,0.0751839,2.41958
2.32868,0.0750127,2.40451
2.32119,0.0750002,2.39701
2.36283,0.0749496,2.43861
2.38681,0.0750304,2.46266
2.36114,0.074962,2.43691
15 threads per task
2.42082,0.0749098,2.49652
2.31465,0.075261,2.39072
2.33255,0.0749526,2.40829
2.39158,0.0748977,2.46728
2.30807,0.0748593,2.38373
2.35057,0.07503,2.4264
2.30575,0.0751282,2.38168
2.36906,0.0752883,2.44514
2.4689,0.0750712,2.54476
2.37163,0.0753901,2.44783
2.30383,0.0751812,2.37983
2.30428,0.0751072,2.38019
2.31782,0.0748186,2.39345
2.33983,0.075137,2.4158
2.30495,0.0748563,2.38061
2.33985,0.0750975,2.41576
2.35546,0.0748034,2.43108
2.35567,0.075328,2.43181
2.31437,0.0748108,2.38999
2.45349,0.0751935,2.52948
2.40909,0.0749527,2.48488
2.31863,0.0750609,2.3945
2.37519,0.0750666,2.45107
2.36712,0.0752959,2.44326
2.36486,0.0748101,2.44049
2.35491,0.0751297,2.43085
2.39244,0.0753329,2.46858
2.44353,0.0750952,2.51943
2.36763,0.0750083,2.44345
2.37286,0.0753513,2.44904
2.44003,0.0751008,2.51597
2.37437,0.0754009,2.45061
2.38376,0.0751679,2.45974
2.38858,0.0750316,2.46443
2.36258,0.0749119,2.4383
2.31821,0.0750499,2.39411
2.31527,0.0749568,2.39107
2.36117,0.0753164,2.43733
2.38042,0.0750796,2.4563
2.43217,0.0750227,2.50801
2.37045,0.0751928,2.44644
2.4432,0.0750702,2.51908
2.34696,0.0749478,2.42271
2.39076,0.0754446,2.46701
2.38405,0.0751176,2.45998
2.29995,0.075061,2.37584
2.3564,0.0748907,2.43211
2.34405,0.0752087,2.42006
2.30487,0.0748653,2.38056
2.43133,0.0752005,2.50736
2.34298,0.0749922,2.4188
16 threads per task
2.36679,0.0750339,2.44264
2.30955,0.0752345,2.38559
2.32869,0.0754696,2.40497
2.39214,0.0751817,2.46816
2.36516,0.075422,2.44139
2.39041,0.075082,2.46632
2.3649,0.0750852,2.44082
2.35289,0.0750717,2.42878
2.3038,0.0749725,2.3796
2.31757,0.0750246,2.39341
2.39253,0.0753164,2.46867
2.39405,0.0748638,2.46979
2.30603,0.0750731,2.38191
2.36424,0.0750295,2.44009
2.39107,0.0749419,2.46686
2.35864,0.0750314,2.43448
2.34056,0.0752838,2.41666
2.41082,0.0751264,2.48678
2.44318,0.0752545,2.5192
2.36987,0.074973,2.44567
2.31314,0.0750426,2.389
2.37095,0.0752242,2.44699
2.36771,0.0749867,2.44352
2.39044,0.0751884,2.46644
2.34133,0.0751542,2.41729
2.36753,0.0749555,2.4433
2.36352,0.0753048,2.43963
2.30668,0.0750275,2.38251
2.38918,0.0748907,2.46489
2.35589,0.0749047,2.43159
2.36171,0.0749264,2.43745
2.37921,0.0749002,2.45491
2.43652,0.0752282,2.51256
2.32369,0.0753059,2.39977
2.43181,0.0748705,2.50752
2.34461,0.0753018,2.42072
2.30744,0.0748596,2.38311
2.3062,0.0749337,2.38196
2.37395,0.0750532,2.44983
2.36005,0.0748268,2.43568
2.31401,0.0752798,2.39009
2.31659,0.0753278,2.39272
2.31505,0.07487,2.39073
2.37723,0.0753784,2.45344
2.42782,0.0753303,2.50391
2.36198,0.0753719,2.43818
2.36712,0.0748259,2.44275
2.46608,0.0748094,2.54169
2.36835,0.0748888,2.44404
2.33733,0.0749203,2.41309
2.34916,0.0752748,2.42524
17 threads per task
2.34358,0.0754192,2.41981
2.35802,0.0749321,2.43376
2.37161,0.0750399,2.44746
2.35593,0.0754112,2.43217
2.34393,0.0752914,2.42006
2.34569,0.0752034,2.42171
2.34751,0.0751104,2.42346
2.44205,0.074899,2.51775
2.3147,0.0751113,2.39062
2.45915,0.0751131,2.53506
3.33005,0.0746988,3.40556
2.31276,0.0752566,2.38883
2.36134,0.075291,2.43744
2.46091,0.0749537,2.53669
2.38716,0.0751318,2.46309
2.42549,0.0748912,2.50118
2.34712,0.0749059,2.42283
2.33216,0.0749901,2.40799
2.36446,0.0749136,2.4402
2.35738,0.0752099,2.43343
2.43474,0.0749891,2.51056
2.30566,0.075422,2.38189
2.36151,0.0749265,2.43721
2.30113,0.0752576,2.37719
2.40602,0.0749969,2.48183
2.37759,0.0752919,2.4537
2.34957,0.0752609,2.42563
2.31567,0.0751729,2.39165
2.36569,0.0750017,2.4415
2.40201,0.0750105,2.47784
2.3839,0.0752707,2.46
2.36102,0.0748875,2.43671
2.33972,0.0755858,2.41606
2.34952,0.0750073,2.42535
2.37225,0.0755944,2.44861
2.36098,0.0749054,2.4367
2.36767,0.075195,2.44366
2.38075,0.0751601,2.45672
2.31159,0.0749276,2.38734
2.42685,0.0748873,2.50256
2.39052,0.0749917,2.46633
2.36502,0.0750335,2.44089
2.31735,0.0750971,2.39325
2.34989,0.0749658,2.42569
2.33921,0.0751606,2.41522
2.32033,0.0750481,2.39622
2.42675,0.0752202,2.50279
2.36636,0.0752999,2.44251
2.36577,0.0757509,2.44234
2.36733,0.0749761,2.4431
2.36489,0.0748673,2.44057
18 threads per task
2.3275,0.0752023,2.40351
2.30036,0.074956,2.37615
2.36394,0.074911,2.43967
2.29511,0.0750995,2.37101
2.32712,0.0752595,2.40319
2.35358,0.075054,2.42946
2.31483,0.0753375,2.39101
2.39439,0.0748849,2.4701
2.41481,0.0750404,2.49069
2.29187,0.074978,2.36767
2.34416,0.0753002,2.42031
2.31473,0.0751331,2.39068
2.34141,0.0749867,2.4172
2.36333,0.0752687,2.43946
2.36727,0.0749606,2.44308
2.37554,0.0751611,2.45154
2.357,0.0751611,2.43299
2.38722,0.0750863,2.46311
2.43525,0.075237,2.51134
2.40143,0.0752465,2.47749
2.35678,0.0752401,2.43283
2.3607,0.0751668,2.43667
2.37312,0.0754393,2.44938
2.3624,0.0749165,2.43812
2.43538,0.075244,2.51147
2.41352,0.0749992,2.48934
2.39866,0.0750158,2.47449
2.36302,0.0749392,2.43877
2.30546,0.0750281,2.3813
2.41868,0.074858,2.49436
2.35553,0.0754217,2.43176
2.36301,0.0748836,2.43872
2.30426,0.074762,2.37982
2.41178,0.0770116,2.48961
2.34983,0.0752213,2.42588
2.3878,0.0754102,2.46403
2.37842,0.0749053,2.45414
2.35029,0.0749496,2.42605
2.34786,0.0750237,2.42371
2.33854,0.0748976,2.41425
2.42868,0.0750784,2.50458
2.35427,0.0752692,2.43034
2.38254,0.0752976,2.45865
2.35317,0.0748257,2.4288
2.35189,0.0750563,2.4278
2.31317,0.0751628,2.38913
2.33933,0.0749748,2.41512
2.37843,0.0751557,2.4544
2.35882,0.074874,2.43452
2.36092,0.0750594,2.43679
2.31375,0.0751187,2.38967
19 threads per task
2.31218,0.0750388,2.38806
2.36777,0.0749893,2.44357
2.38887,0.0749764,2.46466
2.36022,0.0750972,2.43617
2.40722,0.0751507,2.48318
2.33661,0.0749003,2.41233
2.33757,0.0752885,2.41367
2.34245,0.0751794,2.41845
2.36586,0.0749718,2.44167
2.3533,0.0749888,2.4291
2.36949,0.074791,2.44509
2.31411,0.0750602,2.38998
2.31222,0.0748311,2.38787
2.35312,0.0749307,2.42886
2.36713,0.0747856,2.44272
2.37915,0.075117,2.45509
2.30428,0.0749394,2.38003
2.37369,0.0752579,2.44976
2.36849,0.0749721,2.44427
2.37389,0.0750197,2.44977
2.36948,0.0749174,2.44521
2.36321,0.0752819,2.43931
2.31947,0.0751062,2.39539
2.37434,0.0749292,2.45008
2.4271,0.0753801,2.50331
2.34675,0.0749005,2.42248
2.35992,0.0751779,2.43592
2.37234,0.0750973,2.44824
2.40259,0.0749819,2.4784
2.30305,0.0748594,2.37871
2.37462,0.0751312,2.45056
2.34941,0.0751345,2.42535
2.3859,0.0748937,2.46161
2.30626,0.0748936,2.38196
2.36544,0.0752956,2.44158
2.35542,0.0753735,2.4316
2.33785,0.0748161,2.41349
2.35127,0.0750346,2.42713
2.3115,0.0748525,2.38717
2.36761,0.0749854,2.44341
2.41138,0.0752031,2.48739
2.35859,0.0749458,2.43435
2.35894,0.0748178,2.43458
2.37032,0.0749952,2.44613
2.35191,0.0749044,2.42764
2.35602,0.0753581,2.43218
2.29977,0.0751232,2.37571
2.40647,0.0753115,2.4826
2.35924,0.0749026,2.43496
2.34461,0.074995,2.42043
2.37019,0.0749556,2.44594
20 threads per task
2.31336,0.0748528,2.38903
2.36597,0.0749048,2.44169
2.39923,0.0753215,2.47536
2.42901,0.0751634,2.50499
2.36469,0.0752262,2.44073
2.35794,0.0753014,2.43406
2.31001,0.0750644,2.38588
2.30463,0.075595,2.38104
2.33588,0.0752403,2.41194
2.33739,0.0751525,2.41339
2.35707,0.0753232,2.43319
2.42596,0.07512,2.50189
2.30478,0.0750532,2.38064
2.35095,0.0748512,2.42662
2.37283,0.0749653,2.4486
2.34035,0.0750116,2.41621
2.31478,0.0750048,2.39061
2.36197,0.0750748,2.43786
2.31313,0.0748725,2.38881
2.31204,0.0748483,2.3877
2.42817,0.0752098,2.50421
2.39462,0.0749694,2.4704
2.35004,0.0750718,2.42592
2.40266,0.0756653,2.47914
2.45371,0.0749581,2.52948
2.35579,0.0748584,2.43148
2.3588,0.0748087,2.43446
2.45006,0.0747904,2.52566
2.35125,0.0749312,2.42699
2.3871,0.0751256,2.46302
2.35078,0.0754851,2.42709
2.36195,0.0747893,2.43756
2.32448,0.0750303,2.40031
2.35919,0.0750463,2.43508
2.3022,0.0750291,2.37807
2.38193,0.0748572,2.4576
2.30379,0.0749778,2.37961
2.35092,0.0751749,2.4269
2.59845,0.0752237,2.67449
2.43091,0.0750161,2.50676
2.40265,0.0750527,2.47851
2.42386,0.0748706,2.49955
2.30232,0.0750338,2.37816
2.30461,0.0751328,2.38056
2.32193,0.074968,2.39772
2.36634,0.0748704,2.44202
2.3265,0.0751933,2.4025
2.31527,0.0748197,2.39089
2.38225,0.0748162,2.45788
2.36687,0.0750741,2.44277
2.38144,0.0748607,2.45712
21 threads per task
2.3025,0.0753005,2.3786
2.37316,0.0750038,2.44898
2.35823,0.0752078,2.43424
2.37386,0.0751946,2.44988
2.41669,0.0753109,2.49281
2.30315,0.0749779,2.37898
2.35049,0.0752715,2.42657
2.34415,0.0751669,2.4202
2.32766,0.0750068,2.40348
2.31363,0.0754089,2.38985
2.36262,0.0749843,2.43842
2.44933,0.0754207,2.52555
2.32573,0.0750201,2.40157
2.32647,0.0750194,2.40233
2.43134,0.0750971,2.50726
2.37854,0.0749619,2.45431
2.36004,0.0749619,2.4358
2.3161,0.0749842,2.39189
2.32382,0.0750513,2.39972
2.31449,0.0749929,2.39029
2.37039,0.0748908,2.44609
2.35979,0.0753263,2.43595
2.36667,0.07505,2.44254
2.34895,0.0749643,2.42474
2.36658,0.0749872,2.44239
2.36573,0.0753586,2.44191
2.33007,0.0751532,2.40603
2.35328,0.0749153,2.429
2.30795,0.0751454,2.38392
2.36763,0.0752022,2.44365
2.3582,0.0749918,2.434
2.38683,0.0753485,2.463
2.30524,0.075103,2.38116
2.30536,0.0752818,2.38145
2.40819,0.0753394,2.48433
2.42493,0.0749094,2.50067
2.37821,0.0749189,2.45393
2.34514,0.0754931,2.42148
2.3111,0.075147,2.38706
2.37141,0.0752476,2.44746
2.38584,0.0748799,2.46154
2.43118,0.0750435,2.50708
2.36014,0.0751371,2.43609
2.32539,0.0748266,2.40102
2.31164,0.0753157,2.38777
2.38003,0.0750367,2.45593
2.33044,0.0750235,2.40626
2.36138,0.0749186,2.43715
2.38106,0.07504,2.4569
2.39372,0.0750627,2.4696
2.32935,0.0749247,2.40509
22 threads per task
2.34782,0.0754318,2.42408
2.30452,0.0749482,2.3803
2.3467,0.0751753,2.42268
2.38888,0.0750585,2.46478
2.33851,0.0748418,2.41415
2.38151,0.075358,2.45769
2.42341,0.0751977,2.49942
2.35616,0.0751888,2.43219
2.33755,0.0751777,2.41355
2.36233,0.0749623,2.43811
2.34599,0.0753568,2.42216
2.3126,0.0749985,2.3884
2.36533,0.0750239,2.44116
2.31467,0.0754929,2.39097
2.37517,0.0752299,2.45123
2.43577,0.074927,2.51153
2.42333,0.0751058,2.49928
2.36381,0.0752028,2.43985
2.33495,0.0749462,2.41072
2.35639,0.075195,2.43239
2.35519,0.0748467,2.43085
2.35327,0.0750093,2.42909
2.39406,0.0753341,2.47023
2.34479,0.0752496,2.42085
2.36463,0.0752715,2.44071
2.30215,0.0749524,2.37794
2.3046,0.0749548,2.38039
2.38694,0.0753726,2.46315
2.31617,0.0749944,2.39203
2.34415,0.0753404,2.42029
2.35314,0.0752002,2.42919
2.50621,0.0753342,2.58238
2.36079,0.0751207,2.43673
2.32115,0.0749184,2.39688
2.39707,0.0750712,2.47295
2.35946,0.0752157,2.43549
2.35191,0.0753867,2.42812
2.34347,0.0752762,2.41957
2.31546,0.0751415,2.3914
2.31488,0.0749077,2.39063
2.36082,0.0760514,2.43768
2.38301,0.0748673,2.45868
2.39302,0.0752471,2.46908
2.38063,0.0748766,2.45632
2.38046,0.0751933,2.45645
2.3874,0.0751328,2.46331
2.33738,0.0749188,2.4131
2.36419,0.0749575,2.43998
2.32009,0.0750246,2.39592
2.36055,0.0750097,2.43637
2.37927,0.0749868,2.45507
23 threads per task
2.44427,0.075272,2.5204
2.34234,0.0752337,2.41838
2.31114,0.0756078,2.3876
2.36254,0.0751743,2.43855
2.32027,0.0753159,2.39639
2.35518,0.0749346,2.43092
2.42848,0.0750602,2.50438
2.36852,0.0750878,2.44441
2.31331,0.075258,2.38938
2.40062,0.0755173,2.47695
2.34625,0.0749147,2.42197
2.35091,0.0752598,2.427
2.36023,0.0753605,2.43644
2.37085,0.0751472,2.44681
2.31982,0.0748557,2.3955
2.34477,0.0751265,2.42071
2.42253,0.0751412,2.49848
2.3695,0.0751742,2.44549
2.39064,0.0751345,2.46658
2.368,0.0750602,2.44388
2.31353,0.0754088,2.38976
2.35351,0.0751232,2.42945
2.3756,0.0754671,2.45188
2.34258,0.075024,2.41844
2.36242,0.0748881,2.43813
2.35273,0.0753324,2.42888
2.33912,0.0749202,2.41485
2.30774,0.0751561,2.38371
2.41345,0.0749711,2.48927
2.35646,0.0756824,2.433
2.36641,0.0754354,2.44267
2.31892,0.0750501,2.39479
2.34798,0.0752976,2.42406
2.31664,0.0750483,2.39246
2.34636,0.0752839,2.42246
2.34802,0.0752656,2.42412
2.31454,0.0752615,2.39061
2.30767,0.0751434,2.38363
2.35003,0.0748734,2.42572
2.36757,0.074927,2.44331
2.36106,0.0752585,2.43712
2.36215,0.0748937,2.43789
2.38012,0.0751766,2.45612
2.38269,0.0749273,2.45844
2.34394,0.0750523,2.41982
2.39259,0.075311,2.4687
2.29906,0.0754054,2.37527
2.30448,0.0750018,2.38029
2.37789,0.0753947,2.4541
2.31649,0.074973,2.39228
2.35714,0.0749472,2.43291
24 threads per task
2.35151,0.07516,2.42747
2.30953,0.0750111,2.38536
2.40124,0.0755152,2.4776
2.30614,0.0756728,2.38264
2.33955,0.0751263,2.4155
2.3448,0.0757022,2.42134
2.35017,0.0749536,2.42593
2.3627,0.0755489,2.439
2.37999,0.0751815,2.456
2.35652,0.0759517,2.43327
2.37699,0.0752858,2.45306
2.30303,0.0754246,2.37927
2.44279,0.0750844,2.51869
2.36858,0.0754317,2.44482
2.35858,0.075417,2.43481
2.33056,0.0752808,2.40666
2.31015,0.075216,2.3862
2.36241,0.0749664,2.4382
2.36865,0.0751718,2.44461
2.40626,0.0749416,2.48203
2.34381,0.074969,2.4196
2.37481,0.0751333,2.45077
2.34923,0.0751481,2.42518
2.30547,0.0749858,2.38128
2.37512,0.0752357,2.45116
2.4194,0.0753311,2.49555
2.36068,0.0753069,2.4368
2.34799,0.0750555,2.42386
2.364,0.0749194,2.43972
2.30285,0.0750579,2.37873
2.32876,0.0751227,2.40469
2.3054,0.075357,2.38156
2.51807,0.0750036,2.59388
2.35279,0.0749685,2.42857
2.33423,0.0750203,2.41007
2.35196,0.0752643,2.42803
2.35818,0.0753278,2.43437
2.39064,0.0750426,2.4665
2.3551,0.0750071,2.43093
2.4407,0.074857,2.51638
2.31361,0.0750896,2.38952
2.30556,0.0752266,2.38158
2.36213,0.0752618,2.43824
2.33848,0.0753144,2.41461
2.34491,0.0751879,2.42095
2.32324,0.0754099,2.39945
2.3182,0.0753288,2.39435
2.39219,0.0751892,2.4682
2.36923,0.0752257,2.4453
2.35486,0.0749228,2.4306
2.39113,0.0750094,2.46695
25 threads per task
2.35045,0.075379,2.42664
2.35239,0.0750215,2.42827
2.41971,0.0751188,2.49565
2.36218,0.075201,2.43823
2.36363,0.0748926,2.43933
2.33729,0.075163,2.41326
2.31218,0.075091,2.38808
2.42533,0.0751197,2.50126
2.3571,0.075066,2.43296
2.38179,0.0751802,2.45779
2.37062,0.0752399,2.44667
2.43422,0.0749009,2.50994
2.35074,0.0748726,2.42643
2.46477,0.0754198,2.54101
2.40917,0.0751409,2.48512
2.36557,0.0753221,2.4417
2.33901,0.0752833,2.41513
2.36324,0.0753183,2.43936
2.37674,0.0751318,2.4527
2.36977,0.0749566,2.44556
2.3475,0.0754326,2.42378
2.36358,0.0752473,2.43963
2.36123,0.074898,2.43693
2.35104,0.0749633,2.42681
2.30187,0.0752789,2.37797
2.37421,0.0754491,2.45047
2.31245,0.0749165,2.38818
2.36417,0.0749064,2.43988
2.35186,0.0754146,2.4281
2.36151,0.0751286,2.43745
2.38979,0.0750115,2.46562
2.36822,0.0751848,2.44422
2.30917,0.0749983,2.38502
2.3605,0.0751944,2.43651
2.4301,0.0752198,2.50613
2.31761,0.0751591,2.39358
2.33986,0.0753362,2.41602
2.31901,0.0750069,2.39485
2.36148,0.0752374,2.43752
2.33867,0.0753367,2.41481
2.36101,0.0749692,2.43679
2.31505,0.0749778,2.39083
2.31108,0.0756015,2.38748
2.37314,0.0753607,2.44931
2.52643,0.0750598,2.60231
2.36243,0.0751608,2.43839
2.40321,0.0751429,2.47917
2.31044,0.0750982,2.38634
2.31541,0.0749801,2.3912
2.31766,0.0753599,2.39382
2.34971,0.0752344,2.42575
26 threads per task
2.30876,0.0749701,2.38452
2.40368,0.0751561,2.47965
2.3693,0.0751706,2.44532
2.35169,0.0751003,2.4276
2.46001,0.0753908,2.53621
2.31162,0.0749456,2.38737
2.36521,0.0751899,2.44121
2.36445,0.0750355,2.44033
2.34398,0.075306,2.42009
2.36704,0.0750721,2.44293
2.31191,0.0749261,2.38765
2.35282,0.0751473,2.42881
2.34053,0.075279,2.41662
2.36726,0.0756494,2.44376
2.37036,0.0749494,2.44613
2.31281,0.0752369,2.38887
2.34999,0.0753141,2.42613
2.35154,0.0750002,2.42735
2.40277,0.0749941,2.47858
2.30949,0.0749334,2.38527
2.36098,0.0750889,2.43687
2.33375,0.0769308,2.41151
2.3532,0.0750272,2.42903
2.31714,0.0752554,2.39324
2.40123,0.0750851,2.47714
2.33258,0.0751669,2.40856
2.30507,0.0750011,2.38087
2.34966,0.0753326,2.42581
2.45314,0.0749677,2.52892
2.34665,0.0752609,2.42271
2.36295,0.0751592,2.43893
2.31268,0.075391,2.38888
2.30573,0.0752613,2.38181
2.3315,0.07529,2.4076
2.35183,0.0753229,2.42795
2.31476,0.0754711,2.39107
2.3634,0.0751289,2.43936
2.3273,0.0753256,2.40347
2.31785,0.075124,2.39381
2.31249,0.0750847,2.38837
2.35556,0.0751217,2.43149
2.36893,0.0749683,2.44473
2.34019,0.0751886,2.41619
2.31556,0.0754296,2.3918
2.33952,0.0749978,2.41533
2.34624,0.0750216,2.42211
2.31567,0.0750567,2.39154
2.38524,0.0750675,2.46117
2.30339,0.0750619,2.37925
2.31236,0.0749993,2.38817
2.36058,0.0750415,2.43643
27 threads per task
2.29797,0.0750655,2.37386
2.40432,0.075381,2.48051
2.35471,0.0751275,2.43065
2.45615,0.0751542,2.53213
2.36601,0.0750981,2.44191
2.38792,0.0751866,2.46395
2.38087,0.075213,2.4569
2.36627,0.0751511,2.44224
2.38643,0.0752412,2.46248
2.39838,0.0748941,2.47409
2.37156,0.0752111,2.44754
2.43519,0.0750796,2.51108
2.36681,0.0752888,2.44291
2.31861,0.0751678,2.39459
2.35413,0.0749117,2.42983
2.3422,0.075089,2.41809
2.34599,0.0750649,2.42187
2.35653,0.0750315,2.43236
2.36652,0.0754475,2.44279
2.32788,0.0753842,2.40409
2.342,0.0752357,2.41805
2.35349,0.075364,2.42968
2.34136,0.0750205,2.41719
2.36815,0.0752915,2.44426
2.34526,0.0760026,2.42206
2.37509,0.0750338,2.45095
2.36723,0.0749166,2.44295
2.36216,0.0752104,2.43818
2.31415,0.0751967,2.3901
2.43863,0.0753768,2.51481
2.37374,0.0753882,2.44995
2.34913,0.0749397,2.42488
2.4163,0.0750196,2.49213
2.45389,0.0752278,2.52993
2.30386,0.0753431,2.38003
2.30095,0.0749412,2.37671
2.37704,0.0750105,2.45285
2.31621,0.0751241,2.39217
2.35671,0.0752675,2.43279
2.37502,0.0749992,2.45084
2.37731,0.0752072,2.45333
2.31315,0.0749548,2.3889
2.33639,0.0753157,2.41251
2.33276,0.0753809,2.40896
2.4181,0.0748898,2.49382
2.3126,0.0755189,2.38893
2.31087,0.0750206,2.3867
2.31418,0.0754915,2.39048
2.30385,0.0749337,2.37961
2.40957,0.0755683,2.48595
2.36697,0.0751496,2.44294
28 threads per task
2.33419,0.0754539,2.4105
2.40558,0.0753674,2.48174
2.38005,0.074962,2.45581
2.32899,0.0752191,2.40503
2.37864,0.0753082,2.45476
2.36213,0.0756428,2.43858
2.31548,0.0752707,2.39157
2.35017,0.0753249,2.4263
2.36336,0.075593,2.43977
2.35451,0.0752821,2.4306
2.36478,0.075059,2.44067
2.36496,0.0751177,2.4409
2.42862,0.0755897,2.50502
2.30474,0.0753828,2.38093
2.36514,0.0752743,2.44122
2.41982,0.0753235,2.49595
2.36981,0.075024,2.44566
2.36011,0.0754171,2.43633
2.3591,0.0754424,2.43539
2.35737,0.075222,2.43339
2.30126,0.0753694,2.37747
2.40321,0.0752543,2.47927
2.37632,0.0750586,2.4522
2.38609,0.0754313,2.46234
2.38732,0.075012,2.46319
3.3267,0.0749206,3.40245
2.36033,0.0752761,2.43641
2.36874,0.0749119,2.44446
2.36314,0.0751449,2.4391
2.35563,0.0749163,2.43136
2.31345,0.0753725,2.38966
2.43327,0.0748895,2.50897
2.30717,0.0752887,2.38326
2.34739,0.0750374,2.42327
2.36849,0.0753511,2.44464
2.38659,0.0753804,2.46278
2.31791,0.0761759,2.39491
2.36215,0.0754827,2.43847
2.3637,0.0753997,2.43989
2.35585,0.0748703,2.43155
2.45581,0.0753568,2.532
2.30297,0.0754002,2.37918
2.38085,0.0750359,2.45671
2.3738,0.0751207,2.44974
2.3116,0.0751084,2.38751
2.34004,0.0752064,2.41606
2.36425,0.0750172,2.44011
2.38761,0.0749591,2.46337
2.36074,0.0754606,2.43702
2.36973,0.0751862,2.44576
2.31269,0.0752383,2.38872
29 threads per task
2.36797,0.0755076,2.44431
2.30396,0.0754432,2.38021
2.30235,0.0749466,2.3781
2.38097,0.0752924,2.45708
2.30412,0.0749842,2.3799
2.36909,0.0757095,2.44559
2.3888,0.0752058,2.46484
2.41863,0.0753437,2.49478
2.31574,0.0751912,2.39177
2.35429,0.0751805,2.43027
2.36251,0.0752054,2.43853
2.33899,0.0750179,2.41481
2.29705,0.0753512,2.37325
2.31302,0.0750551,2.38887
2.35011,0.0749964,2.42593
2.39042,0.0751174,2.46633
2.3009,0.0754435,2.37717
2.31362,0.0749957,2.38943
2.36436,0.0751085,2.44032
2.32946,0.0751038,2.40537
2.35849,0.07534,2.43463
2.3858,0.0753724,2.46198
2.40159,0.0753966,2.47779
2.37093,0.0752227,2.44697
2.32203,0.0754673,2.3983
2.35391,0.0750628,2.42975
2.3542,0.0754877,2.43055
2.3155,0.0751032,2.39141
2.33925,0.0753257,2.41538
2.36784,0.0754323,2.44409
2.3637,0.0750555,2.43956
2.36358,0.0750568,2.43944
2.31892,0.0749153,2.39464
2.37388,0.0752162,2.44991
2.49064,0.0749951,2.56645
2.33891,0.0754809,2.41522
2.34358,0.0752258,2.41961
2.30998,0.0751593,2.38596
2.31932,0.07556,2.39573
2.46295,0.0752469,2.539
2.34227,0.0753478,2.41842
2.40137,0.0752601,2.47744
2.3648,0.07494,2.44056
2.3863,0.0751546,2.46226
2.36188,0.0752175,2.43792
2.29797,0.0750473,2.37382
2.39384,0.0755257,2.4702
2.36521,0.0751516,2.44116
2.33695,0.0750726,2.41284
2.31163,0.0757595,2.3882
2.38107,0.0756588,2.45759
30 threads per task
2.35275,0.0750208,2.42857
2.36982,0.0756706,2.4463
2.31675,0.0754203,2.39302
2.40245,0.0756395,2.47895
2.44691,0.0749304,2.52266
2.36035,0.0750373,2.43623
2.35161,0.0754212,2.42784
2.37828,0.0750234,2.45412
2.41852,0.0751666,2.4945
2.36988,0.0749337,2.44563
2.31487,0.0754742,2.39115
2.32062,0.0752452,2.39667
2.36308,0.0752636,2.43914
2.34975,0.0754254,2.42598
2.31389,0.0752192,2.38994
2.36609,0.0749843,2.44187
2.38098,0.0755466,2.45733
2.40131,0.0753179,2.47747
2.36512,0.0754193,2.44138
2.35686,0.0754754,2.43317
2.38008,0.0754697,2.45635
2.31271,0.0754413,2.38896
2.38051,0.0754564,2.45678
2.31081,0.0752994,2.38692
2.39044,0.0752499,2.46649
2.34847,0.0755038,2.42478
2.36748,0.0754116,2.44369
2.39085,0.0753207,2.46698
2.29218,0.0749411,2.36793
2.37183,0.0754347,2.44807
2.33871,0.0749547,2.41448
2.36553,0.0762094,2.44254
2.38915,0.0753123,2.46527
2.38364,0.07499,2.45944
2.3555,0.0755166,2.43182
2.31455,0.0754089,2.39077
2.37561,0.0751221,2.45156
2.30457,0.0754003,2.38078
2.30817,0.0751042,2.38404
2.36359,0.0753418,2.43972
2.40628,0.0752276,2.48235
2.36417,0.0751455,2.44012
2.31572,0.0750854,2.39162
2.32893,0.0753851,2.40514
2.43225,0.0750949,2.50815
2.32039,0.0749404,2.39612
2.31555,0.0753251,2.39168
2.41821,0.0749485,2.49396
2.37815,0.0753882,2.45435
2.35106,0.0751359,2.427
2.34915,0.0754741,2.42547
31 threads per task
2.34697,0.0749759,2.42273
2.42553,0.0751245,2.50146
2.36302,0.0753378,2.43918
2.34002,0.0753467,2.41617
2.31631,0.0753699,2.39249
2.32132,0.0755943,2.39776
2.35217,0.0752171,2.42819
2.4196,0.0760803,2.49649
2.33109,0.075223,2.40712
2.31221,0.076315,2.38934
2.40025,0.0749803,2.47604
2.31263,0.0753241,2.38876
2.36138,0.0751095,2.43731
2.36161,0.0758636,2.43827
2.43955,0.0751971,2.51556
2.36818,0.0753454,2.44437
2.3149,0.0754828,2.3912
2.35954,0.0751696,2.43552
2.30313,0.0750483,2.37899
2.31367,0.0754533,2.38993
2.43341,0.0751183,2.50933
2.38258,0.0753026,2.4587
2.42123,0.0754638,2.4975
2.3125,0.0755002,2.38881
2.31475,0.0751153,2.39067
2.35234,0.0753514,2.4285
2.36309,0.0756724,2.43956
2.31776,0.0751232,2.39371
2.34711,0.075161,2.42308
2.43728,0.0749968,2.51309
2.30838,0.0752282,2.38442
2.36678,0.0755408,2.44314
2.31238,0.0752591,2.38845
2.38365,0.0753606,2.45982
2.33962,0.0751644,2.4156
2.39915,0.0752536,2.47522
2.30645,0.0762155,2.38347
2.36811,0.0754598,2.44437
2.38548,0.0752567,2.46155
2.32521,0.0751612,2.40118
2.34737,0.0755883,2.42374
2.35007,0.0751347,2.42602
2.31269,0.0755176,2.38901
2.37383,0.0750365,2.44968
2.31176,0.0751669,2.38774
2.34335,0.0751612,2.41932
2.36411,0.0751448,2.44006
2.50192,0.0753714,2.57811
2.36529,0.0753646,2.44146
2.31732,0.0752787,2.39341
2.3285,0.0750654,2.40437
32 threads per task
2.40039,0.0753803,2.47658
2.37709,0.0756078,2.45351
2.33686,0.0752183,2.4129
2.34899,0.0753059,2.42511
2.32426,0.0750452,2.40012
2.39709,0.0755318,2.47341
2.36138,0.0754346,2.43763
2.3151,0.0753426,2.39128
2.3155,0.0753811,2.39164
2.40941,0.0751376,2.48536
2.33718,0.0755845,2.41357
2.43434,0.075103,2.51025
2.33528,0.0749635,2.41105
2.36587,0.0752697,2.44195
2.36521,0.0751552,2.44118
2.43654,0.075167,2.51252
2.3105,0.0756141,2.38692
2.33896,0.0751585,2.41492
2.36299,0.0752525,2.43906
2.34774,0.0750695,2.42361
2.36261,0.0756663,2.43909
2.43049,0.0752102,2.50649
2.30661,0.0752326,2.38265
2.36287,0.0755618,2.43924
2.43279,0.0752517,2.50887
2.35981,0.0757203,2.43637
2.34618,0.0751599,2.42219
2.37122,0.0751355,2.44719
2.35637,0.0752849,2.4325
2.34872,0.0750436,2.42458
2.40432,0.0754668,2.4806
2.4022,0.0756002,2.47866
2.34442,0.0750781,2.42034
2.3044,0.0750802,2.38029
2.34753,0.0752998,2.42364
2.35987,0.0752367,2.43593
2.30697,0.0753735,2.38317
2.31513,0.0750452,2.39104
2.32242,0.0750939,2.39832
2.36497,0.0750025,2.44081
2.31836,0.0755716,2.39473
2.38262,0.075101,2.45853
2.38981,0.0754645,2.46611
2.31151,0.0751462,2.38747
2.32173,0.0752397,2.39778
2.36432,0.0752894,2.44039
2.39191,0.0750711,2.4678
2.3333,0.0751061,2.40922
2.43334,0.0752536,2.5094
2.36311,0.0750406,2.43896
2.33961,0.0756238,2.41604
