1 task per node
1 threads per task
6.34019,0.013718,6.35405
6.06433,0.0138083,6.07825
6.13593,0.0137325,6.14978
6.35129,0.0137403,6.36515
6.01731,0.0138208,6.03126
6.13011,0.013789,6.14402
6.28785,0.0140182,6.30199
6.07595,0.0137955,6.08988
6.0638,0.0137349,6.07767
6.14271,0.0137572,6.15658
6.20968,0.0138079,6.22361
6.18033,0.0136995,6.19415
6.3842,0.0137268,6.39804
6.01765,0.0137268,6.0315
6.03831,0.0137683,6.0522
6.06802,0.0136723,6.08181
6.08817,0.0137238,6.10201
6.13967,0.0137349,6.15353
6.1392,0.0137595,6.15308
6.08525,0.0138149,6.09918
6.22631,0.0140443,6.24047
6.18182,0.01412,6.19606
6.16513,0.0137185,6.17897
6.1376,0.0137693,6.15149
6.11149,0.0137981,6.12541
6.1227,0.0137606,6.13658
8.12175,0.0138219,8.13569
6.13836,0.0137468,6.15223
6.13816,0.0141006,6.15239
6.11153,0.0138111,6.12546
6.23263,0.0136932,6.24644
6.14342,0.0139722,6.15752
6.07237,0.0138599,6.08635
6.1151,0.0137334,6.12896
6.14693,0.0137543,6.16081
6.13505,0.0137454,6.14892
6.38362,0.013808,6.39755
6.01796,0.0136911,6.03177
6.01572,0.0139585,6.02981
6.2151,0.0137834,6.22901
6.01511,0.0139789,6.02921
6.13434,0.0137416,6.1482
6.11966,0.0137246,6.13351
6.07201,0.0140683,6.0862
6.09365,0.0138245,6.1076
6.07457,0.013739,6.08842
6.11314,0.0137075,6.12697
6.13472,0.0137429,6.14859
6.08766,0.0138165,6.10159
6.10525,0.0137868,6.11915
6.08876,0.0137368,6.10261
2 threads per task
6.00967,0.00917533,6.01896
6.2837,0.00922056,6.29304
6.24397,0.00916814,6.25326
6.02189,0.00927102,6.03128
6.14898,0.00920234,6.15832
6.10186,0.00920147,6.11118
6.15553,0.00918603,6.16484
6.09785,0.00943011,6.1074
6.3754,0.00917841,6.38471
6.08547,0.0092662,6.09485
6.1406,0.00934516,6.15006
6.00436,0.00921154,6.0137
6.04335,0.00919242,6.05267
6.21554,0.0094753,6.22514
6.19204,0.00932407,6.20148
6.17601,0.00932536,6.18546
6.12837,0.00921962,6.13772
6.08541,0.0092851,6.09482
6.01817,0.00928482,6.02759
6.27779,0.0091791,6.28709
6.15566,0.00928291,6.16508
6.011,0.00921361,6.02035
6.15059,0.00947135,6.16018
6.15044,0.00925949,6.15982
6.03036,0.0092156,6.03969
6.13762,0.00929967,6.14704
6.09448,0.00948545,6.10408
6.09477,0.00920041,6.10409
6.16649,0.00918955,6.17581
6.33555,0.0091794,6.34485
6.11546,0.00917252,6.12476
6.01721,0.00927442,6.02661
6.0871,0.00924508,6.09646
5.9931,0.00950499,6.00272
6.06523,0.0092751,6.07462
6.03303,0.00922989,6.04238
6.02168,0.00927796,6.03108
6.17138,0.00925198,6.18075
6.03401,0.00919243,6.04333
6.14992,0.00947857,6.15953
6.10837,0.00916628,6.11766
6.14079,0.00919415,6.1501
6.10962,0.00929123,6.11903
6.13092,0.00918694,6.14022
6.15133,0.00928381,6.16074
6.1154,0.00925951,6.12479
5.99557,0.00924531,6.00494
6.02746,0.00928786,6.03687
6.13801,0.00920291,6.14733
6.19836,0.00917544,6.20766
6.1195,0.00920907,6.12883
3 threads per task
6.2183,0.00679777,6.22522
6.30039,0.00684088,6.30736
6.00144,0.00675607,6.00831
6.06831,0.00685242,6.07529
6.00179,0.00685355,6.00877
6.09203,0.00682377,6.09899
6.06835,0.00682232,6.0753
6.13722,0.00679072,6.14413
6.03515,0.006984,6.04225
6.15518,0.0068068,6.16211
6.12256,0.00689925,6.12958
6.11553,0.006922,6.12258
6.09582,0.00682848,6.10277
6.05494,0.00693617,6.06201
6.204,0.00691199,6.21105
6.38336,0.00684086,6.39033
6.01746,0.00681163,6.02441
6.01309,0.00681375,6.02002
6.22505,0.00687566,6.23205
6.17163,0.00693433,6.17868
6.25451,0.00689131,6.26152
6.13812,0.00682196,6.14506
6.08042,0.00694721,6.08749
6.06425,0.00682767,6.0712
6.20891,0.00690734,6.21594
6.0647,0.00686345,6.07169
6.172,0.00680207,6.17895
6.01637,0.00679343,6.02328
6.0823,0.00686372,6.08928
6.12458,0.00691762,6.13162
6.14127,0.00690647,6.1483
6.10992,0.00708331,6.11713
6.14566,0.00687248,6.15266
6.1296,0.00691759,6.13665
6.17215,0.0068566,6.17913
6.12311,0.00682829,6.13006
6.38131,0.00681682,6.38825
6.12157,0.00683627,6.12854
6.03822,0.00697081,6.04532
6.1691,0.00685471,6.17608
6.04961,0.0068497,6.0566
6.11913,0.00687092,6.12612
6.06992,0.00680018,6.07684
6.16451,0.00693155,6.17156
6.18084,0.00682768,6.18779
6.23142,0.00698176,6.23853
6.02517,0.00696157,6.03225
6.21237,0.00689062,6.21939
6.14705,0.00682429,6.154
6.03,0.00679442,6.03693
6.02061,0.00685277,6.02759
4 threads per task
6.0621,0.00567872,6.06791
6.14044,0.00568628,6.14625
6.12193,0.00563809,6.12769
6.08717,0.00558616,6.09288
6.16264,0.00573466,6.16849
6.1492,0.00562068,6.15494
6.10665,0.0055936,6.11237
6.01398,0.00591825,6.02003
6.14973,0.00576895,6.15562
5.99062,0.00567074,5.99641
6.1579,0.00565046,6.16367
6.07824,0.00564956,6.08401
6.06857,0.00560013,6.07429
6.10339,0.00567337,6.10919
6.06866,0.0056006,6.07439
6.02982,0.00563699,6.03559
6.2326,0.0056195,6.23834
6.01177,0.00562185,6.01752
6.0212,0.00595015,6.02729
6.15523,0.0055903,6.16094
6.07491,0.00562209,6.08066
6.21156,0.00566468,6.21735
6.12743,0.0055986,6.13315
6.13848,0.00577518,6.14438
6.26313,0.00565202,6.26891
6.02858,0.00562551,6.03433
6.11866,0.00609061,6.12488
6.08071,0.00558781,6.08643
6.14969,0.00561489,6.15543
6.2314,0.00573641,6.23726
6.12457,0.00568742,6.1304
6.19295,0.0055962,6.19867
6.14763,0.00571307,6.15346
6.19812,0.00585333,6.20411
6.08633,0.00560512,6.09205
6.02252,0.00563346,6.02827
6.05388,0.00586446,6.05987
6.13412,0.00567564,6.13992
6.0222,0.00586178,6.02818
6.07344,0.00564045,6.0792
6.13314,0.00566573,6.13893
6.26523,0.00590521,6.27126
6.21611,0.00569707,6.22193
6.0587,0.00562974,6.06446
6.1279,0.00591323,6.13393
6.20595,0.00570193,6.21178
6.13161,0.00561798,6.13735
6.11556,0.00590013,6.12158
6.02104,0.00574812,6.02691
6.05735,0.00561392,6.0631
6.09942,0.00557714,6.10511
5 threads per task
6.13005,0.00487536,6.13504
6.06374,0.00485024,6.06872
6.24817,0.00489059,6.25319
6.34116,0.00486622,6.34615
6.18786,0.00488492,6.19287
6.00459,0.00503536,6.00976
6.07031,0.004889,6.07532
6.07242,0.00514384,6.07768
6.0823,0.00482743,6.08725
6.07784,0.00483467,6.0828
6.13873,0.00484813,6.14369
6.15236,0.00490139,6.15738
6.05952,0.00487742,6.06452
6.07705,0.0048811,6.08206
6.00128,0.00489764,6.0063
6.15973,0.0048726,6.16472
6.04322,0.00489581,6.04824
6.11553,0.00488102,6.12054
6.1021,0.00493064,6.10716
6.24024,0.00492245,6.2453
6.13236,0.00510147,6.13759
6.12013,0.00485098,6.12511
6.14078,0.00490875,6.14581
6.05766,0.00484938,6.06264
6.06787,0.00510122,6.07309
6.10221,0.00490051,6.10723
6.33898,0.00493093,6.34405
6.13242,0.00516173,6.1377
6.11287,0.00493085,6.11792
6.04909,0.00494525,6.05415
6.07202,0.00487522,6.07703
6.23026,0.00485759,6.23524
6.25867,0.00510619,6.26389
6.11436,0.00497351,6.11947
6.06118,0.00487709,6.06619
6.38488,0.0048995,6.38991
6.12221,0.00489578,6.12722
6.07569,0.00491367,6.08074
6.65827,0.00491919,6.66331
6.11593,0.00485446,6.12091
6.19929,0.00487391,6.20429
5.99701,0.00516357,6.0023
6.19309,0.0051408,6.19835
6.12261,0.00490446,6.12765
6.20602,0.0048778,6.21103
6.36214,0.00485014,6.36711
6.06115,0.00491028,6.06619
6.03802,0.00493619,6.04309
6.16961,0.00487085,6.1746
6.06523,0.00488094,6.07023
6.021,0.00514804,6.02627
6 threads per task
6.01171,0.00433672,6.01619
6.14024,0.0043339,6.14471
6.12416,0.00427638,6.12857
6.00309,0.00429764,6.00752
6.11705,0.00432658,6.12151
6.08651,0.00428473,6.09092
6.14123,0.0043048,6.14566
6.0479,0.00432371,6.05236
6.02049,0.00452101,6.02515
6.11849,0.00431428,6.12293
6.14013,0.00428419,6.14455
6.19155,0.00434226,6.19601
6.13047,0.00456005,6.13515
6.15151,0.00430175,6.15593
6.07285,0.00433136,6.0773
6.41323,0.00427799,6.41764
6.06719,0.00432445,6.07166
6.08498,0.00428269,6.08938
6.00013,0.00437148,6.00463
6.36515,0.00432248,6.3696
6.09555,0.0043362,6.10002
6.04067,0.00429721,6.0451
6.03081,0.00453575,6.0355
6.12775,0.00456135,6.13245
6.16778,0.00429588,6.17221
6.06817,0.00457146,6.07288
5.9958,0.00432427,6.00025
6.23837,0.00428618,6.24279
6.17747,0.00439768,6.182
6.1044,0.00429412,6.10882
6.02305,0.00433918,6.02753
6.16137,0.00436954,6.16588
6.19176,0.00430523,6.19622
6.17589,0.00428889,6.1803
6.14887,0.00431094,6.15332
6.19919,0.00429134,6.2036
6.11538,0.00431269,6.11983
6.15329,0.00427132,6.1577
6.32772,0.00434104,6.3322
6.00946,0.00429973,6.0139
6.26489,0.00434283,6.26936
6.13952,0.00457662,6.14423
6.10043,0.00454046,6.1051
6.02217,0.00428518,6.02658
6.13006,0.00455034,6.13478
6.09337,0.00430376,6.09781
6.043,0.00430329,6.04743
6.11526,0.00433279,6.11973
6.01132,0.00438292,6.01583
6.09129,0.00429385,6.09572
6.18659,0.00429125,6.191
7 threads per task
6.03259,0.00391055,6.03662
6.17456,0.00392653,6.17861
6.0772,0.00388313,6.08121
6.11904,0.00394384,6.12311
6.01206,0.00387014,6.01605
6.02774,0.00388461,6.03174
6.12404,0.00385554,6.12802
6.11645,0.00389669,6.12047
6.1604,0.00396515,6.16448
6.0137,0.0038375,6.01765
6.07197,0.00389942,6.07599
6.1482,0.00387777,6.15221
6.23881,0.00386748,6.2428
6.01,0.00391444,6.01403
6.02083,0.00392386,6.02488
6.16393,0.00387918,6.16793
6.08874,0.00386981,6.09273
6.16625,0.00394644,6.17032
6.02851,0.00384661,6.03248
6.08386,0.00385449,6.08784
6.0627,0.00388329,6.06671
6.03439,0.00416136,6.03867
6.36217,0.00390196,6.36619
6.15441,0.00393951,6.15848
6.02293,0.00390252,6.02695
6.35842,0.00386974,6.36241
6.16627,0.00383643,6.17023
6.13848,0.0039309,6.14254
6.31869,0.00390281,6.32272
6.01123,0.00388005,6.01523
5.99987,0.00390227,6.00389
6.10747,0.00389231,6.11149
6.14638,0.00388789,6.15039
6.15,0.00414238,6.15426
6.08289,0.00388511,6.0869
6.06912,0.00385564,6.07309
6.17393,0.00389494,6.17794
6.19665,0.00389142,6.20067
6.18018,0.00385856,6.18416
6.18832,0.00389608,6.19234
6.02123,0.0038692,6.02523
6.07435,0.00388293,6.07835
6.08304,0.00388282,6.08704
6.2026,0.00389829,6.20663
6.15656,0.00388646,6.16058
6.38028,0.00386106,6.38426
6.0096,0.00392158,6.01365
6.18741,0.00393186,6.19146
6.02684,0.00408565,6.03106
6.15333,0.00390388,6.15736
6.02704,0.00390569,6.03107
8 threads per task
6.0352,0.00365424,6.03898
6.13176,0.0035841,6.13546
6.21819,0.0036242,6.22194
6.10407,0.00365554,6.10785
6.34513,0.00364061,6.34889
6.20465,0.0035976,6.20837
6.19754,0.0036676,6.20133
5.99928,0.00366618,6.00309
6.19813,0.00363519,6.20189
6.4403,0.00358916,6.44401
6.05807,0.00364056,6.06184
6.13592,0.00390923,6.13995
6.09741,0.0036307,6.10116
6.04417,0.00360503,6.0479
6.02414,0.0036677,6.02793
6.19429,0.00361735,6.19803
6.14199,0.0038458,6.14595
6.00814,0.00362659,6.01189
6.3036,0.0040873,6.30782
6.0713,0.00363924,6.07508
6.01567,0.00365328,6.01945
6.29843,0.00361245,6.30216
6.13037,0.00364297,6.13414
6.12433,0.00362023,6.12807
6.11914,0.00365758,6.12292
6.14671,0.0036657,6.15051
6.14726,0.0037068,6.15109
6.36325,0.00360744,6.36697
6.32509,0.00366533,6.32888
6.12103,0.00361689,6.12477
6.01907,0.00362127,6.02282
6.15348,0.0036357,6.15724
6.22673,0.00364721,6.2305
6.19922,0.00365341,6.203
6.10836,0.00364503,6.11213
6.10632,0.00360364,6.11005
6.22784,0.00359782,6.23156
6.12957,0.00364415,6.13334
6.14195,0.00386456,6.14593
6.14596,0.00388221,6.14996
6.1279,0.00361698,6.13164
6.0208,0.00359169,6.02451
6.37983,0.00366241,6.38361
6.16219,0.00362331,6.16594
6.11699,0.00356405,6.12067
6.3728,0.00363428,6.37655
6.14484,0.00363017,6.1486
6.16159,0.00364976,6.16537
6.0487,0.00385053,6.05267
6.02388,0.00360208,6.0276
6.10178,0.00360105,6.10551
9 threads per task
6.002,0.00409801,6.00623
6.1938,0.0041006,6.19806
6.2634,0.00396042,6.26748
6.01309,0.00411468,6.01733
6.12827,0.00369194,6.1321
6.15907,0.00409088,6.1633
6.103,0.00406483,6.1072
6.15392,0.00411078,6.15816
6.13689,0.00408975,6.14111
6.11427,0.00405491,6.11845
6.13411,0.00437398,6.1386
6.02218,0.00410779,6.02641
6.09416,0.00434292,6.09863
6.08142,0.00385661,6.0854
6.05193,0.00386273,6.05594
6.17057,0.00407068,6.17477
6.34371,0.00504169,6.34888
6.0733,0.0040162,6.07744
6.35978,0.00439573,6.36431
6.21478,0.00374536,6.21865
6.10747,0.00418361,6.11178
6.0138,0.00375979,6.01768
6.04575,0.00375334,6.04963
6.15933,0.00418571,6.16365
6.01054,0.00408776,6.01477
6.22648,0.00436827,6.23097
6.09918,0.0041328,6.10344
6.00713,0.00428893,6.01154
6.09466,0.00390822,6.0987
6.0235,0.00396946,6.02761
6.13301,0.00401721,6.13717
6.01716,0.00464073,6.02194
6.15802,0.0040675,6.16222
6.11509,0.00388345,6.11909
6.12659,0.0041357,6.13085
6.08917,0.00414245,6.09344
6.06732,0.00381083,6.07125
6.20606,0.00377628,6.20997
6.05498,0.00378083,6.05888
6.01411,0.00424209,6.01848
6.11761,0.00371345,6.12145
6.14908,0.00510081,6.15431
6.07776,0.00438073,6.08228
6.19503,0.0037711,6.19894
6.1278,0.00372854,6.13166
6.01851,0.0050583,6.02369
6.04805,0.00444612,6.05262
6.17504,0.00409525,6.17925
6.12759,0.00508269,6.1328
6.28243,0.00408125,6.28663
6.07939,0.00462621,6.08417
10 threads per task
6.14896,0.00484013,6.15394
6.0977,0.00429667,6.10212
6.18957,0.00491114,6.1946
6.15822,0.00424624,6.16259
6.15774,0.00490193,6.16276
6.01408,0.00421152,6.01844
6.1229,0.00459296,6.12762
6.0102,0.00420512,6.01454
6.22806,0.00451878,6.2327
6.20616,0.00491625,6.21121
6.15936,0.0042711,6.16377
6.03486,0.0048862,6.03986
6.00753,0.00487434,6.01253
6.01167,0.00428479,6.01608
6.12352,0.00422036,6.12786
6.01265,0.00486565,6.01765
6.05984,0.00424366,6.06421
6.11009,0.00453045,6.11474
6.03942,0.00425889,6.04382
6.22293,0.00511971,6.22818
6.04382,0.00425798,6.04821
6.10773,0.0048444,6.11271
6.15581,0.00432316,6.16027
6.01421,0.00423102,6.01858
6.10446,0.00428907,6.10888
6.11588,0.00448042,6.12048
6.37601,0.00425184,6.38039
6.11501,0.0042913,6.11942
6.13426,0.00486301,6.13924
6.04258,0.00419494,6.04691
6.19049,0.00424793,6.19487
6.0421,0.00420832,6.04645
6.17236,0.00513668,6.17761
6.04691,0.00487522,6.05192
6.17004,0.00423224,6.17439
6.11168,0.00481832,6.11663
6.14253,0.00426307,6.14692
6.04361,0.00431231,6.04805
6.16042,0.0048678,6.16542
6.13898,0.00428555,6.14339
6.18674,0.00424637,6.19113
6.13903,0.00483184,6.144
6.16598,0.00486196,6.17097
6.1352,0.00421438,6.13955
6.12502,0.00487188,6.13001
6.01159,0.00423422,6.01596
6.14036,0.00422992,6.14473
6.16689,0.00422886,6.17124
6.16531,0.00426318,6.1697
6.19902,0.00424341,6.20339
6.08424,0.00484559,6.08922
11 threads per task
6.15185,0.00452735,6.1565
6.01674,0.00418005,6.02104
6.04673,0.00442631,6.0513
6.01387,0.00410887,6.01811
6.12659,0.00424195,6.13096
6.15807,0.00419136,6.16239
6.06762,0.0041303,6.07189
6.4118,0.00420613,6.41613
6.29996,0.00417329,6.30425
6.20917,0.00455599,6.21385
6.11807,0.00410152,6.12229
6.01196,0.00436576,6.01646
6.02344,0.0043696,6.02793
6.08226,0.00422465,6.08661
6.16008,0.00414466,6.16436
6.12989,0.00439258,6.1344
6.03663,0.00459977,6.04135
6.11467,0.00414411,6.11895
6.13077,0.00415948,6.13506
6.07013,0.00410942,6.07437
6.22185,0.00410761,6.22609
5.99955,0.00454964,6.00424
6.17305,0.00419721,6.17737
6.22257,0.00416009,6.22686
6.07691,0.00414986,6.08119
6.00681,0.00484397,6.01178
6.2426,0.00455709,6.24729
6.18991,0.00457293,6.1946
6.1456,0.00428533,6.15003
6.03012,0.00410336,6.03435
6.22089,0.00389461,6.2249
6.12987,0.00413963,6.13414
6.01375,0.00410591,6.01799
6.06139,0.00457114,6.06609
6.02942,0.00416087,6.03371
6.07004,0.00410911,6.07427
6.05221,0.00458471,6.05692
6.22277,0.00437091,6.22727
6.11742,0.00416129,6.1217
6.14225,0.0047745,6.14715
6.28218,0.00453393,6.28685
6.2389,0.00453006,6.24355
6.02897,0.00454993,6.03365
6.39934,0.00422709,6.40372
6.12947,0.0045082,6.1341
6.16084,0.00427302,6.16524
6.20111,0.00415471,6.2054
6.15131,0.0041225,6.15557
6.02552,0.0042063,6.02986
6.1548,0.00481569,6.15974
6.13547,0.00438113,6.13998
12 threads per task
6.21656,0.00425813,6.22094
6.10097,0.00425575,6.10536
6.23051,0.00420276,6.23483
6.15113,0.0039896,6.15524
6.12389,0.00430719,6.12832
6.23959,0.00401762,6.24374
6.0336,0.00425925,6.03798
6.00765,0.00420577,6.01198
6.11928,0.00425289,6.12367
6.14841,0.00421053,6.15276
5.99537,0.00424775,5.99976
6.13994,0.00398569,6.14405
6.33411,0.00426871,6.3385
6.26412,0.00395252,6.2682
6.08852,0.00426275,6.09291
6.0126,0.00405703,6.01677
6.13523,0.00400807,6.13936
6.06577,0.00457571,6.07047
6.01838,0.00417823,6.02268
6.12648,0.00397278,6.13058
6.11866,0.00398036,6.12276
6.12717,0.00424044,6.13154
6.21303,0.00393819,6.21709
6.16092,0.00437302,6.16542
6.3544,0.00421424,6.35874
6.09664,0.00395262,6.10074
6.02821,0.00428111,6.03263
6.07454,0.00397556,6.07864
5.99059,0.00400224,5.99473
6.11857,0.00423039,6.12292
6.09254,0.00398656,6.09665
6.08972,0.00429248,6.09413
6.14118,0.00422914,6.14553
6.12922,0.00425044,6.13359
6.01847,0.00425498,6.02285
6.22972,0.0040057,6.23384
6.17257,0.00395796,6.17665
6.21748,0.00418869,6.22179
6.07406,0.00419536,6.0784
6.15741,0.00421196,6.16175
6.10784,0.00420849,6.11217
6.14781,0.00397328,6.15191
6.37847,0.00456018,6.38315
6.11609,0.00425395,6.12047
6.18525,0.00433135,6.18971
5.99189,0.00425762,5.99627
6.0158,0.0040698,6.01999
6.16399,0.0039928,6.16811
6.12255,0.00423189,6.1269
6.13093,0.00401729,6.13508
6.16299,0.0039903,6.1671
13 threads per task
6.06588,0.00427839,6.07029
6.14542,0.00427499,6.14983
6.13395,0.00429331,6.13837
6.06631,0.0042874,6.07072
6.05332,0.00422155,6.05766
6.07742,0.00391576,6.08145
6.11661,0.00415607,6.12089
6.02622,0.00362591,6.02997
6.005,0.00390541,6.00902
6.00796,0.00427372,6.01236
6.04564,0.00434226,6.0501
6.1516,0.0038811,6.15561
6.12534,0.003857,6.12932
6.17376,0.00427814,6.17817
6.13273,0.00399331,6.13685
6.1962,0.00407268,6.20039
6.15525,0.00423971,6.15961
6.00034,0.00424363,6.00471
6.11894,0.00419747,6.12326
6.12341,0.00422395,6.12775
6.18077,0.00421855,6.18511
6.09612,0.00413579,6.1004
6.0215,0.00392675,6.02555
6.1759,0.00414988,6.18018
6.12594,0.00421936,6.13029
6.21241,0.00427446,6.21681
6.02023,0.00425598,6.02462
6.20311,0.00388081,6.20711
6.13886,0.00422906,6.14321
6.07532,0.00425049,6.07969
6.13732,0.00429711,6.14175
6.0245,0.00423641,6.02886
6.37556,0.00427653,6.37996
6.10898,0.00421234,6.11332
6.08074,0.00427821,6.08514
6.15211,0.00431141,6.15655
6.03874,0.00424357,6.04311
6.33757,0.00391142,6.34161
6.16793,0.00411715,6.17218
6.144,0.00404919,6.14817
6.28285,0.00426372,6.28723
6.203,0.00424634,6.20737
6.13414,0.00387381,6.13815
6.07541,0.00438163,6.07993
6.12899,0.00421091,6.13333
6.02246,0.00431071,6.02689
6.1575,0.00426608,6.16189
6.72045,0.00426419,6.72485
6.11736,0.00413247,6.12163
6.10357,0.00431024,6.108
6.02257,0.00431827,6.02701
14 threads per task
5.99787,0.00454659,6.00255
6.14868,0.00491726,6.15373
6.19526,0.0048826,6.20027
6.17639,0.00475606,6.18126
6.05822,0.00469009,6.06303
6.17493,0.00447421,6.17953
5.99357,0.00467843,5.99837
6.02626,0.00482558,6.03121
6.17672,0.00376683,6.18061
6.02221,0.00487063,6.0272
6.13581,0.00450331,6.14045
6.19273,0.00376546,6.19662
6.05034,0.00478384,6.05524
6.18256,0.00475061,6.18743
6.07987,0.0045311,6.08453
6.01435,0.00490494,6.01938
6.17258,0.00460658,6.17731
6.20608,0.0039739,6.21018
6.16631,0.00453613,6.17098
6.36977,0.00471308,6.37461
6.17407,0.00381843,6.17801
6.18014,0.00447659,6.18475
6.18938,0.00476305,6.19427
6.00998,0.00483733,6.01494
6.01515,0.00484473,6.02012
6.19645,0.00489488,6.20146
6.11511,0.00485396,6.12008
6.15306,0.00483928,6.15803
6.0519,0.00451646,6.05655
6.22867,0.00381103,6.23261
6.02334,0.00474731,6.02821
6.09468,0.00489084,6.09971
6.13872,0.00489056,6.14373
6.05409,0.0045773,6.05879
6.1311,0.00468985,6.13591
6.03419,0.00454978,6.03888
6.12599,0.00448941,6.13061
6.11478,0.00451578,6.11942
6.12388,0.00466597,6.12867
6.20612,0.00447643,6.21072
6.14915,0.00493094,6.15421
6.11483,0.00471891,6.11967
6.08435,0.00482728,6.0893
6.19136,0.00453073,6.19601
6.15868,0.00501727,6.16384
6.47389,0.00456117,6.47859
6.10767,0.00449304,6.11229
6.04093,0.00431007,6.04536
6.1537,0.00460191,6.15843
6.04002,0.00404004,6.04419
6.10178,0.00448661,6.1064
15 threads per task
6.14193,0.00369224,6.14576
6.15443,0.003901,6.15846
6.12246,0.0050845,6.12767
6.12854,0.00366839,6.13233
6.14986,0.00444515,6.15444
6.08414,0.00373664,6.088
6.02172,0.0040257,6.02587
6.17932,0.00511581,6.18456
6.11129,0.00393804,6.11536
6.01428,0.00395765,6.01837
6.13248,0.00364829,6.13626
6.00259,0.00510646,6.00784
6.16739,0.00517108,6.1727
6.23405,0.00400576,6.23818
6.05261,0.00369408,6.05643
6.1785,0.00513879,6.18377
6.17339,0.00510408,6.17862
6.13053,0.00505263,6.1357
6.07137,0.00491085,6.07641
6.13187,0.00549338,6.13748
6.01914,0.00505027,6.02432
6.11212,0.00396356,6.11621
6.3526,0.00388844,6.35661
6.146,0.00368426,6.1498
6.16701,0.00513109,6.17227
6.13314,0.00449004,6.13775
6.11077,0.00512169,6.11603
6.24636,0.00510157,6.25159
6.00996,0.00364176,6.01375
6.118,0.00376037,6.12191
6.16133,0.00506148,6.16652
6.23923,0.0036335,6.243
6.09767,0.00368102,6.10148
6.13637,0.00512864,6.14162
6.35623,0.00506792,6.36142
6.12978,0.00511936,6.13503
6.14441,0.00377414,6.14831
6.00158,0.00364935,6.00535
6.1116,0.00391098,6.11564
6.12934,0.00513668,6.1346
6.00823,0.00513415,6.01349
6.17205,0.00377401,6.17597
6.17015,0.00364376,6.17392
6.22572,0.00515412,6.23101
6.04802,0.00390912,6.05205
6.02913,0.00511745,6.03438
6.13836,0.00511351,6.1436
6.13405,0.00364804,6.13782
6.20011,0.00405888,6.20429
6.16308,0.00365067,6.16686
6.18134,0.00366582,6.18513
16 threads per task
6.18119,0.00530878,6.18662
6.05197,0.00571821,6.05781
6.05414,0.00401207,6.05827
6.35402,0.00354441,6.35768
6.20054,0.00458489,6.20525
6.05908,0.00572625,6.06493
6.14801,0.00576892,6.15392
6.13917,0.00361898,6.14292
6.1314,0.00568627,6.13721
6.06173,0.00477664,6.06663
6.13324,0.00529123,6.13866
6.1584,0.00454821,6.16307
6.02247,0.00456085,6.02715
6.04684,0.00569501,6.05266
6.03506,0.00474901,6.03994
6.09221,0.00400627,6.09634
6.14977,0.00458631,6.1545
6.07273,0.00373559,6.07659
6.15983,0.00371825,6.16369
6.1662,0.00570417,6.17204
6.06667,0.00467097,6.07146
6.13508,0.00471251,6.13992
6.08587,0.00399797,6.08999
6.37333,0.00565521,6.37911
6.18245,0.00396412,6.18654
6.18784,0.00568962,6.19365
6.1335,0.00350493,6.13713
6.00093,0.00398333,6.00503
6.20104,0.00564307,6.20682
6.03103,0.00348953,6.03464
6.15637,0.00569519,6.16219
6.13983,0.00450879,6.14447
6.12003,0.00397543,6.12414
6.15302,0.00347956,6.15662
6.02098,0.0037628,6.02486
6.10978,0.00350338,6.11341
6.01051,0.00568232,6.01632
6.02201,0.00376117,6.0259
6.15919,0.00354998,6.16286
6.0834,0.00570057,6.08922
6.13073,0.0050019,6.13586
6.13126,0.00563732,6.13702
6.00319,0.00571043,6.00903
6.1228,0.00353059,6.12645
6.24083,0.00353887,6.24449
6.05086,0.0057284,6.05672
6.10816,0.0057077,6.114
6.10246,0.0040262,6.10662
6.02984,0.00366828,6.03363
6.11379,0.00384704,6.11776
6.05198,0.00573596,6.05784
17 threads per task
6.09278,0.00613526,6.09904
6.12525,0.00388231,6.12925
6.11169,0.0048856,6.11671
6.08688,0.00391036,6.09092
6.12992,0.00389227,6.13393
6.36698,0.00347508,6.37058
6.11827,0.00392425,6.12235
6.09272,0.00615578,6.09901
6.05876,0.0038993,6.06278
6.09253,0.00613405,6.09879
6.14251,0.00614204,6.14878
6.19744,0.00529592,6.20287
6.14448,0.00340873,6.14802
6.05048,0.00634313,6.05696
6.13761,0.00388399,6.14162
6.13427,0.00473735,6.13913
6.14058,0.00642794,6.14714
6.0932,0.00372866,6.09705
6.20306,0.00387453,6.20706
6.06359,0.0038994,6.06762
6.12118,0.00475946,6.12607
6.00515,0.00448238,6.00976
6.09285,0.00362004,6.09659
6.00608,0.00614397,6.01236
6.12677,0.00392448,6.13082
6.06033,0.00614554,6.06662
6.04931,0.00613895,6.05558
6.01439,0.00452143,6.01905
6.13123,0.00612267,6.13748
6.09176,0.00503078,6.09692
6.13321,0.00620045,6.13953
6.01329,0.00386363,6.01728
6.11433,0.00619438,6.12067
6.02443,0.00463464,6.02919
6.23608,0.00449747,6.2407
6.12216,0.00505064,6.12733
6.04001,0.00392312,6.04405
6.18142,0.00618429,6.18772
6.31282,0.0039063,6.31685
6.17671,0.00392566,6.18077
6.01956,0.00330681,6.02299
6.22755,0.00615586,6.23385
6.15452,0.00479174,6.15944
6.0975,0.00616434,6.10379
5.99976,0.003821,6.0037
6.1774,0.00447879,6.182
6.20875,0.00337694,6.21224
6.06177,0.00598968,6.06788
6.12405,0.00437967,6.12856
6.14143,0.00387163,6.14543
6.10759,0.00343963,6.11115
18 threads per task
6.34241,0.00451574,6.34705
6.01733,0.003894,6.02135
6.24539,0.0043873,6.2499
6.11605,0.0038269,6.12001
6.0707,0.0038801,6.0747
6.21053,0.00517856,6.21583
6.21495,0.00381437,6.21889
6.07866,0.00443182,6.08322
6.09088,0.00380521,6.09481
6.00928,0.0050818,6.01448
6.05359,0.00331597,6.05703
6.13909,0.00505,6.14427
6.02843,0.00340958,6.03196
6.11654,0.00381599,6.12048
6.00806,0.00370458,6.01189
6.13645,0.00456502,6.14114
6.02837,0.00655706,6.03505
6.07923,0.00658572,6.08595
6.16011,0.00655723,6.16679
6.23535,0.00647423,6.24196
6.04824,0.00331962,6.05169
6.08785,0.00461715,6.0926
6.09217,0.00337724,6.09569
6.12595,0.00507696,6.13115
6.11259,0.00664246,6.11938
6.13861,0.00327294,6.14201
6.1244,0.00445772,6.12898
6.09859,0.00508899,6.1038
6.00896,0.00458961,6.01368
6.12847,0.0038627,6.13246
6.2339,0.00447022,6.23849
6.1256,0.00666975,6.13241
6.08409,0.00438564,6.0886
6.1399,0.00582847,6.14586
6.14474,0.00384094,6.1487
6.61962,0.00380074,6.62354
6.14315,0.00535388,6.14862
6.14519,0.00384658,6.14916
6.02233,0.00369366,6.02615
6.16086,0.00456972,6.16555
6.12195,0.00338051,6.12545
6.06484,0.00321649,6.06818
6.0791,0.00438813,6.08361
6.18106,0.00525348,6.18644
6.11863,0.00488676,6.12364
6.08632,0.0066085,6.09305
6.35394,0.00381662,6.35788
6.14493,0.00380126,6.14887
6.19623,0.00650988,6.20286
6.01009,0.00394265,6.01416
6.06075,0.00659207,6.06747
19 threads per task
6.13996,0.00354863,6.14363
6.12042,0.00432545,6.12488
6.13622,0.00332081,6.13967
6.2382,0.00698646,6.24532
6.05872,0.00700288,6.06585
6.13152,0.00701869,6.13867
6.00092,0.00465305,6.00571
6.12233,0.00669929,6.12915
6.08043,0.00455937,6.08511
6.12067,0.00511299,6.12592
6.11991,0.00624939,6.1263
6.08999,0.004078,6.09421
6.11699,0.00471264,6.12184
6.13438,0.00699219,6.1415
6.00609,0.00707632,6.01329
6.03366,0.00513402,6.03892
6.00614,0.00699414,6.01326
6.0666,0.00484551,6.07158
6.14024,0.00577137,6.14615
6.07069,0.0047091,6.07554
6.14535,0.00450039,6.14998
6.2689,0.00374328,6.27277
6.09839,0.00726863,6.10579
6.13954,0.00335754,6.14303
6.16833,0.0032456,6.1717
6.02284,0.00471995,6.0277
6.14554,0.00336836,6.14904
6.16635,0.00697862,6.17346
6.07412,0.00697678,6.08122
6.12139,0.00706244,6.12859
6.11046,0.00533419,6.11592
6.05968,0.00444096,6.06425
6.14241,0.00738866,6.14993
6.06312,0.0043598,6.06761
6.06632,0.00341002,6.06985
6.00661,0.00469693,6.01144
6.1198,0.00517092,6.1251
6.11757,0.00344007,6.12113
6.36229,0.00700931,6.36944
6.17643,0.00631651,6.18288
6.06164,0.00700865,6.06877
6.05758,0.00454601,6.06226
6.19889,0.00475574,6.20379
6.08293,0.00434011,6.0874
5.99337,0.00700258,6.0005
6.01291,0.00581622,6.01886
6.12267,0.00477038,6.12757
6.09449,0.00574324,6.10036
6.34721,0.0066705,6.354
6.01177,0.00433292,6.01623
6.07303,0.003206,6.07636
20 threads per task
6.27456,0.0048717,6.27956
6.1304,0.00570218,6.13623
6.26273,0.00443305,6.26729
6.17769,0.00395316,6.18177
6.01354,0.00621789,6.01989
6.1427,0.00373149,6.14656
6.01505,0.00313937,6.01833
6.03381,0.0044857,6.03841
6.16188,0.00711813,6.16913
6.00873,0.00500982,6.01386
6.06758,0.00500604,6.07272
6.01927,0.00711289,6.0265
6.21575,0.00707533,6.22296
6.18077,0.00502843,6.18593
6.11472,0.00458883,6.11943
6.12669,0.00516125,6.13198
6.18042,0.00737129,6.18795
6.04518,0.00740327,6.05273
6.02482,0.00567431,6.03062
6.11747,0.00569553,6.1233
6.0639,0.00742797,6.07146
6.00104,0.00332194,6.00449
6.47359,0.00429243,6.47802
6.40118,0.00323927,6.40456
6.10385,0.00742279,6.11141
6.3681,0.00737547,6.3756
6.02869,0.00736162,6.03618
6.22641,0.00327985,6.22982
6.12984,0.00569403,6.13566
6.2959,0.00381485,6.29985
6.24579,0.00356926,6.2495
6.3133,0.00716741,6.3206
6.22274,0.00457742,6.22745
6.0222,0.0073296,6.02965
6.11896,0.00356322,6.12265
6.01535,0.00335119,6.01883
6.12833,0.00495964,6.13342
6.01119,0.00371858,6.01504
6.08725,0.00745181,6.09483
6.11626,0.00737764,6.12376
6.03364,0.00343983,6.03721
6.09984,0.00579378,6.10576
6.16188,0.00737378,6.1694
6.20139,0.00737749,6.20889
6.02489,0.00419314,6.0292
6.25884,0.00341632,6.26238
6.21276,0.00349118,6.21638
6.11405,0.00447402,6.11865
6.16435,0.00738927,6.17186
6.2209,0.00569003,6.22672
6.15186,0.00318815,6.15518
21 threads per task
6.02925,0.00345962,6.03283
6.10913,0.00393297,6.11319
6.07317,0.00570367,6.079
6.23886,0.00352277,6.24251
5.9954,0.00327754,5.9988
6.195,0.00391212,6.19906
6.16782,0.00414385,6.17209
6.00189,0.00328805,6.0053
6.21804,0.00348571,6.22165
6.00799,0.00341379,6.01152
6.03227,0.00515256,6.03756
6.01491,0.00496763,6.02
6.33982,0.00359089,6.34355
6.03927,0.00774211,6.04715
6.12266,0.00620346,6.129
6.15517,0.00504866,6.16034
6.06167,0.0033827,6.06518
6.10838,0.00499427,6.1135
6.13444,0.00781156,6.14238
6.14767,0.00673392,6.15453
6.02739,0.00365346,6.03117
6.12775,0.00343457,6.13131
6.07403,0.0042707,6.07842
6.21394,0.0066771,6.22075
6.10461,0.0066981,6.11144
6.12764,0.00362397,6.13139
6.0965,0.00349219,6.10012
6.05455,0.00420359,6.05889
6.16807,0.00566006,6.17387
6.12478,0.00738892,6.13231
6.12034,0.00772389,6.12819
6.10436,0.00771441,6.11221
6.07973,0.0049479,6.08482
6.21597,0.00770447,6.2238
6.68062,0.00333564,6.68408
6.11153,0.0037817,6.11546
5.99553,0.0077663,6.00342
6.1429,0.00595873,6.14899
6.17792,0.0049442,6.183
6.15987,0.00557623,6.16559
6.00055,0.00330602,6.00398
6.04986,0.00554036,6.05554
6.1244,0.00343085,6.12797
6.01268,0.00317803,6.01598
6.01891,0.00617419,6.02522
6.05221,0.007735,6.06007
6.0014,0.00559881,6.00713
6.15935,0.00348421,6.16296
6.0269,0.00498382,6.03201
6.08915,0.00772375,6.097
6.02089,0.00415798,6.02517
22 threads per task
6.15336,0.00601215,6.15951
6.13102,0.00788191,6.13903
6.12266,0.00422556,6.12702
6.14018,0.00803592,6.14834
6.04322,0.00473864,6.04808
6.10944,0.00582134,6.11539
6.26599,0.00538593,6.2715
6.01882,0.00662219,6.02559
6.03622,0.00413845,6.04049
6.14397,0.00757961,6.15167
6.10621,0.0035048,6.10984
6.11738,0.0066013,6.12412
6.08317,0.00460572,6.0879
6.05641,0.00807261,6.06461
6.12689,0.00721622,6.13423
6.06365,0.00389796,6.06768
6.10273,0.0039716,6.10682
6.0057,0.00598476,6.01182
6.2016,0.00332629,6.20505
6.16552,0.00613222,6.17177
6.17176,0.00335243,6.17526
6.08814,0.00339365,6.09165
6.10581,0.00608165,6.11203
6.16018,0.00809375,6.16842
6.20731,0.0078719,6.21531
6.12757,0.00332838,6.13102
6.17314,0.00808477,6.18136
6.1118,0.00352916,6.11546
6.178,0.00485861,6.18299
6.03999,0.00339164,6.04351
6.07244,0.00805386,6.08063
6.2184,0.0034049,6.22193
6.11242,0.00802653,6.12058
6.1903,0.00536278,6.19579
6.10916,0.00389922,6.11319
6.14111,0.004922,6.14615
6.1329,0.00456483,6.13759
6.1919,0.00806624,6.20009
6.22011,0.00334466,6.22358
6.12911,0.00773288,6.13697
6.07863,0.00342668,6.08218
6.16363,0.00338844,6.16715
6.15405,0.00343558,6.15761
6.18101,0.00804077,6.18918
6.01843,0.00801954,6.02659
6.07488,0.00331527,6.07832
6.02224,0.00416758,6.02653
6.27288,0.00545224,6.27846
6.16442,0.00438415,6.16894
6.01165,0.00429182,6.01607
6.02189,0.00606027,6.02808
23 threads per task
6.17182,0.0036605,6.17561
6.22669,0.00392283,6.23075
6.11704,0.00594783,6.12312
6.18323,0.00536761,6.18872
6.03617,0.00742196,6.04372
6.11216,0.00334976,6.11563
6.18654,0.00828887,6.19497
6.10816,0.0082683,6.11656
6.11808,0.00514707,6.12335
6.06956,0.00801139,6.0777
6.0067,0.00383034,6.01066
6.0363,0.00436713,6.04081
6.16175,0.00327685,6.16515
6.01924,0.00651777,6.02588
6.07838,0.00352533,6.08203
6.39546,0.00426115,6.39986
6.19098,0.00340476,6.19453
6.03705,0.00326164,6.04043
6.01828,0.0077728,6.02619
6.23641,0.003656,6.2402
6.15068,0.00655181,6.15735
6.01303,0.00830175,6.02146
6.19374,0.00408909,6.19797
6.01711,0.00830859,6.02554
6.0716,0.00348476,6.07521
6.27917,0.00826983,6.28757
6.37818,0.0037629,6.38206
6.12748,0.00700885,6.13462
5.99763,0.00538114,6.00315
6.18597,0.00373474,6.18982
6.11901,0.00333249,6.12247
6.15727,0.00406106,6.16147
6.11982,0.00651156,6.12647
6.08875,0.00655509,6.09545
6.18876,0.00326831,6.19216
6.23936,0.00339361,6.24288
6.13895,0.00791057,6.147
6.15052,0.00580973,6.15646
6.21404,0.00705995,6.22123
6.07472,0.00653661,6.08138
6.01198,0.00332046,6.01542
6.25935,0.00351996,6.263
6.15313,0.0068229,6.16009
6.09128,0.00836836,6.09977
6.17122,0.00825908,6.17961
6.10622,0.00823235,6.11458
6.15041,0.00597638,6.15652
6.0985,0.00399399,6.10262
6.12874,0.00804794,6.13692
6.12009,0.00828645,6.1285
6.09249,0.00333505,6.09595
24 threads per task
6.10483,0.00697335,6.11193
6.01278,0.00322085,6.01613
6.11858,0.00322773,6.12193
6.1389,0.00332613,6.14236
6.00453,0.00744524,6.01211
6.03323,0.00335402,6.03672
6.20791,0.00382156,6.21186
6.02508,0.00524528,6.03045
6.14649,0.00844498,6.15506
6.21817,0.00779398,6.22609
6.17539,0.00369499,6.17922
6.11767,0.00689278,6.1247
6.13393,0.0046257,6.13868
6.23203,0.00324587,6.23541
6.36915,0.0057304,6.37501
6.13731,0.00835501,6.1458
6.02749,0.00684316,6.03446
5.99619,0.0035828,5.9999
6.14836,0.00773798,6.15623
6.16375,0.00526868,6.16916
6.14487,0.0071694,6.15218
6.14699,0.00399344,6.15112
6.28432,0.00829027,6.29275
6.17409,0.00338143,6.17759
6.02507,0.00372976,6.02894
6.03453,0.00611016,6.04078
6.08478,0.00361872,6.08852
6.02263,0.00516225,6.02793
6.13469,0.00642646,6.14124
6.11945,0.00359753,6.12318
6.20395,0.00687335,6.21097
6.06166,0.00336414,6.06516
6.16377,0.00392327,6.16783
6.18876,0.00335627,6.19225
6.14716,0.00386239,6.15115
6.01106,0.00342504,6.01462
6.10822,0.00687301,6.11522
6.12363,0.00390674,6.12766
6.12472,0.00631202,6.13116
6.03242,0.00832735,6.04089
6.10987,0.00338777,6.11338
6.07782,0.00376709,6.08171
6.04421,0.00822995,6.05257
6.07946,0.00755001,6.08714
6.10094,0.00412732,6.10519
6.19011,0.00831909,6.19856
6.1108,0.00328658,6.11422
6.05412,0.00354719,6.05779
6.17963,0.00348296,6.18324
6.18191,0.00460979,6.18665
6.13743,0.00859,6.14615
25 threads per task
6.08644,0.00354693,6.09012
6.07978,0.00349505,6.08342
6.11829,0.00326301,6.12167
6.35796,0.0086099,6.3667
6.02414,0.00332479,6.02758
6.0165,0.00403272,6.02065
6.12282,0.00677499,6.12972
6.0669,0.00723401,6.07427
6.11375,0.0035088,6.11739
6.00869,0.00459418,6.01341
6.09537,0.00855858,6.10405
6.18567,0.00452062,6.19032
6.0176,0.00862886,6.02637
6.00372,0.00369263,6.00754
6.36757,0.0039817,6.37169
6.0352,0.0086723,6.044
6.28567,0.00382906,6.28964
6.01505,0.00645314,6.02163
6.08227,0.00865762,6.09105
6.14096,0.00502273,6.14612
6.34926,0.00773981,6.35714
6.19491,0.00388378,6.19892
6.02949,0.00398277,6.0336
6.15018,0.00650168,6.15681
6.23857,0.00331608,6.24203
6.02917,0.00775536,6.03705
6.03287,0.00712273,6.04014
6.35735,0.00766171,6.36514
6.13942,0.00887364,6.14841
6.0001,0.00678858,6.00702
6.09559,0.00394983,6.09968
6.36301,0.00581121,6.36894
6.19407,0.00385273,6.19805
6.04816,0.0038982,6.05218
6.12337,0.00850275,6.13201
6.16973,0.00446952,6.17433
5.99256,0.00383779,5.99653
6.15625,0.00485465,6.16125
6.03305,0.00576587,6.03895
6.41083,0.00670999,6.41766
6.12034,0.00386576,6.12433
6.04056,0.00613453,6.04682
6.10957,0.00720147,6.1169
6.14066,0.00381341,6.14462
6.24537,0.00856263,6.25408
6.08594,0.00859157,6.09467
6.16039,0.00809202,6.16861
6.08935,0.00857508,6.09805
6.12647,0.00374861,6.13035
6.07886,0.00523034,6.08422
6.02631,0.00348153,6.02992
26 threads per task
6.15297,0.00796058,6.16107
6.14593,0.00507647,6.15113
6.14771,0.00867051,6.15651
6.0798,0.0074944,6.08742
6.11164,0.00751916,6.11932
6.17159,0.00352285,6.17524
6.31306,0.00575761,6.31895
6.11983,0.00733997,6.12729
6.19479,0.00356904,6.1985
6.1436,0.0059455,6.14969
6.21176,0.00615573,6.21804
6.07848,0.00354735,6.08215
6.11945,0.00560983,6.12519
6.15023,0.00329706,6.15366
6.22372,0.00407318,6.22793
6.09239,0.00591841,6.09843
6.05459,0.00875211,6.06348
6.34635,0.00423136,6.35072
6.08162,0.004425,6.08618
6.20435,0.00794315,6.21243
6.06014,0.00558942,6.06586
6.09127,0.00442166,6.09582
6.2176,0.00364877,6.22139
6.09011,0.00558941,6.09584
6.16753,0.00331136,6.17096
6.47528,0.00622486,6.48164
6.06521,0.00716667,6.0725
6.46361,0.00379033,6.46752
6.10614,0.00374063,6.11002
6.09131,0.00672462,6.09816
6.07654,0.00793121,6.08459
6.11406,0.00358767,6.11779
6.18882,0.00754403,6.19649
5.99398,0.00379934,5.9979
6.02043,0.00587464,6.02643
6.09333,0.00390263,6.09736
6.20363,0.00376494,6.20753
6.20344,0.00831433,6.21189
6.17439,0.00445826,6.17898
6.00954,0.0075509,6.01722
6.16318,0.00382021,6.16712
6.07476,0.00880153,6.0837
6.00464,0.00377053,6.00855
6.15329,0.00876978,6.16219
6.20092,0.00873501,6.2098
6.00119,0.00713111,6.00845
6.07904,0.00796451,6.08714
6.14415,0.00503929,6.14933
6.13861,0.00446672,6.1432
6.12204,0.0034048,6.12557
6.10284,0.00442402,6.10739
27 threads per task
6.07704,0.0039526,6.08113
6.34615,0.00697957,6.35325
6.20568,0.00501156,6.21082
6.01072,0.00701583,6.01787
6.00418,0.00907876,6.01339
6.69941,0.00581664,6.70536
6.02673,0.00837695,6.03525
6.12037,0.00752535,6.12802
6.12158,0.00729145,6.12901
6.23917,0.0043478,6.24366
6.12221,0.0086237,6.13097
6.16183,0.0079544,6.16992
6.10464,0.00443997,6.1092
6.05479,0.00428843,6.0592
7.09289,0.00437232,7.09739
6.12568,0.0088803,6.13469
6.14956,0.0065799,6.15627
6.10339,0.00712561,6.11064
6.03292,0.00788076,6.04093
6.00328,0.00425884,6.00767
6.06512,0.00373165,6.06898
6.10801,0.00438143,6.11254
6.12997,0.0042675,6.13437
6.10824,0.00748416,6.11585
6.02525,0.00548676,6.03087
6.00921,0.00441347,6.01375
6.08736,0.00424243,6.09174
6.13111,0.00894416,6.14019
6.17609,0.00458533,6.18081
6.37896,0.00428829,6.38337
6.07193,0.00718286,6.07924
6.12518,0.00902266,6.13434
6.02512,0.00371331,6.02895
6.1002,0.00419112,6.10452
6.03178,0.00367509,6.03557
6.13011,0.00416013,6.13441
6.12396,0.00707667,6.13116
6.26997,0.00827142,6.27837
6.22011,0.0079007,6.22815
6.14229,0.00926042,6.15168
6.15965,0.00388106,6.16365
6.05415,0.00502021,6.0593
6.07735,0.00624537,6.08372
6.17066,0.00681566,6.17761
6.12405,0.00536827,6.12954
6.13239,0.00378283,6.13631
6.00847,0.00437379,6.01296
6.13459,0.00438665,6.13911
6.03554,0.00493021,6.0406
6.05439,0.00783217,6.06235
6.1735,0.00783631,6.18146
28 threads per task
6.13692,0.00336708,6.14041
6.01181,0.00436455,6.0163
6.06943,0.00534355,6.0749
6.16964,0.00822723,6.17801
6.01147,0.00354013,6.01515
6.22621,0.00336727,6.22971
6.17326,0.00782302,6.18121
6.08354,0.00429628,6.08795
6.06287,0.00856465,6.07157
6.03278,0.0069608,6.03988
6.14997,0.00817161,6.15826
6.1221,0.00693025,6.12916
6.02698,0.00420591,6.03131
6.05134,0.00532724,6.05681
6.19039,0.00728527,6.19781
6.08199,0.00393171,6.08605
6.32816,0.00696103,6.33525
6.13759,0.00821438,6.14594
6.08755,0.00599453,6.09367
6.35997,0.00723959,6.36734
6.21547,0.00446212,6.22006
6.08241,0.00847705,6.09102
6.02091,0.00822294,6.02927
6.14016,0.00360446,6.14389
6.02261,0.00369212,6.02643
6.14836,0.00825739,6.15674
6.00737,0.0054517,6.01295
6.04491,0.00396915,6.04902
6.13221,0.00433652,6.13667
6.13093,0.00644919,6.1375
6.08864,0.00804684,6.09681
6.16795,0.00330308,6.17139
6.09408,0.00365054,6.09786
6.13142,0.00373796,6.13529
6.05819,0.00549111,6.0638
6.2298,0.0034652,6.2334
6.08622,0.00539306,6.09174
6.05556,0.00651348,6.0622
6.12415,0.00928797,6.13357
6.07763,0.00817652,6.08595
6.21654,0.00429716,6.22098
6.09606,0.00641189,6.1026
6.024,0.00430277,6.02844
6.11681,0.00612748,6.12307
6.12907,0.00348601,6.13268
6.18456,0.0054409,6.19013
6.37747,0.00480106,6.3824
6.00849,0.0048234,6.01344
6.03536,0.00358298,6.03906
5.99329,0.00492266,5.99834
5.99525,0.0069272,6.00231
29 threads per task
6.12969,0.00636553,6.13618
6.07438,0.00552372,6.08004
6.11703,0.00342866,6.12058
6.00615,0.00534451,6.01163
6.16866,0.00804062,6.17683
6.37514,0.00524141,6.38052
6.28686,0.0055641,6.29255
6.1531,0.00845035,6.16168
6.01781,0.00801614,6.02595
6.2854,0.00342638,6.28896
6.20382,0.00720043,6.21115
6.12479,0.0073701,6.13229
6.00855,0.00680069,6.01548
6.09242,0.00335501,6.0959
6.21974,0.00344369,6.22331
6.13058,0.00877395,6.13949
6.1569,0.00421432,6.16125
6.229,0.00336793,6.23251
6.0727,0.00551031,6.07835
6.11538,0.00688097,6.12239
6.12033,0.00452196,6.12498
6.143,0.00526324,6.14839
6.10765,0.00423542,6.11202
6.36751,0.00767637,6.37532
6.11977,0.00474551,6.12467
6.21184,0.0079679,6.21995
6.35351,0.00515793,6.35879
6.24048,0.0058857,6.2465
6.12776,0.0045123,6.1324
6.12817,0.00927378,6.13757
6.12471,0.00477388,6.12962
6.32114,0.0080081,6.32929
6.10396,0.00806331,6.11216
6.00823,0.00348273,6.01184
6.01941,0.00585816,6.02539
6.05301,0.00474998,6.0579
6.12938,0.00344074,6.13295
6.07664,0.00480397,6.08158
6.22378,0.00486356,6.22877
6.01172,0.00475141,6.01661
6.22704,0.0091418,6.23632
5.99141,0.00721786,5.99876
6.16025,0.00577198,6.16615
6.2785,0.00400636,6.28265
6.13771,0.00361217,6.14144
6.12994,0.0053193,6.1354
6.00634,0.00428152,6.01075
6.23343,0.00333119,6.23689
6.03563,0.0088175,6.04457
6.23667,0.00377651,6.24059
6.01507,0.00941428,6.02461
30 threads per task
6.2192,0.00749137,6.22682
6.10715,0.00949518,6.11677
6.17413,0.0035922,6.17785
6.15663,0.00516292,6.16193
6.10012,0.00820821,6.10845
6.09432,0.0079596,6.1024
6.14346,0.00372094,6.14731
6.03331,0.00556963,6.039
6.292,0.00344765,6.29557
6.00516,0.00344704,6.00873
6.01858,0.00800215,6.0267
6.22766,0.00754028,6.23532
5.99723,0.00590414,6.00327
6.07034,0.0060343,6.07651
6.26175,0.00561381,6.2675
6.00816,0.00713353,6.01542
6.23539,0.00482461,6.24036
6.20408,0.00807228,6.21228
6.15352,0.00471354,6.15836
6.13561,0.00621065,6.14194
6.12052,0.00856355,6.12921
6.11129,0.0087226,6.12014
6.01483,0.00952608,6.0245
6.13176,0.0047597,6.13667
6.13244,0.00478184,6.13735
6.05023,0.00463936,6.05499
6.12061,0.00480206,6.12554
6.26353,0.00337635,6.26707
5.99362,0.00528191,5.99903
6.19468,0.00333632,6.19814
6.00195,0.00350517,6.00558
6.10921,0.00715335,6.11649
6.15603,0.00604481,6.16222
6.1235,0.00520708,6.12883
6.12869,0.00423418,6.13305
6.40772,0.00418664,6.41203
6.02854,0.00422411,6.0329
6.11296,0.00720532,6.12029
6.01141,0.00430242,6.01584
6.17539,0.00349579,6.17901
6.02806,0.00399278,6.03217
6.20044,0.0037836,6.20434
6.09964,0.00800527,6.10778
6.07354,0.007779,6.08145
6.12502,0.00617286,6.13132
6.13436,0.00451516,6.13899
6.13992,0.0042796,6.14432
6.19146,0.00359107,6.19518
6.34991,0.00470344,6.35474
6.13945,0.00660105,6.14617
6.10375,0.00603344,6.10992
31 threads per task
6.3462,0.00897013,6.3553
6.16575,0.00529844,6.17117
6.0753,0.00572239,6.08117
6.091,0.00826026,6.09939
6.17603,0.00743086,6.18359
6.19148,0.00367232,6.19529
6.14997,0.00541545,6.15551
5.99173,0.00484966,5.9967
6.0316,0.00436074,6.03609
6.07349,0.00536555,6.07899
6.0726,0.00711968,6.07984
6.09639,0.00348067,6.1
6.04692,0.0065263,6.05357
6.16938,0.00440182,6.17391
6.34354,0.00738742,6.35106
6.02742,0.00809453,6.03564
6.47737,0.00363506,6.48114
6.0058,0.00613479,6.01208
6.1305,0.00748989,6.13812
6.0248,0.0073495,6.03228
6.02835,0.00837113,6.03685
6.14286,0.00352219,6.14651
6.14845,0.00352292,6.1521
6.1851,0.00335799,6.18859
5.98921,0.003394,5.99274
6.07108,0.00395562,6.07516
6.10653,0.00781601,6.11448
6.1852,0.00393362,6.18927
6.00772,0.00856445,6.01643
6.32469,0.00830758,6.33312
6.0083,0.00560261,6.01404
6.15811,0.00371343,6.16195
6.11244,0.00830217,6.12087
6.18482,0.00816337,6.19311
6.12744,0.00342804,6.13099
6.01102,0.00438687,6.01554
6.2124,0.00788539,6.22041
6.02105,0.0058966,6.02708
6.13534,0.00436522,6.13984
6.0126,0.00566552,6.01839
6.1344,0.00404796,6.13859
6.05742,0.00608997,6.06364
6.0004,0.00660027,6.00713
6.3641,0.0037405,6.36797
6.27827,0.00344118,6.28185
6.04796,0.00520356,6.0533
6.33179,0.0060314,6.33797
6.05746,0.00430496,6.06189
6.08967,0.00365939,6.09345
6.10828,0.00453036,6.11293
6.07582,0.00551861,6.08148
32 threads per task
6.15034,0.00627393,6.15675
6.13569,0.00949519,6.14532
6.02538,0.00976449,6.03527
6.03973,0.00423896,6.04412
6.01484,0.00360553,6.01857
6.05959,0.00345375,6.06316
6.22901,0.00904873,6.23818
6.05302,0.00435629,6.05751
6.0327,0.00829793,6.04114
6.00884,0.00479724,6.01376
6.07957,0.0037276,6.08345
6.02416,0.00333169,6.02761
6.10032,0.00650572,6.10695
6.08014,0.00331909,6.08358
6.03309,0.00468248,6.0379
6.04183,0.00421331,6.04617
6.16349,0.00371974,6.16733
6.00909,0.00838143,6.01761
6.11194,0.00906007,6.12112
6.03162,0.0045852,6.03633
6.15151,0.00360539,6.15524
6.16461,0.00528616,6.17002
6.16434,0.00503263,6.16949
6.14205,0.00910475,6.15128
6.34259,0.00470984,6.34742
6.08226,0.00413028,6.08652
6.21516,0.00689685,6.22218
6.17195,0.00356943,6.17565
6.12787,0.00513892,6.13315
6.20945,0.00323516,6.21281
6.03664,0.0035489,6.04031
6.35907,0.00864896,6.36786
6.10139,0.00470591,6.10624
6.14744,0.00341083,6.151
6.11331,0.00419741,6.11763
6.20607,0.00762103,6.21384
6.14049,0.00414877,6.14478
6.02669,0.00583001,6.03265
6.07375,0.0034118,6.07729
6.19557,0.00349838,6.19921
6.06237,0.00343056,6.06592
6.07642,0.00846582,6.08501
6.1233,0.00363075,6.12706
6.31173,0.00878134,6.32063
6.14788,0.00509867,6.15311
6.13866,0.008775,6.14756
6.35694,0.00684996,6.36392
6.06547,0.00356084,6.06915
6.09385,0.00339539,6.09737
6.2284,0.00545241,6.23398
6.21655,0.00423513,6.22092
task end
