13 tasks per node
1 threads per task
1.95416,0.000350488,0.00721847,2.27733
1.94327,0.000370773,0.00709807,2.25248
1.96055,0.000374572,0.00718279,2.27373
1.98971,0.000346685,0.0071821,2.31348
1.98274,0.000406664,0.00723216,2.29693
2.01506,0.000375042,0.00734241,2.33782
1.94643,0.000472356,0.00714822,2.26731
1.9469,0.000403294,0.00725016,2.27058
1.94877,0.000385219,0.00716022,2.27186
1.97046,0.000377961,0.00689976,2.28972
1.94872,0.000382768,0.00729429,2.25886
1.9516,0.000335243,0.00724592,2.26462
1.96803,0.000364833,0.00723788,2.29181
1.96795,0.000400929,0.00721931,2.28958
1.99166,0.000342175,0.00724854,2.31514
1.96979,0.000390252,0.00710086,2.28363
1.95343,0.000407349,0.0072957,2.26732
1.94828,0.000368983,0.00711265,2.26818
1.94318,0.000388933,0.00720992,2.26686
1.94037,0.000356842,0.00719503,2.25461
1.95784,0.00036004,0.00725928,2.28154
2 threads per task
1.9442,0.00359569,0.00691201,2.27112
1.96638,0.000216253,0.0109565,2.29323
1.95407,0.013643,0.00104843,2.27712
1.96877,0.00233344,0.00841512,2.28375
1.94335,0.000233939,0.0108708,2.26999
1.95323,0.000244524,0.0107719,2.2698
1.97837,0.00023585,0.0148374,2.3091
1.97903,0.000261076,0.0102707,2.30508
1.95678,0.0139287,0.103446,2.39038
1.95235,0.00378784,0.0067068,2.27833
1.98192,0.0120463,0.00109104,2.30181
1.96329,0.00163901,0.0103228,2.2923
2.01373,0.000302996,0.0111499,2.3408
1.96043,0.0035982,0.00724266,2.28739
1.9878,0.00215608,0.00884493,2.31798
1.95944,0.00377579,0.00948023,2.2779
1.94273,0.0029048,0.00738864,2.26579
1.95253,0.00360223,0.00758791,2.27727
1.95179,0.00360505,0.011548,2.27181
1.95913,0.0038763,0.00695191,2.28828
1.94353,0.00210725,0.00913809,2.27065
3 threads per task
1.95276,0.00367153,0.00928405,2.27263
2.01824,0.00353528,0.0153474,2.35312
1.95546,0.00870695,0.0102484,2.28884
1.95245,0.00701734,0.00679217,2.28379
1.95869,0.0141826,0.00111165,2.29045
1.9359,0.00345212,0.0111588,2.26279
1.95609,0.00181979,0.0163855,2.28055
1.95177,0.00365853,0.00900635,2.26763
1.94378,0.00350995,0.0106656,2.27344
1.9482,0.00350323,0.013759,2.28375
1.94737,0.00355864,0.0183465,2.2749
1.95641,0.00354511,0.0106439,2.28385
1.94794,0.00350629,0.0105119,2.26945
1.94226,0.00349977,0.0118298,2.27192
1.9787,0.00351447,0.00834134,2.29684
1.93721,0.0105737,0.0084301,2.27138
1.94823,0.00532109,0.0127815,2.28188
1.9509,0.0151611,0.00414541,2.28616
1.97176,0.00528568,0.0121202,2.31245
1.96003,0.00444558,0.0135276,2.2915
1.95352,0.00351807,0.0140199,2.28702
4 threads per task
1.95935,0.0213957,0.0026168,2.28877
2.01403,0.00858612,0.0191383,2.35368
1.94669,0.00686453,0.0140404,2.27353
1.95653,0.0104379,0.00709717,2.29197
1.95957,0.0167405,0.00488156,2.29714
1.97481,0.0101714,0.0116123,2.31288
1.96112,0.0100908,0.0156339,2.29206
1.95257,0.00507538,0.0157107,2.29073
1.96353,0.0118846,0.0124391,2.30422
1.95176,0.0103788,0.0134163,2.28086
1.94096,0.0149926,0.00752902,2.27903
1.96716,0.0106358,0.00929054,2.3043
1.9388,0.00508466,0.0108608,2.27108
1.95271,0.0103817,0.0098046,2.28671
1.98627,0.0139407,0.0137055,2.32708
1.9966,0.00684971,0.0215138,2.3409
1.94527,0.00676422,0.0115225,2.27766
1.95684,0.0101665,0.0136952,2.29608
1.93992,0.0215586,0.00103695,2.27894
1.94477,0.00549376,0.0170354,2.26963
1.94967,0.00675243,0.0163879,2.28999
5 threads per task
1.94353,0.0225296,0.00620787,2.28591
1.94751,0.0100612,0.0154382,2.2854
1.95492,0.0101956,0.0170514,2.30039
1.94006,0.0285894,0.000987798,2.28511
1.96955,0.0184639,0.00901693,2.31357
1.9529,0.0103159,0.0254617,2.29346
1.95382,0.00837187,0.0202544,2.29097
1.94345,0.0149946,0.0130581,2.28762
1.93403,0.0264624,0.00204816,2.27857
1.94448,0.0101285,0.0152108,2.28663
1.9783,0.0208635,0.00898499,2.32498
1.95239,0.0133944,0.010677,2.2925
1.95638,0.0327145,0.00112258,2.30683
1.94567,0.031663,0.00201112,2.29575
1.98136,0.0253844,0.00222588,2.31501
2.02255,0.00836494,0.0217511,2.36843
1.94227,0.0190201,0.0156778,2.29307
1.99695,0.0099657,0.0141564,2.33569
1.94904,0.0116807,0.0164502,2.2899
1.94784,0.0201689,0.00535261,2.2899
1.9529,0.0179351,0.0088841,2.29507
6 threads per task
1.97669,0.0265311,0.00411088,2.32284
1.97522,0.0199025,0.0199034,2.33084
1.94927,0.0184299,0.0122851,2.28904
1.99345,0.0133614,0.0207592,2.3351
1.93435,0.018694,0.0126417,2.27229
1.97536,0.0166434,0.0196598,2.32759
1.97948,0.0099379,0.0242584,2.32366
1.9888,0.0211841,0.0132739,2.33933
1.95422,0.0165248,0.0185846,2.30533
1.94152,0.0230433,0.0135247,2.29393
1.9483,0.0165416,0.0159587,2.29617
1.94502,0.0345963,0.00093744,2.29664
1.94827,0.0115972,0.0269564,2.30094
1.95382,0.0217471,0.0183124,2.30967
1.96747,0.0199895,0.0101723,2.31466
1.96779,0.0133725,0.0161594,2.30392
1.97095,0.0164775,0.00411644,2.29753
1.96705,0.0205471,0.01357,2.31686
1.95154,0.0342865,0.00174863,2.30368
1.95828,0.0132589,0.0271407,2.31393
1.94906,0.0210333,0.0144493,2.31192
7 threads per task
1.95005,0.0266773,0.00708092,2.3006
1.94238,0.0246232,0.00853414,2.2914
1.94987,0.0396729,0.00371141,2.309
1.95488,0.0166527,0.0191459,2.30693
1.94831,0.0265333,0.0100299,2.30351
1.94856,0.0181253,0.0167583,2.2973
1.94707,0.0350259,0.00293682,2.29829
1.94666,0.0260425,0.0140674,2.29979
1.961,0.0251522,0.0175853,2.31551
1.94327,0.0259941,0.00626759,2.29178
1.96316,0.0224789,0.0153188,2.31548
1.98206,0.0304058,0.00512937,2.32719
1.95879,0.0250318,0.00931751,2.29694
1.94778,0.0338077,0.00105309,2.29828
1.95333,0.0199041,0.0203697,2.30947
1.93613,0.0269007,0.00530106,2.28392
1.95486,0.0295715,0.00830623,2.30858
2.14323,0.0344386,0.0020879,2.49477
1.96649,0.0116448,0.0238573,2.32139
1.97445,0.0344375,0.0037689,2.32744
1.94987,0.0260703,0.00557115,2.29895
8 threads per task
1.94933,0.00992443,0.0331542,2.30934
1.94325,0.0353507,0.00377719,2.29789
1.95034,0.0133349,0.0278444,2.30634
1.97464,0.0284053,0.0114764,2.33252
1.97354,0.0367186,0.000979779,2.32754
1.95389,0.0230836,0.0176025,2.3006
1.95094,0.0213757,0.0196219,2.29493
1.95732,0.0381467,0.00304593,2.30776
1.99006,0.0230637,0.0143413,2.33289
1.95426,0.0382143,0.003068,2.30154
1.95177,0.0273352,0.0175584,2.31038
1.95027,0.0176341,0.0282373,2.30947
1.93627,0.0280488,0.0124151,2.28598
2.01144,0.0230742,0.0188019,2.35888
1.95016,0.0114297,0.038264,2.31453
1.96453,0.0273393,0.0124107,2.31976
1.94733,0.0320349,0.00941502,2.30655
1.94169,0.0378025,0.00602156,2.30127
1.96392,0.0337741,0.0120388,2.31559
1.95688,0.0251198,0.0197974,2.31789
1.94958,0.0327106,0.0149444,2.30658
