Bash version 4.2.46(1)-release...
1 tasks per node
1 threads per task
9.80659,0.00270604,11.4792
6.16216,0.00271597,7.83615
6.36199,0.00276806,8.03542
6.22512,0.00276025,7.9001
6.21386,0.00249932,7.88575
6.11067,0.00249398,7.78241
6.19616,0.00247393,7.86915
6.14867,0.00278007,7.82459
6.18104,0.00247673,7.85602
6.12092,0.00243061,7.79241
6.10641,0.00253378,7.78101
6.20488,0.00247655,7.87644
6.75549,0.00271637,8.42878
6.09396,0.00252158,7.76642
6.39707,0.00273616,8.06998
6.29235,0.00251588,7.96602
6.04669,0.00248484,7.71854
6.14318,0.00248043,7.81724
6.10355,0.00272147,7.77864
6.22261,0.00280784,7.89524
6.10466,0.00250496,7.77727
6.12728,0.00278606,7.80239
6.18406,0.00248985,7.85865
6.19968,0.00250641,7.871
6.21625,0.00272319,7.88723
6.51821,0.00246246,8.18958
6.39473,0.0025184,8.06742
6.19923,0.00273088,7.87372
6.10171,0.00247827,7.77485
6.24204,0.00254977,7.91461
6.24963,0.0025275,7.92231
6.25273,0.00251145,7.92629
6.07281,0.00277369,7.74675
6.17824,0.00255863,7.853
6.2686,0.00275074,7.9441
6.04416,0.0026931,7.7168
6.07461,0.00281603,7.74875
6.22065,0.00250462,7.89528
6.04845,0.00242904,7.71864
6.05162,0.00253833,7.72602
6.08018,0.00272481,7.7543
6.1585,0.00250167,7.83071
6.23298,0.00247956,7.90555
6.06005,0.00278009,7.7344
6.05685,0.00248034,7.7298
6.04173,0.00275711,7.71273
6.14467,0.00277469,7.81765
6.12672,0.00274523,7.80207
6.10746,0.00246952,7.77855
6.15348,0.00260665,7.82674
6.09822,0.00250813,7.77205
2 threads per task
6.71143,0.0021663,8.3844
6.12114,0.00189051,7.79071
6.05674,0.00219502,7.72945
6.3782,0.00192218,8.05054
6.12308,0.00191202,7.79358
6.17842,0.00217349,7.84885
6.13052,0.00216557,7.80209
6.13366,0.002215,7.80645
6.25364,0.00190697,7.92729
6.23197,0.00187069,7.90496
6.21834,0.00220865,7.89003
6.05258,0.00190955,7.72697
6.08517,0.00216684,7.75944
6.07697,0.00220091,7.75217
6.1778,0.00190187,7.84917
6.05881,0.00218539,7.7293
6.15961,0.00192294,7.83201
6.16196,0.00191911,7.83569
6.19248,0.00218276,7.86613
6.03175,0.00187288,7.70242
6.16708,0.0019513,7.8384
6.06579,0.00198088,7.73642
6.24953,0.00190763,7.92145
6.1183,0.0021874,7.78999
6.16822,0.00201041,7.84459
6.16735,0.00189807,7.84141
6.15466,0.00216004,7.82361
6.34966,0.00194328,8.02147
6.1832,0.00188825,7.85424
6.12139,0.00190965,7.79139
6.22597,0.00199358,7.8986
6.20992,0.00220234,7.88272
6.17017,0.00195973,7.84153
6.26232,0.00223618,7.93296
6.12752,0.00190417,7.80114
6.23983,0.0019697,7.91233
6.19016,0.00188594,7.86252
6.1424,0.00222101,7.81346
6.16571,0.00220488,7.83843
6.09818,0.00220702,7.76943
6.15674,0.00191313,7.82712
6.15091,0.00191488,7.82125
6.2649,0.00215084,7.93765
6.17313,0.00221177,7.84435
6.17863,0.0019231,7.85206
6.22165,0.0019706,7.89374
6.17177,0.00187337,7.84493
6.1268,0.00219074,7.799
6.20291,0.00191779,7.87545
6.10457,0.00192007,7.77556
6.18694,0.00219367,7.8595
3 threads per task
6.20185,0.00157954,7.87187
6.19102,0.00157224,7.86527
6.14202,0.00161183,7.81478
6.20679,0.00158914,7.87808
6.05957,0.00184137,7.73192
6.25216,0.00187306,7.92568
6.20828,0.00159942,7.88075
6.08168,0.00182106,7.75332
6.71032,0.00182422,8.38298
6.11231,0.00159222,7.7836
6.16638,0.00159025,7.83636
6.17022,0.00157798,7.84039
6.05962,0.00156976,7.73193
6.2151,0.00154303,7.88604
6.05399,0.00164028,7.7243
6.15427,0.00187539,7.82636
6.1786,0.00159993,7.85111
6.22526,0.00161619,7.89624
6.16386,0.00162402,7.83375
6.07612,0.00183171,7.74923
6.09093,0.00182845,7.76226
6.19088,0.00186656,7.86113
6.28642,0.00162209,7.95807
6.18453,0.00182893,7.85658
6.13264,0.00190173,7.80731
6.16632,0.00158837,7.83724
6.16183,0.00184943,7.83618
6.18645,0.00161831,7.86001
6.37471,0.00183715,8.04745
6.1134,0.0018399,7.78656
6.41617,0.00186837,8.0896
6.07697,0.00186428,7.75056
6.12607,0.00157254,7.79874
8.27387,0.00181047,9.94523
6.12843,0.0015903,7.80059
6.12419,0.001567,7.79513
6.0984,0.00184212,7.76962
6.21419,0.00156449,7.88609
6.26911,0.00183281,7.94116
6.10756,0.00159914,7.78367
6.20821,0.00152287,7.88126
6.17533,0.00157518,7.84749
6.0421,0.0016043,7.7135
6.3116,0.00178374,7.9812
6.05649,0.00190021,7.72927
6.25095,0.00158792,7.921
6.08423,0.00160292,7.75761
6.06744,0.00181039,7.73921
6.06808,0.00183995,7.74042
6.04783,0.00155305,7.7205
6.06109,0.00184819,7.73233
4 threads per task
6.17974,0.00130911,7.85171
6.04362,0.00135812,7.71667
6.27898,0.00140514,7.95348
6.15654,0.0013115,7.8285
6.17475,0.00160474,7.84752
6.15616,0.00157053,7.82886
6.28295,0.00160658,7.95556
6.06267,0.00160307,7.73549
6.17949,0.00144664,7.85082
6.07132,0.00131267,7.74294
6.15546,0.0012936,7.82415
6.18161,0.00130445,7.85216
6.06613,0.00135076,7.738
6.1253,0.00128489,7.80038
6.16808,0.00156239,7.8402
6.04389,0.00159732,7.71654
6.21321,0.00128083,7.88405
6.18996,0.00139895,7.86078
6.28468,0.00157114,7.95756
6.19106,0.00129666,7.86225
6.06281,0.00129698,7.73328
6.06675,0.00159263,7.73852
6.09883,0.00133502,7.77103
6.17499,0.00159715,7.84732
6.15355,0.00159088,7.82598
6.18196,0.00159171,7.85433
6.1788,0.0016035,7.8497
6.06739,0.00133994,7.73877
6.16135,0.00129923,7.83174
6.17123,0.0015696,7.84359
7.04048,0.00128972,8.71185
6.20348,0.00158468,7.8765
6.11914,0.00205593,7.79264
6.1744,0.00157697,7.85047
6.16112,0.00177884,7.83336
6.18923,0.00158887,7.85963
6.15489,0.00164926,7.82777
6.15826,0.00166628,7.8302
6.35211,0.00130646,8.02376
6.18205,0.00134541,7.85104
6.14721,0.00158027,7.81982
6.20589,0.00134752,7.87828
6.22613,0.00134571,7.89869
6.27805,0.00156717,7.95007
6.12721,0.0013097,7.7998
6.22321,0.00132399,7.89514
6.22847,0.00131515,7.89942
6.03956,0.00134,7.7121
6.29936,0.00133281,7.97119
6.17547,0.00138829,7.84675
6.40035,0.00132151,8.06908
5 threads per task
6.09983,0.00142574,7.77322
6.06863,0.00152127,7.74086
6.06556,0.00122885,7.73717
6.20734,0.00122145,7.8819
6.06109,0.00144567,7.73214
6.13453,0.00145874,7.8052
6.06436,0.00119178,7.73481
6.39153,0.00143622,8.06443
6.04155,0.00125012,7.71473
6.06869,0.0014333,7.74025
6.1803,0.00144238,7.85108
6.10506,0.00145091,7.77798
6.22544,0.00122507,7.89503
6.18144,0.00119363,7.85042
6.15365,0.00145927,7.82674
6.04199,0.00118907,7.71557
6.09165,0.00147409,7.76114
6.29311,0.00149835,7.96512
6.36046,0.00119715,8.03344
6.15761,0.00145264,7.83031
6.06949,0.0014503,7.74144
6.15645,0.00146884,7.82825
6.09557,0.00128017,7.76662
6.06519,0.00145053,7.73644
6.12921,0.00131069,7.80123
6.0828,0.00117391,7.75477
6.10814,0.00129617,7.77834
6.10452,0.00149808,7.77615
6.0698,0.00145827,7.74138
6.04783,0.00116916,7.71858
6.17512,0.00119829,7.84684
6.18477,0.00119799,7.85777
6.17165,0.00119778,7.84442
6.10582,0.00146179,7.77784
6.04012,0.00146638,7.71348
6.05982,0.00143811,7.73121
6.1669,0.001273,7.83888
6.17903,0.00122968,7.84925
6.20019,0.00121559,7.87354
6.04454,0.00118325,7.71683
6.13886,0.00124668,7.80813
6.20343,0.00117077,7.87493
6.14322,0.00121791,7.81499
6.04631,0.00118999,7.71746
6.10525,0.00122235,7.77613
6.13081,0.00149711,7.80277
6.23051,0.00119946,7.9031
6.06246,0.00148453,7.7358
6.03214,0.00122765,7.70409
6.08102,0.00144258,7.75351
6.14942,0.00122528,7.82137
6 threads per task
6.07906,0.00106924,7.74964
6.11038,0.00112401,7.78308
6.16456,0.00111046,7.8344
6.04344,0.00108865,7.71194
6.1575,0.00112553,7.82722
6.06098,0.00106535,7.73569
6.15846,0.00134074,7.83196
6.09707,0.00133032,7.7684
6.05266,0.00109936,7.72553
6.25659,0.00108462,7.92705
6.05195,0.00112581,7.72172
6.07333,0.00107282,7.74378
6.401,0.001345,8.07256
6.13783,0.00122215,7.81037
6.28665,0.00107789,7.95758
6.16824,0.00112141,7.83798
6.36862,0.00134233,8.03974
6.14299,0.00138844,7.81302
6.03061,0.00134344,7.7029
6.08355,0.0010853,7.75732
6.05019,0.00110626,7.72314
6.3091,0.0010825,7.97861
6.0705,0.00111623,7.74317
6.1376,0.00107459,7.80988
6.13876,0.00135133,7.81031
6.03935,0.00136155,7.71145
6.15444,0.00110564,7.82565
6.19243,0.00107861,7.86439
6.16299,0.00111918,7.83478
6.16392,0.00107624,7.83648
6.20393,0.00137591,7.87518
6.06709,0.00109141,7.73893
6.06282,0.00139487,7.73596
6.02686,0.00109192,7.69859
6.07176,0.00136523,7.74213
6.16411,0.00137757,7.8352
6.08337,0.00118282,7.75661
6.18288,0.00109636,7.85511
6.11845,0.00110329,7.78907
6.17708,0.00137416,7.84772
6.14701,0.00108488,7.81816
6.17447,0.00142118,7.84581
6.07401,0.00109284,7.74379
6.11509,0.00133966,7.78931
6.07137,0.00110229,7.74393
6.02028,0.00135358,7.69389
6.1614,0.00109727,7.83303
6.179,0.00135219,7.85272
6.17515,0.0010789,7.84503
6.06507,0.00137088,7.73689
6.17566,0.00139207,7.84796
7 threads per task
6.23248,0.000974018,7.90257
6.18733,0.000994384,7.85684
6.16956,0.000979079,7.84056
6.17682,0.00130244,7.84904
6.1994,0.00130047,7.87033
6.13109,0.00127578,7.8038
6.16646,0.00099867,7.83689
6.13355,0.000983044,7.80671
6.14271,0.000996915,7.8121
6.13938,0.00101041,7.81144
6.13709,0.00103198,7.80766
6.155,0.00129025,7.82788
6.0346,0.00127284,7.70824
6.1763,0.00102727,7.84815
6.1618,0.000983827,7.83436
6.14438,0.00125233,7.81486
6.05873,0.00127993,7.73198
6.18014,0.000996148,7.85166
6.09892,0.0010215,7.7707
6.17305,0.0010276,7.84619
6.13203,0.000990796,7.80344
6.09392,0.00101595,7.76765
6.09703,0.00124834,7.76873
6.10155,0.00116866,7.7735
6.16867,0.00125016,7.83936
6.16509,0.00102875,7.83453
6.05651,0.000989558,7.72733
6.21927,0.00125473,7.89279
6.21055,0.00100178,7.88188
6.04878,0.00125345,7.72438
6.09802,0.00101523,7.77103
6.20198,0.00128182,7.87405
6.08641,0.00119362,7.75576
6.35122,0.00125766,8.02234
6.04832,0.00100351,7.72331
6.05046,0.0012743,7.72199
6.05639,0.0013828,7.72855
6.11485,0.000993219,7.78898
6.18993,0.00105205,7.86175
6.0807,0.00126365,7.75182
6.10826,0.00098512,7.78018
6.11608,0.000997161,7.78722
6.10615,0.00100118,7.77875
6.18415,0.00128147,7.85497
6.17778,0.000996199,7.85037
6.04046,0.0009975,7.71155
6.08641,0.00131453,7.75661
6.15472,0.00102623,7.82599
6.06875,0.000989723,7.74015
6.05915,0.000988184,7.7292
6.05738,0.00125081,7.73085
8 threads per task
6.06042,0.000986642,7.73039
6.27997,0.0012149,7.94923
6.0719,0.000932043,7.74352
6.13881,0.00120234,7.8117
6.19364,0.00095077,7.8657
6.03552,0.000928579,7.70679
6.05421,0.00119299,7.72877
6.04649,0.00118678,7.71997
6.13654,0.000944826,7.80545
6.2048,0.0010005,7.87475
6.1814,0.000920855,7.85125
6.03519,0.00122884,7.70997
6.4311,0.000987465,8.10336
6.05843,0.00102382,7.73043
6.13379,0.000935925,7.80393
6.35792,0.000972615,8.02666
6.14309,0.000913141,7.81327
6.14785,0.00121442,7.82143
6.08816,0.00119424,7.75979
6.32055,0.00173034,7.99287
6.17006,0.00122499,7.84451
6.24093,0.000926865,7.91481
6.05658,0.00123877,7.72805
6.20366,0.00101695,7.87517
6.19611,0.000942134,7.86796
6.05954,0.000972878,7.73045
6.05358,0.00118368,7.7248
6.15837,0.000945012,7.83192
6.15638,0.00121331,7.82756
6.17856,0.000933629,7.85047
6.04247,0.00119917,7.71555
6.38596,0.000907626,8.05683
6.17694,0.00118525,7.84997
6.06375,0.000923695,7.73335
6.06125,0.00118279,7.73401
6.03687,0.00123233,7.70869
6.032,0.00118108,7.70856
6.09048,0.000971999,7.76268
6.05149,0.00097669,7.72362
6.04733,0.000909233,7.71667
6.20558,0.000924672,7.87645
6.20521,0.00121735,7.87634
6.13339,0.000924202,7.80458
6.0515,0.0012061,7.72522
6.1567,0.000938592,7.83105
6.2844,0.000933525,7.96017
6.0769,0.00119846,7.75089
6.14404,0.00121445,7.817
6.12723,0.00110405,7.80054
6.02645,0.00096555,7.69658
6.08866,0.00120901,7.75972
/opt/sge/crc/spool/d8civy133/job_scripts/200742: line 31: syntax error near unexpected token `done'
/opt/sge/crc/spool/d8civy133/job_scripts/200742: line 31: ` done'
