Bash version 4.2.46(1)-release...
6 tasks per node
1 threads per task
12.5349,0.00255583,13.6528
6.81021,0.00283451,7.91866
6.52017,0.00258747,7.62712
6.58525,0.00289536,7.69203
6.60048,0.00260313,7.70788
6.68491,0.0025931,7.79201
6.66845,0.00268096,7.7761
6.58216,0.00255939,7.69277
6.68873,0.00310194,7.7969
6.55925,0.0025152,7.66627
6.67186,0.0026264,7.77894
6.56908,0.00258539,7.6764
6.49049,0.0028911,7.60183
6.6176,0.00284247,7.72661
6.7049,0.00287063,7.81656
6.60105,0.00256847,7.71273
6.52186,0.00257784,7.63097
6.62456,0.00286164,7.73441
6.59058,0.00306771,7.7023
6.48106,0.00293702,7.58905
6.63122,0.00261577,7.73881
6.60193,0.00255071,7.70982
6.46124,0.00255116,7.56776
6.60142,0.00261696,7.70883
6.59442,0.00266176,7.70201
6.47959,0.00295665,7.58666
6.57223,0.00264582,7.67919
6.61594,0.00263248,7.72363
6.62614,0.00274198,7.73376
6.55469,0.00290442,7.66569
6.56678,0.00257504,7.6737
6.49276,0.00294734,7.60479
6.71949,0.00296603,7.82727
6.68567,0.00294545,7.79351
6.75034,0.00289992,7.85741
6.47767,0.00269131,7.58616
6.73966,0.00304041,7.84731
6.44957,0.0026328,7.5575
6.5269,0.00255191,7.63357
6.56478,0.00286692,7.67285
6.58679,0.00291168,7.69593
6.65886,0.00286279,7.76679
6.57489,0.00287176,7.68257
6.61273,0.00265582,7.72012
6.56016,0.00288595,7.66746
6.64324,0.00290968,7.75092
6.70162,0.00256358,7.80866
6.60648,0.00258894,7.71844
6.58208,0.00261225,7.68955
8.15761,0.00257445,9.26891
6.56162,0.00289331,7.66913
2 threads per task
6.51469,0.00201653,7.62139
6.62199,0.00196946,7.72924
6.57408,0.00224174,7.68124
6.62241,0.00225224,7.72968
6.48907,0.0023186,7.59987
6.46949,0.00228676,7.57648
6.67521,0.0022994,7.78241
6.69453,0.00291602,7.80181
6.49297,0.0020128,7.59984
6.5783,0.00196785,7.68501
6.47441,0.00230266,7.58126
6.6349,0.00226863,7.74264
6.61002,0.00227947,7.71703
6.55542,0.00199497,7.66251
6.63573,0.00217705,7.7425
6.51854,0.00227002,7.62987
6.69382,0.00197099,7.8001
6.6932,0.00271377,7.80048
6.50613,0.00198858,7.6144
6.60179,0.00288544,7.70927
6.65553,0.00197766,7.76283
6.50781,0.002834,7.61545
6.64455,0.00202692,7.75152
6.57054,0.00226842,7.67821
6.61084,0.00221345,7.7173
6.56228,0.00200588,7.66966
6.74213,0.0022167,7.84922
6.51359,0.0031523,7.62105
6.83382,0.00197591,7.94028
6.60151,0.00222986,7.70883
6.67249,0.00217938,7.77871
6.5925,0.00200235,7.69997
6.66402,0.00195751,7.77113
6.57046,0.00197444,7.67698
6.43456,0.0019705,7.54048
6.63867,0.00310977,7.74621
6.59334,0.00196914,7.70032
6.50483,0.00198492,7.61126
6.57066,0.00286227,7.68268
6.63189,0.00232503,7.74242
6.76856,0.00231575,7.87905
6.57526,0.00200861,7.68595
6.54582,0.00195574,7.65204
6.63866,0.00227651,7.74578
6.71253,0.00201599,7.81874
6.7002,0.0019247,7.80758
6.65386,0.00226392,7.76511
6.59755,0.00229893,7.70454
6.51978,0.00224592,7.62655
6.59881,0.00226113,7.70648
6.61198,0.00227703,7.71938
3 threads per task
6.57951,0.00352978,7.68797
6.62249,0.00206344,7.73354
6.57552,0.00196999,7.68202
6.54981,0.00257758,7.65679
6.46884,0.00353926,7.58074
6.76697,0.00383812,7.87527
6.69514,0.00323385,7.80258
6.66777,0.00348776,7.77604
6.58587,0.00336492,7.69452
6.51964,0.00233996,7.62899
6.59309,0.00345983,7.70539
6.63015,0.00662229,7.74109
6.59009,0.0027038,7.6979
6.60779,0.00300773,7.71607
6.71888,0.00369142,7.82958
6.49224,0.00537684,7.60212
6.64548,0.0036423,7.75369
6.67255,0.00381206,7.78025
6.61474,0.00382852,7.72429
6.53256,0.00370272,7.64035
6.69262,0.00511944,7.80248
6.69989,0.00314775,7.80781
6.59921,0.00307391,7.70813
6.58154,0.00512718,7.69163
6.57405,0.00354918,7.6829
6.59115,0.00200194,7.69819
6.56837,0.00211189,7.67589
6.64558,0.00352464,7.75717
6.54309,0.00512514,7.65218
6.46085,0.00204195,7.57246
6.90539,0.00359238,8.01426
6.71201,0.00218734,7.81909
6.55648,0.00441966,7.66527
6.52462,0.00348276,7.63305
6.60412,0.00465016,7.71733
6.51417,0.00362545,7.62251
6.61173,0.00329686,7.72033
6.66953,0.00198464,7.77756
6.64878,0.0037135,7.75798
6.43687,0.00198124,7.54291
6.58958,0.00217981,7.69816
6.59725,0.00307956,7.7052
6.62825,0.00212985,7.73584
6.4908,0.00550205,7.60107
6.58927,0.003804,7.69845
6.57315,0.00364507,7.68218
6.61824,0.00205557,7.72842
6.63555,0.00542592,7.74634
6.7239,0.00472935,7.83359
6.59951,0.00347419,7.71169
6.61381,0.00320256,7.72625
4 threads per task
6.60547,0.00457876,7.71571
6.60811,0.00529479,7.71792
6.60701,0.00427314,7.71618
6.58348,0.00436036,7.69338
6.48309,0.00414842,7.59251
6.6519,0.00514018,7.76252
6.52207,0.00438466,7.63399
6.59751,0.00420867,7.70788
6.65669,0.0069807,7.77209
6.52043,0.00421999,7.62965
6.63098,0.00428238,7.74135
6.59784,0.00374965,7.70757
6.54788,0.00590869,7.65882
6.60579,0.00447145,7.71684
6.61314,0.00820927,7.73045
6.66224,0.00558801,7.77249
6.65431,0.00412151,7.76321
6.50952,0.00509848,7.61953
6.7178,0.0090879,7.83127
6.50389,0.00455585,7.61301
6.45922,0.00413472,7.56856
6.5816,0.00527731,7.69186
6.57223,0.00412216,7.6848
6.50794,0.00418978,7.6183
6.48138,0.00530289,7.59444
6.66279,0.00533166,7.77656
6.57525,0.00462257,7.68373
6.58727,0.0042863,7.69728
6.80456,0.00446399,7.91587
6.56569,0.0047352,7.67561
6.54853,0.00500104,7.65893
6.48077,0.0125763,7.60449
6.60923,0.0045215,7.7191
7.03866,0.0048883,8.14797
6.67952,0.00423876,7.78888
6.53488,0.00449688,7.64388
6.69374,0.00607642,7.80385
6.51885,0.0145436,7.63988
6.42748,0.00396408,7.5368
6.50055,0.00473938,7.60983
6.56603,0.00472591,7.67536
6.551,0.00554333,7.66114
6.66294,0.00422549,7.77266
6.62687,0.00491369,7.73653
6.61702,0.00469618,7.72707
6.44022,0.00436396,7.5492
6.51573,0.00505121,7.62493
6.64993,0.00457036,7.75977
6.6236,0.0042547,7.73671
6.64872,0.00444347,7.75746
6.60081,0.00467057,7.71122
5 threads per task
6.79066,0.00567196,7.90203
6.60375,0.00540096,7.71379
6.64533,0.00862799,7.75884
6.7023,0.00911074,7.81581
6.63766,0.00420513,7.74651
6.50826,0.0112082,7.62412
6.60884,0.00420167,7.71724
6.76649,0.00596746,7.877
6.45862,0.00998217,7.57353
6.59569,0.00444134,7.70885
6.83105,0.00525353,7.94051
6.79814,0.00556465,7.91001
6.63546,0.00541822,7.74536
6.79854,0.00650291,7.90899
6.4836,0.0146571,7.60449
6.53874,0.00651292,7.64905
6.49509,0.00539047,7.60544
6.59182,0.00669819,7.70451
6.64778,0.00883035,7.76475
6.48961,0.0138223,7.61185
6.67898,0.00537386,7.79271
6.49295,0.00740913,7.60863
6.63106,0.00513053,7.73992
6.75522,0.00524108,7.86705
6.55884,0.00651567,7.67045
6.58095,0.00615939,7.69378
6.58816,0.00542806,7.70006
6.46038,0.00540684,7.57095
6.59457,0.00562668,7.7057
6.47899,0.00408908,7.58781
6.52312,0.0052564,7.63743
6.67995,0.00686259,7.79135
6.78326,0.00675472,7.89894
6.72123,0.00527616,7.83501
6.58935,0.0062962,7.70061
6.67483,0.00520408,7.78531
6.57886,0.00423773,7.6927
6.61402,0.00544134,7.7237
6.72153,0.00686389,7.83272
6.56926,0.00557758,7.67921
6.57642,0.00756632,7.68854
6.63581,0.00528966,7.74603
6.69737,0.0128727,7.81955
6.63501,0.00546484,7.74537
6.54347,0.00532737,7.65383
6.61088,0.0101663,7.72601
6.44815,0.00516629,7.56295
6.6766,0.00533929,7.79004
6.58737,0.00553365,7.69796
6.4527,0.00634799,7.56512
6.50317,0.00921556,7.61686
6 threads per task
6.55833,0.0183741,7.6888
6.70088,0.00803643,7.81393
6.51207,0.0166336,7.63422
6.51384,0.00723226,7.62583
6.61793,0.00837393,7.73075
6.64337,0.0100589,7.75836
6.63089,0.00834078,7.74406
6.68216,0.00748255,7.79432
6.49008,0.00721588,7.60134
6.48659,0.00727366,7.59912
6.56434,0.00799504,7.67913
6.61327,0.00877502,7.72688
6.59736,0.00729917,7.70998
6.57459,0.00738111,7.68723
6.84423,0.00846871,7.95845
6.66655,0.00699161,7.78202
6.80798,0.00860887,7.92364
7.4092,0.00697866,8.52096
6.62913,0.00801736,7.7421
6.59894,0.00736976,7.71134
6.43691,0.00725629,7.54835
6.49028,0.0058709,7.60152
6.68276,0.00855238,7.79575
6.64298,0.0127933,7.76248
6.66863,0.00582854,7.78025
6.57145,0.00758705,7.68424
6.79864,0.00683169,7.90992
6.56061,0.00723104,7.67231
6.48583,0.00884676,7.602
6.53376,0.00729083,7.64479
6.63741,0.00712942,7.75199
6.70036,0.00915371,7.81852
6.55565,0.00743758,7.66953
6.47589,0.0073616,7.58768
6.67753,0.00793802,7.79033
6.49493,0.00755674,7.60736
6.56463,0.00716399,7.67671
6.61058,0.00844985,7.72381
6.61464,0.0100013,7.72895
6.45602,0.00674796,7.57245
6.542,0.00861618,7.65526
6.62819,0.00698846,7.74019
6.48787,0.0109525,7.60419
6.7292,0.00841722,7.84253
6.67879,0.00720122,7.79035
6.6853,0.00692607,7.79803
6.60802,0.00793797,7.72118
6.66845,0.00822155,7.7861
6.52703,0.00724298,7.63929
6.76498,0.0071827,7.87674
6.66077,0.00819526,7.77482
7 threads per task
6.58569,0.00961162,7.70073
6.4394,0.00953408,7.55431
6.54454,0.010129,7.6601
6.59166,0.00992734,7.70951
6.74136,0.0120988,7.86151
6.44225,0.00919164,7.55637
6.70051,0.00786188,7.81409
6.45561,0.00869772,7.56997
6.79458,0.00886603,7.90833
6.52747,0.0103801,7.64211
6.92861,0.0104072,8.04355
6.67179,0.0104847,7.78697
6.50195,0.00890008,7.61563
6.67229,0.0137363,7.79289
6.57127,0.00933338,7.68586
6.58836,0.00861558,7.70353
6.59424,0.00835154,7.70739
6.63671,0.00901496,7.75035
6.60466,0.010431,7.72093
6.47307,0.00771728,7.58968
6.55224,0.0100599,7.66829
6.51037,0.00847484,7.62429
6.58441,0.0188897,7.70838
6.606,0.0098167,7.72074
6.84641,0.0116998,7.96514
6.68044,0.0088383,7.7953
6.78747,0.0115581,7.9035
6.69611,0.00999879,7.81205
6.70508,0.0081454,7.81813
6.4943,0.00858622,7.60705
6.65364,0.00903609,7.76661
6.57302,0.0104959,7.68927
6.56451,0.0101939,7.67941
6.61104,0.00901446,7.72442
6.58977,0.0092258,7.70363
6.63203,0.00916369,7.74918
6.61504,0.0210179,7.78863
6.45167,0.016965,7.57858
6.5635,0.0109428,7.67976
6.5751,0.00969887,7.68925
6.55423,0.00859507,7.66761
6.71325,0.0101704,7.82825
6.63042,0.0099653,7.74417
6.5994,0.0099922,7.71378
6.60752,0.0091278,7.72188
6.69814,0.00711002,7.81065
6.63853,0.0102155,7.75363
6.546,0.0186361,7.70313
6.66699,0.0104637,7.78284
6.49401,0.00898011,7.60816
6.60924,0.0101947,7.72425
8 threads per task
6.69018,0.0110706,7.80758
6.55857,0.0087108,7.67203
6.62852,0.0135189,7.74748
6.48124,0.0104234,7.60054
6.64013,0.0101328,7.75922
6.58234,0.0100383,7.69758
6.68287,0.0107262,7.79856
6.61914,0.0115975,7.73499
6.96475,0.00864503,8.07778
6.47926,0.010012,7.59379
6.4968,0.0117301,7.61387
6.74585,0.0116811,7.86257
6.66319,0.0107004,7.77947
6.61226,0.0103757,7.72646
6.5779,0.0109357,7.69522
6.4235,0.0100684,7.53759
6.58586,0.0100885,7.70109
6.44995,0.0131833,7.56839
6.48985,0.0103652,7.60505
6.58622,0.0119343,7.70448
6.59629,0.0116013,7.71186
6.43435,0.0107955,7.54938
6.64495,0.0100175,7.75976
6.78588,0.014428,7.9054
6.50682,0.0104223,7.62318
6.66062,0.0116206,7.79579
6.44004,0.00999043,7.55593
6.56686,0.00965773,7.68058
6.60082,0.0103541,7.71581
6.56485,0.0103489,7.68002
6.64158,0.0103556,7.75643
6.80681,0.0103276,7.92192
6.71207,0.0101894,7.82788
6.60496,0.00987905,7.72332
6.59131,0.0108193,7.70729
6.6723,0.00855064,7.78707
6.54922,0.0127453,7.6669
6.66682,0.0102428,7.78571
6.45939,0.0100166,7.57412
6.63195,0.0118477,7.753
6.46563,0.0119182,7.5824
6.77753,0.0117176,7.89432
6.65211,0.0102896,7.76719
6.69496,0.00996045,7.81383
6.45453,0.00936281,7.56806
6.67491,0.0159308,7.79575
6.67573,0.00983038,7.79092
6.65394,0.0100051,7.7701
6.51459,0.0116942,7.6318
6.65591,0.0089497,7.76948
6.60344,0.0105212,7.71978
/opt/sge/crc/spool/d8civy095/job_scripts/200752: line 31: syntax error near unexpected token `done'
/opt/sge/crc/spool/d8civy095/job_scripts/200752: line 31: ` done'
