7 tasks per node
1 threads per task
4.18787,0.000691861,0.00269734,4.84643
4.3337,0.000681289,0.00288045,5.00312
4.1759,0.000766285,0.0032987,4.83512
4.19693,0.000930035,0.00283966,4.86568
4.26223,0.000811633,0.00268668,4.92069
4.2483,0.000864148,0.00263636,4.90808
4.21742,0.000945283,0.00271738,4.87839
4.20639,0.000900539,0.00257552,4.86492
4.19649,0.00075857,0.00280266,4.8575
4.24072,0.000809595,0.00316128,4.89961
4.20364,0.000957185,0.0023196,4.86315
4.23995,0.000942143,0.00268289,4.89798
4.61959,0.000691222,0.00279136,5.27851
4.21532,0.000773031,0.00277075,4.87358
4.23166,0.000954507,0.00274182,4.90028
4.21832,0.000816904,0.00262167,4.87755
4.20333,0.000954829,0.00271428,4.8622
4.19895,0.000693521,0.00260508,4.85684
4.1744,0.000952944,0.00271056,4.83366
4.1909,0.000688415,0.00301848,4.85004
4.19309,0.000941835,0.00250393,4.85262
2 threads per task
4.17431,0.000676008,0.00410061,4.83363
4.1819,0.000694791,0.00313659,4.84008
4.19497,0.000457067,0.0038249,4.85499
4.20037,0.00066206,0.00265577,4.87053
4.18741,0.000560947,0.00266767,4.84507
4.19515,0.000438791,0.00276597,4.85281
4.21111,0.00045765,0.00298456,4.86915
4.21964,0.000545466,0.00297896,4.87852
4.17931,0.000664286,0.00403406,4.84157
4.35336,0.000466932,0.00279118,5.01237
4.21211,0.000543622,0.00255168,4.88287
4.18693,0.000517376,0.00274949,4.84469
4.21644,0.000662401,0.00249718,4.87543
4.22044,0.000415811,0.00281855,4.87838
4.20582,0.000673253,0.00260622,4.86743
4.18684,0.000719944,0.00274071,4.84655
4.20392,0.000479572,0.00280475,4.86187
4.21369,0.00059673,0.00276263,4.87432
4.20633,0.000693236,0.00239178,4.86429
4.17857,0.000548091,0.0044043,4.83971
4.34486,0.000419071,0.00291288,5.00344
3 threads per task
4.19747,0.00946743,0.00038648,4.86311
4.18332,0.00277795,0.00305081,4.85433
4.16236,0.00266154,0.00420321,4.82656
4.20085,0.00274094,0.00333496,4.86207
4.17607,0.00207102,0.0038792,4.838
4.23447,0.00388815,0.00269231,4.89886
4.20551,0.00200321,0.00954853,4.8721
4.1786,0.00297268,0.00278939,4.83866
4.23092,0.00389799,0.00329705,4.89329
4.2078,0.00398564,0.00208644,4.86945
4.22198,0.00389002,0.00210071,4.88322
4.18393,0.00206193,0.00390316,4.84467
4.20611,0.00263296,0.0039011,4.86867
4.16409,0.00205626,0.0032242,4.82463
4.20001,0.00388532,0.00227467,4.86124
4.20074,0.00197728,0.00510682,4.86413
4.22108,0.00250509,0.00402721,4.88254
4.27863,0.00190059,0.00373228,4.93987
4.2164,0.00404081,0.00227164,4.87811
4.19579,0.00354744,0.00409488,4.86829
4.21588,0.00196454,0.00575541,4.87945
4 threads per task
4.19952,0.00392631,0.00320572,4.86193
4.18417,0.00388435,0.00477387,4.8484
4.3793,0.000295078,0.0157091,5.05163
4.23133,0.00545455,0.0037767,4.89553
4.1649,0.00370641,0.0036436,4.83728
4.1803,0.00419678,0.00320644,4.85718
4.23734,0.00397643,0.00422862,4.90031
4.21783,0.00395137,0.00369454,4.88186
4.18613,0.00391844,0.0020723,4.84674
4.32554,0.0040827,0.00214421,4.98695
4.22999,0.00216689,0.0109856,4.89796
4.20468,0.00381992,0.00637382,4.86936
4.20968,0.00374279,0.00300046,4.88019
4.31839,0.00533586,0.00180037,4.98003
4.19262,0.00375719,0.0063538,4.85727
4.18838,0.00554195,0.00348419,4.8531
4.20983,0.00392403,0.00304342,4.87152
4.19492,0.00377936,0.00532371,4.85907
4.20214,0.000423823,0.00593828,4.86378
4.20149,0.00363374,0.00341564,4.87388
4.19396,0.00567322,0.000436546,4.8651
5 threads per task
4.21959,0.00718373,0.0114422,4.89356
4.19333,0.00710217,0.00492561,4.86125
4.22426,0.00541858,0.00573138,4.89096
4.21041,0.00689754,0.011646,4.88453
4.20654,0.00530396,0.00516623,4.87241
4.22484,0.00534409,0.000334438,4.91141
4.1946,0.00527864,0.00709789,4.86143
4.21576,0.00848148,0.00223298,4.88592
4.21182,0.00842193,0.00494242,4.88019
4.21423,0.00756787,0.00397317,4.88016
4.17515,0.00375627,0.00678677,4.85107
4.19499,0.00568312,0.00483379,4.86116
4.23806,0.0037581,0.00601022,4.90259
4.20426,0.00700914,0.00387525,4.88121
4.21586,0.00379627,0.00786605,4.88242
4.20047,0.00396389,0.00950439,4.86852
4.21374,0.00337082,0.00741319,4.87908
4.33787,0.00702918,0.00508058,5.00652
4.23104,0.00701033,0.0404362,4.9437
4.21191,0.00517441,0.00503146,4.87701
4.20898,0.00559362,0.00394442,4.87677
6 threads per task
4.18578,0.00707772,0.00498939,4.85173
4.18602,0.0101866,0.00445369,4.85636
4.1965,0.0157453,0.0329739,4.90154
4.17897,0.0100641,0.0020223,4.85653
4.20155,0.0101863,0.0030766,4.87026
4.20056,0.0069601,0.00629122,4.87032
4.20759,0.00536627,0.00756333,4.88562
4.18099,0.00997489,0.00243785,4.84931
4.19625,0.00995945,0.00273321,4.8647
4.2493,0.00692179,0.00500128,4.91644
4.18322,0.00694183,0.00537497,4.85102
4.22807,0.00697647,0.00644862,4.89681
4.22711,0.00720072,0.00610244,4.89593
4.1836,0.0101217,0.0013841,4.85038
4.24048,0.011758,0.010846,4.91867
4.17961,0.00718051,0.00640803,4.84846
4.20451,0.0102591,0.00198249,4.87274
4.17015,0.0103615,0.00242307,4.83842
4.22495,0.0069367,0.0148479,4.91262
4.19586,0.0101482,0.00939633,4.87052
4.21287,0.0116579,0.000365272,4.8901
7 threads per task
4.23058,0.0119486,0.00291074,4.90047
4.18446,0.00673186,0.00976352,4.85634
4.19365,0.00997422,0.0141283,4.87458
4.25372,0.00678426,0.0101928,4.92632
4.20422,0.00870943,0.0127823,4.88092
4.2659,0.00850156,0.0160625,4.94507
4.20021,0.0049608,0.0110919,4.87418
4.33726,0.0133847,0.00778178,5.01343
4.23771,0.00709403,0.0120235,4.91169
4.18936,0.010109,0.00524406,4.86991
4.21365,0.0136788,0.000440843,4.88395
4.28874,0.0120565,0.00499416,4.96436
4.21923,0.0106259,0.0137989,4.89966
4.22149,0.0100181,0.00512006,4.89214
4.20929,0.0102512,0.00375208,4.8931
4.20182,0.0117383,0.00268725,4.87168
4.25526,0.0100512,0.0117977,4.9327
4.29778,0.00678002,0.0102362,4.97021
4.1841,0.00503392,0.0256896,4.87228
4.19133,0.0118334,0.0062176,4.86711
4.25249,0.0120124,0.00382126,4.92298
8 threads per task
4.19543,0.0118747,0.0141961,4.88533
4.2095,0.00679789,0.0132902,4.88445
4.21201,0.0101924,0.008538,4.88626
4.20382,0.0101866,0.00943763,4.88108
4.18186,0.00690555,0.0151851,4.85958
4.18106,0.0101952,0.00710756,4.85639
4.18647,0.0118408,0.00440234,4.8615
4.19775,0.0119657,0.00693765,4.87093
4.33635,0.00651556,0.0162116,5.01364
4.2571,0.0163095,0.00334998,4.93214
4.1908,0.0102658,0.00917588,4.87769
4.19207,0.00689499,0.00958466,4.86986
4.23762,0.016374,0.000347953,4.91237
4.21108,0.0119572,0.0146295,4.89283
4.22649,0.0119817,0.00687002,4.90012
4.20719,0.0149794,0.00244769,4.8807
4.18929,0.0102282,0.029134,4.88357
4.20381,0.0136942,0.00655953,4.88962
4.18907,0.0101401,0.00748648,4.86212
4.21865,0.0131914,0.00389293,4.89143
4.23393,0.00642158,0.0186207,4.91713
