15 tasks per node
1 threads per task
1.9517,0.000426833,0.00151199,2.41017
1.95277,0.000497205,0.00117583,2.23805
1.96956,0.000566894,0.00124222,2.25611
1.98063,0.000524692,0.00128533,2.25696
1.95068,0.000556979,0.00123294,2.22686
1.94166,0.000588633,0.00121962,2.24846
1.93497,0.000560988,0.0014152,2.21127
1.97746,0.000550926,0.00143059,2.26443
1.94531,0.000483615,0.00131285,2.23114
1.94837,0.000377908,0.00122319,2.23366
1.95728,0.00052483,0.00136935,2.24366
1.95185,0.000592904,0.00143288,2.23799
1.97781,0.000552632,0.00136183,2.26364
1.94746,0.000563765,0.00124588,2.23093
1.9548,0.000557227,0.00133234,2.23068
1.94652,0.000536535,0.00121554,2.22249
1.95305,0.000589084,0.00119403,2.23877
1.98074,0.000661746,0.00124352,2.26692
1.96737,0.000542326,0.00120433,2.25336
1.92367,0.000596968,0.00123361,2.20998
1.94281,0.000607902,0.0014453,2.21906
2 threads per task
1.94775,0.0019572,0.0162263,2.25005
1.94511,0.00377391,0.00443916,2.25263
2.01896,0.00365262,0.00783212,2.30435
1.95038,0.00376025,0.00118629,2.22948
1.94032,0.00378492,0.00118353,2.22939
1.94213,0.0037692,0.0146985,2.24461
1.9475,0.00378497,0.0013549,2.23653
1.97744,0.00363662,0.0025735,2.26765
1.9422,0.0036261,0.00129805,2.23085
1.93984,0.0037252,0.00173531,2.23032
1.94361,0.00376251,0.00118276,2.23272
1.94755,0.00373298,0.00306566,2.23861
1.94728,0.00374951,0.00124676,2.23642
1.95191,0.00378534,0.00128455,2.24107
1.97828,0.00378359,0.002335,2.26951
1.94696,0.00365289,0.00149111,2.22581
1.95316,0.00178404,0.0251194,2.2645
1.93109,0.00375482,0.00121759,2.22049
1.94276,0.00373982,0.00123189,2.23175
1.9562,0.00645197,0.00879439,2.25622
1.97022,0.00361565,0.010613,2.27013
3 threads per task
1.94167,0.005458,0.0180409,2.23956
1.9447,0.00520256,0.0177141,2.25186
1.94097,0.0086602,0.195441,2.42905
1.96109,0.00693242,0.197645,2.44991
1.94482,0.00910896,0.252163,2.48097
1.97456,0.00521891,0.0247385,2.28878
1.94988,0.00170826,0.0211188,2.25658
1.94186,0.00693196,0.109669,2.34552
1.94315,0.00694887,0.0104308,2.24593
1.94471,0.00703404,0.0131683,2.2491
1.9413,0.0103169,0.0181292,2.2536
1.93965,0.0156381,0.00270821,2.24211
1.93506,0.00702968,0.023955,2.25014
1.93541,0.0140266,0.011298,2.2434
1.99499,0.00950944,0.0106983,2.30092
1.96617,0.00539855,0.0110113,2.25773
1.96136,0.00524242,0.0144683,2.2653
1.95031,0.0219072,0.00217246,2.25839
1.95982,0.00178278,0.0195388,2.25644
1.98579,0.00681538,0.123113,2.39935
1.95122,0.0068203,0.0182986,2.25989
4 threads per task
1.9482,0.00859546,0.0188926,2.24985
1.97679,0.00673911,0.0295167,2.29687
1.94793,0.0159406,0.0050425,2.25735
1.96567,0.0101609,0.0135633,2.27342
1.94391,0.0101413,0.0180005,2.25605
1.9493,0.023743,0.00963544,2.267
1.94638,0.00513783,0.0141335,2.25461
1.95314,0.0157934,0.0160487,2.2696
1.95111,0.0231553,0.00387572,2.25216
1.97478,0.00673006,0.0224981,2.2885
1.97738,0.00513277,0.02427,2.29087
1.94953,0.00183767,0.030861,2.26648
2.10612,0.00180629,0.0214958,2.41344
1.96555,0.0186462,0.00273621,2.26161
1.97417,0.00836349,0.0200123,2.27771
1.94202,0.0016548,0.0215156,2.24969
1.96255,0.0150703,0.0188871,2.28025
1.98941,0.00510636,0.0200811,2.29838
1.94487,0.01036,0.0201549,2.24982
1.96026,0.011371,0.0174653,2.27293
1.98483,0.0265412,0.00106675,2.29667
5 threads per task
1.96029,0.0119916,0.0189342,2.27707
1.9334,0.0100401,0.0299508,2.24813
1.9481,0.00163401,0.0312114,2.25558
1.95793,0.013409,0.0424418,2.28832
1.93675,0.0210148,0.0105296,2.25324
1.97516,0.0166604,0.0142379,2.29071
1.94638,0.0119301,0.0260363,2.26789
1.93897,0.0116253,0.0180935,2.25307
1.93816,0.00988496,0.0226216,2.25461
1.97704,0.00997068,0.0253958,2.28678
1.94845,0.00503939,0.0399027,2.27749
1.98235,0.00829337,0.196576,2.47094
1.96757,0.013412,0.0179934,2.27377
1.94597,0.0291824,0.0036572,2.25341
1.94621,0.0184943,0.0217749,2.27174
1.94091,0.00164997,0.0387153,2.2568
1.97528,0.0201074,0.00940157,2.29035
1.94495,0.0269822,0.00642356,2.26211
1.94871,0.0122383,0.0248316,2.26972
1.94929,0.0050407,0.0322544,2.27084
1.95328,0.0151451,0.0165452,2.25924
6 threads per task
1.97001,0.0100862,0.025644,2.29017
1.92441,0.0116546,0.0316715,2.25198
1.93081,0.0163308,0.0223963,2.25507
1.94208,0.0198898,0.026635,2.27355
1.94938,0.0312753,0.00539087,2.27057
1.95661,0.0268052,0.0189768,2.28665
1.99221,0.0186922,0.0196712,2.31488
1.94886,0.02094,0.0170297,2.26077
1.93657,0.0184771,0.0174756,2.25983
1.94926,0.0350365,0.00532469,2.2747
1.94854,0.010051,0.0290333,2.27302
1.9901,0.00655095,0.0373941,2.30868
1.94146,0.0193473,0.0230793,2.26787
2.0187,0.0150914,0.0192416,2.33711
1.94254,0.0199987,0.024312,2.26259
1.97278,0.0233086,0.0130963,2.29465
1.96563,0.0206038,0.00738182,2.27355
1.95124,0.0166768,0.0202194,2.27234
2.00518,0.0379812,0.00388576,2.32127
1.94775,0.0132749,0.0401548,2.27675
1.94564,0.00165305,0.0346921,2.25638
7 threads per task
1.93455,0.00816629,0.0361771,2.26455
1.93744,0.018233,0.183127,2.42256
1.94493,0.025071,0.0251041,2.27918
1.94981,0.00985903,0.0359368,2.27938
1.95426,0.0215827,0.0195976,2.28472
1.94101,0.0050003,0.0670341,2.2974
1.93544,0.00975372,0.0351714,2.26453
1.94863,0.0116713,0.0335846,2.27815
1.94648,0.0232571,0.0251342,2.27823
1.98516,0.00510474,0.0427336,2.31721
1.99597,0.0115164,0.0600322,2.34107
1.97416,0.00816627,0.0384394,2.29755
1.98416,0.0147738,0.027135,2.29992
1.94778,0.016606,0.0268587,2.26558
1.95182,0.0198076,0.0263187,2.27992
1.9485,0.0353313,0.013024,2.28148
1.95059,0.00990152,0.0631187,2.30793
1.98357,0.023089,0.0243645,2.31641
1.95616,0.00990108,0.035546,2.28581
1.96084,0.0148321,0.0335539,2.29349
1.93411,0.0417685,0.00576689,2.26583
8 threads per task
1.94698,0.0148891,0.0379501,2.27363
1.95602,0.0306983,0.0193479,2.2801
1.96869,0.0181028,0.0354415,2.29589
1.98873,0.00994908,0.0449585,2.32821
1.96537,0.0198101,0.0339902,2.30327
1.9461,0.0549439,0.005481,2.29091
1.94347,0.0417018,0.0130618,2.2719
1.95288,0.0485619,0.00248229,2.29033
1.95209,0.0164042,0.0334506,2.28614
1.95484,0.0215023,0.248356,2.5088
1.95103,0.0214204,0.122668,2.37889
1.95298,0.027982,0.0269294,2.29172
1.97103,0.0165658,0.0405465,2.30256
1.9387,0.0230855,0.0307658,2.29185
1.95471,0.0345871,0.0316863,2.30512
1.96336,0.0231042,0.0366157,2.30695
1.95451,0.0230644,0.0310179,2.28307
1.94695,0.0454047,0.00362792,2.28963
1.94474,0.0379489,0.00984352,2.26668
1.94085,0.011463,0.0345331,2.27431
1.95488,0.0326332,0.0312368,2.30272
