10 tasks per node
1 threads per task
4.29163,0.000744693,0.000999341,4.84041
4.32128,0.000689212,0.00103906,4.86894
4.30407,0.000896124,0.000930911,4.853
4.34054,0.00070997,0.00106792,4.88885
4.30544,0.000763813,0.00104299,4.85375
4.30725,0.000751318,0.00120225,4.85541
4.34388,0.000719592,0.00109658,4.89173
4.29867,0.000763291,0.00089558,4.84641
4.33133,0.00069906,0.00111525,4.87942
4.29913,0.000971157,0.000876263,4.85047
4.30148,0.000980062,0.00121039,4.84911
4.33483,0.000716768,0.00104623,4.88339
4.34425,0.000704311,0.00111242,4.89291
5.0325,0.000686858,0.000942079,5.58008
4.30941,0.000705041,0.00122368,4.8575
4.42427,0.000777828,0.00163878,4.97349
4.33687,0.000695551,0.00121357,4.88585
4.30801,0.00097589,0.00083513,4.85628
4.40504,0.000706492,0.00116461,4.95279
4.32943,0.000698607,0.00112034,4.87852
4.31161,0.000691572,0.00161444,4.85945
2 threads per task
4.32713,0.000459298,0.00361339,4.87774
4.30112,0.000474781,0.00357234,4.85119
4.37648,0.00394522,0.000438068,4.92706
4.30735,0.000685574,0.00378448,4.85796
4.2949,0.000548352,0.00442468,4.84586
4.28852,0.000715973,0.00439861,4.8394
4.31318,0.000420909,0.00403756,4.86364
4.29091,0.000562143,0.00454678,4.84198
4.28513,0.000669695,0.00353392,4.83593
4.29993,0.000522206,0.00421909,4.85105
4.30135,0.000472227,0.0041311,4.85202
4.31134,0.000675568,0.00371774,4.86204
4.30501,0.000438489,0.00355892,4.85486
4.33526,0.00201927,0.00230788,4.88531
4.35177,0.000442008,0.00375973,4.90244
4.29123,0.00297119,0.0129974,4.85357
4.3591,0.00295213,0.0014836,4.91127
4.31112,0.000475496,0.00405152,4.86211
4.30429,0.0021558,0.00433745,4.85774
4.3181,0.00291566,0.000805741,4.86737
4.2813,0.00068281,0.00400835,4.83482
3 threads per task
4.32378,0.00376218,0.0027545,4.87674
4.31675,0.00392566,0.00855269,4.87479
4.40961,0.00385685,0.00301938,4.96257
4.3185,0.00398452,0.00315046,4.87157
4.39579,0.00202833,0.00431112,4.94962
4.29435,0.00550734,0.00482293,4.85067
4.30599,0.000426346,0.00733152,4.85976
4.31069,0.00387787,0.00563626,4.86742
4.32735,0.00399809,0.00511057,4.88235
4.31185,0.00224144,0.00514157,4.86548
4.30925,0.00202044,0.00524718,4.86299
4.2977,0.00493751,0.00493123,4.85412
4.32932,0.00376282,0.00258347,4.88186
4.30918,0.00550676,0.00191468,4.86258
4.31517,0.00346409,0.00534821,4.8713
4.41748,0.00197885,0.00535164,4.97268
4.30459,0.00693407,0.000375634,4.85749
4.30196,0.00381253,0.0051334,4.85703
4.31811,0.0039971,0.00388109,4.87241
4.33543,0.0041048,0.00466514,4.89016
4.37438,0.007204,0.000458537,4.9287
4 threads per task
4.38084,0.00898504,0.00380692,4.93938
4.40606,0.00725405,0.00230501,4.96281
4.38923,0.00369191,0.00717891,4.94587
4.31733,0.0037648,0.00721612,4.87932
4.31247,0.00197229,0.00899455,4.86974
4.33271,0.0105941,0.00226991,4.89225
4.32295,0.0086516,0.00543142,4.88283
4.30049,0.00741397,0.00309465,4.85833
4.31601,0.00912314,0.000249708,4.87163
4.35221,0.00369436,0.00835303,4.9117
4.30445,0.00828455,0.003505,4.86238
4.30482,0.00874072,0.00407493,4.86364
4.3031,0.00637347,0.00672576,4.8634
4.34365,0.00371825,0.00783109,4.90152
4.31637,0.00748874,0.00184171,4.87187
4.30283,0.00391814,0.00816038,4.86137
4.32333,0.00191727,0.0078305,4.87981
4.36651,0.00684702,0.00342595,4.92246
4.38107,0.00701336,0.000826001,4.9349
4.37683,0.00369539,0.00835853,4.93487
4.29798,0.008521,0.000838324,4.85309
5 threads per task
4.3189,0.0077937,0.00538083,4.87809
4.33614,0.00704404,0.0377867,4.93041
4.29444,0.00998205,0.00713986,4.85836
4.29852,0.0123397,0.0187454,4.87658
4.32639,0.00548518,0.00983966,4.88789
4.37364,0.0114248,0.00218358,4.934
4.31436,0.00840839,0.00726221,4.8756
4.36641,0.00873105,0.00495925,4.92756
4.30269,0.00725963,0.00943115,4.87533
4.3117,0.00736116,0.0047497,4.86998
4.33613,0.00705047,0.00873583,4.90951
4.38951,0.0106577,0.00318888,4.94964
4.33806,0.00708427,0.00654496,4.89735
4.33264,0.00993887,0.00658171,4.89511
4.30878,0.00896137,0.00651791,4.87162
4.30252,0.00523523,0.0099081,4.86497
4.29191,0.0101183,0.0054433,4.85358
4.35673,0.0101528,0.00499702,4.91765
4.31284,0.00703488,0.00692042,4.87253
4.31086,0.00711204,0.00775484,4.87194
4.31559,0.0068766,0.0102474,4.87851
6 threads per task
4.3395,0.0102415,0.00756325,4.90442
4.32457,0.0102207,0.00997565,4.89111
4.30781,0.00843691,0.0117531,4.87554
4.3074,0.00865497,0.0132001,4.87535
4.34462,0.0101442,0.010016,4.91131
4.28812,0.0120452,0.00931955,4.85605
4.32775,0.011695,0.00697867,4.89203
4.32205,0.0118543,0.00660073,4.88624
4.47506,0.011843,0.00849468,5.0439
4.28826,0.0167626,0.00175875,4.85277
4.29294,0.00777842,0.0168473,4.86416
4.32865,0.0100318,0.0110789,4.89615
4.34756,0.0103425,0.00808608,4.9126
4.39492,0.0118463,0.00914128,4.96178
4.34983,0.00844441,0.0102943,4.91508
4.47414,0.0128511,0.00590497,5.03938
4.29675,0.0173887,0.00433107,4.86663
4.39164,0.00982813,0.00996333,4.95912
4.39912,0.0170244,0.00370868,4.96597
4.33372,0.0125246,0.00616733,4.89832
4.32231,0.010217,0.0119358,4.89048
7 threads per task
4.32385,0.0099563,0.0130948,4.89493
4.3375,0.0150122,0.0102062,4.91055
4.32683,0.015273,0.00963673,4.90048
4.31402,0.00853933,0.0164496,4.88484
4.29475,0.0183863,0.00352419,4.86324
4.33375,0.0151711,0.00729434,4.90197
4.32804,0.0150699,0.00544956,4.89488
4.3258,0.0154813,0.00755867,4.89637
4.29359,0.0117652,0.0118888,4.86399
4.60534,0.00868159,0.0151504,5.17481
4.30208,0.0118076,0.00891242,4.87084
4.3358,0.0170076,0.00680643,4.90556
4.35238,0.0153537,0.00945505,4.92336
4.37129,0.0184161,0.00514159,4.9407
4.38554,0.011838,0.0131368,4.95675
4.30588,0.00865206,0.0158503,4.87783
4.2947,0.0102821,0.0113974,4.86384
4.39408,0.0135464,0.0109434,4.96449
4.29364,0.00845546,0.014843,4.86259
4.31888,0.0104588,0.0125197,4.88827
4.30469,0.0130632,0.0100706,4.87396
8 threads per task
4.36757,0.0168733,0.0115512,4.94296
4.34281,0.0134508,0.0098273,4.91243
4.30221,0.0152995,0.0123137,4.87711
4.34264,0.0135498,0.0143466,4.91634
4.36711,0.0129603,0.0122518,4.93912
4.33373,0.0165212,0.0102477,4.90631
4.32324,0.0152642,0.0111299,4.89649
4.35248,0.0248041,0.00173962,4.92535
4.29781,0.0267133,0.00299506,4.87528
4.37799,0.0101111,0.0163924,4.95166
4.37039,0.0136956,0.0136352,4.94517
5.04502,0.0120005,0.0162922,5.61906
4.342,0.00668052,0.0215188,4.91642
4.36774,0.0152339,0.00900646,4.93807
4.29201,0.0154635,0.0156548,4.86892
4.31907,0.016957,0.00958055,4.89295
4.31004,0.0134823,0.0129064,4.88604
4.36238,0.0134111,0.0131105,4.93504
4.30271,0.00835012,0.0188992,4.8762
4.31587,0.00662719,0.0232899,4.89219
4.30968,0.0185547,0.00941553,4.88631
