13 tasks per node
1 threads per task
7.09323,0.000914395,0.00211691,7.58106
4.40086,0.000790579,0.00159403,4.88389
4.44081,0.000842724,0.00158141,4.9146
4.35416,0.000829574,0.00153445,4.84735
4.38871,0.000849077,0.0015597,4.87362
4.41945,0.00089873,0.00163418,4.90386
4.39027,0.000824003,0.00179246,4.86417
4.44394,0.000867156,0.00140656,4.92834
4.36155,0.000791825,0.00174823,4.84701
4.40055,0.000760404,0.00154901,4.88473
4.56323,0.000914004,0.00152115,5.08291
4.38949,0.000794301,0.00164546,4.87444
4.44787,0.000784276,0.00176356,4.92157
4.35787,0.000730015,0.00163415,4.84583
4.35642,0.000760756,0.00176886,4.89756
4.36899,0.00079347,0.00160108,4.84412
4.35066,0.000794074,0.0015058,4.8354
4.40429,0.000777308,0.00192555,4.91502
4.42411,0.000801364,0.00177376,4.89898
4.37477,0.000764044,0.00166267,4.85936
4.34735,0.000774039,0.00170221,4.83142
2 threads per task
4.41354,0.000501877,0.00505358,4.90153
4.39611,0.00402851,0.00248008,4.88517
4.38677,0.00397242,0.00590387,4.88267
4.37957,0.000437692,0.0104613,4.86307
4.79375,0.000498308,0.00542403,5.31608
4.34883,0.000434589,0.00577532,4.83787
4.37794,0.00401966,0.00186973,4.86591
4.53321,0.00404639,0.0026762,5.06144
4.39677,0.0020641,0.00706238,4.88807
4.38463,0.00406117,0.005385,4.87884
4.3819,0.00398421,0.00174627,4.87134
4.53414,0.00219214,0.0041676,5.06461
4.34498,0.000418903,0.00534959,4.8234
4.44221,0.000416305,0.00651325,4.92051
4.38485,0.000705002,0.00507959,4.89739
4.3704,0.00216889,0.00527926,4.86493
4.39948,0.00412121,0.00307893,4.87995
4.39554,0.00397667,0.00143538,4.87382
4.39983,0.00289476,0.00465703,4.88954
4.38957,0.00411228,0.00281771,4.88121
4.3788,0.000442961,0.0167267,4.87165
3 threads per task
4.3957,0.00374465,0.00855339,4.88763
4.3977,0.00753806,0.00862979,4.89891
4.36047,0.00408253,0.00793796,4.85485
4.38885,0.00374763,0.00946562,4.89026
4.37951,0.0108952,0.00500052,4.86816
4.36133,0.00374296,0.00727758,4.85431
4.44369,0.00747898,0.00742106,4.97727
4.45162,0.00398803,0.00849462,4.93868
4.3327,0.00671921,0.0119594,4.8245
4.45394,0.0078583,0.00280624,4.94736
4.43966,0.00589367,0.00851404,4.94845
4.38551,0.013817,0.000239886,4.88391
4.37568,0.00377363,0.00704577,4.87054
4.33678,0.00380246,0.0117777,4.87928
4.40458,0.00380024,0.00840063,4.89997
4.3731,0.00754236,0.00721062,4.86996
4.43992,0.00743742,0.010851,4.98953
4.41741,0.00383907,0.00771897,4.90105
4.40904,0.0037335,0.00885006,4.89654
4.52071,0.00379558,0.00680382,5.00704
4.46013,0.00218869,0.00914316,4.94356
4 threads per task
4.43183,0.00721129,0.0149809,4.93837
4.42182,0.00723061,0.0275726,4.94101
4.37611,0.012363,0.012393,4.88894
4.36957,0.0153922,0.00501455,4.87182
4.35541,0.00514307,0.0182857,4.85674
4.28196,0.0117239,0.00985783,4.7864
4.34047,0.00705519,0.01405,4.84518
4.37321,0.00536492,0.0148843,4.87614
4.79352,0.00728795,0.0142494,5.32316
4.37722,0.0253182,0.000242395,4.87612
4.45628,0.008875,0.00733399,4.95657
4.42467,0.0235853,0.000251051,4.96614
4.38965,0.00732709,0.0169364,4.88595
4.39248,0.0167629,0.00226125,4.89455
4.34881,0.00532921,0.0122612,4.88439
4.39628,0.00718855,0.0136213,4.89009
4.33853,0.00547295,0.0152734,4.84152
4.4096,0.0135303,0.00212717,4.95773
4.42411,0.0160182,0.00204986,4.92543
4.4227,0.0222337,0.000238029,4.92763
4.44598,0.019163,0.000245057,4.93854
5 threads per task
4.5874,0.0136925,0.0112285,5.12619
4.40536,0.00688891,0.0199936,4.90416
4.37039,0.0150977,0.00943386,4.87792
4.39601,0.0104377,0.0116754,4.94635
4.37945,0.0102811,0.0666323,4.93918
4.46891,0.0158865,0.0120684,4.98068
4.40177,0.0138646,0.00633052,4.95625
4.41418,0.0104305,0.0194582,4.91978
4.41038,0.0076216,0.0203847,4.9209
4.41585,0.0242363,0.00338416,4.97177
4.45194,0.00876475,0.012719,4.95776
4.37535,0.00685545,0.0171213,4.87271
4.40312,0.0228431,0.00181338,4.91012
4.4299,0.025678,0.00168066,4.93871
4.38021,0.0121594,0.0172137,4.89223
4.39901,0.0120172,0.0162544,4.89907
4.39132,0.00881865,0.0182561,4.93436
4.40289,0.0225255,0.0112491,4.91345
4.36323,0.0230206,0.00388313,4.86444
4.35546,0.0165423,0.00961497,4.85388
4.39609,0.0185576,0.00951787,4.90808
6 threads per task
4.386,0.0206996,0.0130481,4.90306
4.42578,0.0154111,0.0225555,4.94627
4.42573,0.0301343,0.000264313,4.93053
4.42875,0.0163514,0.0114394,4.94218
4.56301,0.0101522,0.0201217,5.06563
4.39584,0.0124719,0.0146877,4.91071
4.43536,0.0134358,0.022265,4.95302
4.33223,0.0215731,0.00910845,4.89133
4.4327,0.0154179,0.0208343,4.95327
4.42249,0.0218912,0.00438917,4.94078
4.37216,0.0183293,0.0158879,4.89218
4.44514,0.0232272,0.00792778,4.9597
4.39186,0.0118547,0.025051,4.91204
4.41382,0.0305253,0.00025147,4.92664
4.38183,0.00836785,0.0266757,4.93063
4.39175,0.0170319,0.0184859,4.91244
4.46502,0.01358,0.0199175,4.97148
4.40894,0.0285476,0.00495615,4.92536
4.34487,0.0169918,0.012646,4.84771
4.3953,0.0328407,0.000255525,4.91134
4.42941,0.0274159,0.0074334,4.95341
7 threads per task
4.42247,0.0118721,0.0246975,4.93182
5.76332,0.021525,0.00913347,6.27886
4.39789,0.0299439,0.00397906,4.91514
4.34739,0.0251029,0.00999773,4.8587
4.39167,0.0237,0.0109674,4.90817
4.39942,0.0321024,0.00493472,4.9092
4.80461,0.0412771,0.000244563,5.35043
4.34872,0.0201173,0.0194306,4.87144
4.41846,0.0258471,0.0102959,4.9378
4.35899,0.0358293,0.00492349,4.8913
4.43702,0.0152427,0.0160691,4.95197
4.35291,0.0389408,0.00330015,4.88634
4.40623,0.0200215,0.0159549,4.96902
4.39085,0.0169238,0.0170747,4.91075
4.41548,0.0169232,0.0197216,4.93403
4.44333,0.0294581,0.00719437,5.01294
4.39966,0.0186007,0.0182611,4.92253
4.37802,0.0221115,0.0133605,4.88943
4.4405,0.0289976,0.0109005,4.95375
4.42091,0.0310766,0.00214987,4.92879
4.38587,0.0203769,0.0254264,4.91456
8 threads per task
4.37903,0.0166778,0.0230781,4.90173
4.35217,0.0317866,0.000240523,4.87244
4.42057,0.0251694,0.00979345,4.93818
4.35966,0.0217747,0.0164988,4.8811
5.03817,0.0358514,0.00622027,5.59234
4.35979,0.0234109,0.0154514,4.87321
4.3342,0.0216915,0.0209373,4.86009
4.33251,0.0168875,0.025429,4.84829
4.40069,0.0116794,0.0230608,4.91776
4.52544,0.0280885,0.0151198,5.05117
4.47283,0.00850422,0.036568,5.04416
4.4618,0.0281508,0.00850557,4.97203
4.35091,0.031902,0.00964917,4.87624
4.36022,0.0184043,0.0214431,4.9096
4.42124,0.0289184,0.0138833,4.94601
4.34287,0.0218218,0.0128598,4.8598
4.34431,0.0461101,0.000250872,4.96869
4.40424,0.0277354,0.0145459,4.91996
4.38183,0.00690432,0.0406156,4.91176
4.34294,0.0169974,0.0261441,4.85897
4.3885,0.0227113,0.0197242,4.91644
