6 tasks per node
1 threads per task
7.45694,0.000665368,0.00316861,8.18387
4.12622,0.000940097,0.00290904,4.8515
4.07179,0.000912702,0.00292016,4.79673
4.12531,0.000860856,0.00333971,4.8508
4.1203,0.000711107,0.00308412,4.84502
4.06597,0.000708376,0.00307938,4.79103
4.13839,0.000863549,0.00299109,4.86361
4.07735,0.000748065,0.00299348,4.80373
4.11191,0.00071886,0.00301932,4.83674
4.07746,0.000791919,0.00277991,4.80224
4.07132,0.000900009,0.00284204,4.79635
4.1219,0.000734424,0.00277955,4.85102
4.0804,0.000938858,0.00288919,4.8065
4.11722,0.000826546,0.00376066,4.84423
4.14362,0.000937416,0.00257769,4.86908
4.06693,0.000923141,0.00274869,4.79747
4.09495,0.000923311,0.00279304,4.82099
4.14894,0.000947502,0.00263902,4.87516
4.09079,0.000787985,0.00282028,4.81562
4.11848,0.000911333,0.00290465,4.84336
4.10467,0.000918558,0.00295841,4.83009
2 threads per task
4.11903,0.000627125,0.00223723,4.84347
4.09958,0.000469554,0.00283471,4.82462
4.11867,0.000688883,0.00285358,4.84436
4.14306,0.000700996,0.00247227,4.86673
4.10657,0.000667728,0.00405914,4.83306
4.10685,0.000706091,0.00309821,4.83152
4.13406,0.000699615,0.00489242,4.86186
4.1315,0.000692142,0.0029736,4.85736
4.09651,0.000473786,0.00311999,4.82315
4.01328,0.000714384,0.00268566,4.73941
4.11627,0.000701979,0.00234333,4.84126
4.09308,0.000420755,0.00320201,4.81796
4.09498,0.000444436,0.00283087,4.82051
4.2171,0.000679164,0.00268272,4.94335
4.09142,0.000703415,0.00265005,4.81619
4.25678,0.0005013,0.0031759,4.98123
4.06683,0.000657425,0.00260803,4.79135
4.16459,0.000452578,0.00292171,4.88979
4.13964,0.000658298,0.00410002,4.86598
4.11808,0.000674668,0.00291951,4.84285
4.09231,0.000599044,0.00263416,4.82054
3 threads per task
4.10262,0.000402654,0.00598876,4.83183
4.14867,0.00200227,0.00449294,4.87699
4.11699,0.000384069,0.0054681,4.84472
4.07396,0.001947,0.00408561,4.80208
4.08755,0.00388814,0.00212577,4.81547
4.23336,0.000471068,0.0053006,4.96096
4.06707,0.00192375,0.00314751,4.79404
4.10638,0.00263951,0.00249385,4.83331
4.09077,0.000517878,0.00448756,4.81765
4.14806,0.000488592,0.00531492,4.8755
4.09872,0.000465557,0.00558171,4.8267
4.08487,0.000466429,0.00556463,4.81232
4.14443,0.00187018,0.00404872,4.8723
4.0649,0.000414299,0.00571721,4.79262
4.06479,0.000414642,0.00513392,4.79236
4.09556,0.000371584,0.00584548,4.82724
4.10375,0.00393189,0.00181478,4.83123
4.0818,0.000464301,0.00571495,4.8089
4.08504,0.00265666,0.00237192,4.81104
4.02355,0.00046914,0.004696,4.7497
4.17242,0.000478216,0.00484057,4.89963
4 threads per task
4.04138,0.00534999,0.00134548,4.76952
4.11694,0.00362411,0.035447,4.87789
4.09572,0.00231128,0.00536311,4.82491
4.09834,0.00380541,0.00310759,4.82564
4.08176,0.00267007,0.00392481,4.80934
4.1485,0.00506363,0.00235896,4.87703
4.16582,0.00505794,0.00524307,4.89727
4.14749,0.0042945,0.0029551,4.87794
4.07262,0.00412194,0.00239904,4.80018
4.01819,0.00197332,0.00428429,4.74593
4.12539,0.00466263,0.00248578,4.85411
4.07793,0.00347874,0.00430682,4.80845
4.1039,0.00534692,0.00227333,4.83314
4.08876,0.0034977,0.00386953,4.8174
4.1632,0.00357636,0.0259224,4.91473
4.19098,0.00258296,0.00649878,4.92199
4.10587,0.00487826,0.00744793,4.84046
4.08626,0.00355787,0.0038171,4.81524
4.09076,0.00434378,0.00303815,4.81942
4.12526,0.00631479,0.00147881,4.85468
4.05222,0.00231149,0.00413489,4.78061
5 threads per task
4.23892,0.00370516,0.00494302,4.96975
4.08756,0.00369679,0.00549237,4.81903
4.10043,0.00367864,0.00454658,4.83139
4.07161,0.00545073,0.00277896,4.80134
4.09412,0.00528065,0.0128853,4.83414
4.06135,0.0053377,0.00355895,4.79263
4.08671,0.00374615,0.00642399,4.81887
4.125,0.00342742,0.00597769,4.8562
4.08689,0.00370257,0.00296348,4.81755
4.07375,0.00355799,0.0049943,4.80425
4.08643,0.00518609,0.00205341,4.81662
4.11651,0.00360443,0.00398573,4.84618
4.13008,0.00376348,0.00496957,4.86097
4.06645,0.00531562,0.00389667,4.80169
4.09367,0.00388516,0.00364046,4.82245
4.08562,0.00370586,0.00455914,4.81499
4.10175,0.00360096,0.00382081,4.8315
4.10289,0.00368291,0.00612729,4.83478
4.05604,0.00376569,0.0049745,4.78565
4.16922,0.00509624,0.00232649,4.89823
4.10424,0.00549545,0.00226426,4.83349
6 threads per task
4.09572,0.00530621,0.00506384,4.82766
4.12135,0.00369187,0.00671056,4.85274
4.09479,0.0036201,0.00667779,4.82656
4.09835,0.00368438,0.00561069,4.82882
4.14258,0.00526384,0.00542974,4.87433
4.12607,0.00707253,0.00488607,4.85999
4.09855,0.00704089,0.00401589,4.83084
4.12713,0.00374056,0.00693815,4.8598
4.08543,0.00370582,0.00846654,4.81859
4.05466,0.00685773,0.00506939,4.78879
4.09293,0.00427499,0.00606453,4.82513
4.09893,0.00369488,0.00672712,4.83125
4.12483,0.00545581,0.00464071,4.85654
4.17442,0.00716736,0.00198885,4.90545
4.12453,0.00534178,0.00565246,4.85778
4.08863,0.00689061,0.00468925,4.8264
4.12487,0.00364299,0.00813,4.85777
4.06912,0.00692495,0.00277949,4.80054
4.11737,0.00360993,0.00660177,4.84887
4.09225,0.00854695,0.001999,4.82412
4.14076,0.00691725,0.00321339,4.8727
7 threads per task
4.08331,0.00339821,0.00755662,4.81689
4.11589,0.00889102,0.0130092,4.86026
4.08279,0.00515675,0.00870371,4.81791
4.1162,0.00684378,0.00690063,4.85511
4.13576,0.00380435,0.00863868,4.86964
4.09113,0.00527957,0.0081681,4.82597
4.06352,0.00988645,0.00304779,4.7979
4.09394,0.00874593,0.00365566,4.82887
4.08381,0.00519736,0.00694106,4.81921
4.09249,0.00985489,0.00383043,4.82734
4.08631,0.0100362,0.00279259,4.81977
4.15146,0.00381868,0.00981105,4.88572
4.09171,0.00695526,0.00504313,4.82456
4.10117,0.00823021,0.00530143,4.8371
4.08751,0.00685385,0.00624528,4.82191
4.08542,0.00672421,0.00520171,4.8197
4.05841,0.00898838,0.00455067,4.79409
4.09349,0.00691591,0.00828437,4.83054
4.09544,0.00678269,0.0055188,4.8321
4.05666,0.0101939,0.00338332,4.79428
4.10764,0.00852459,0.00548402,4.84484
8 threads per task
4.1092,0.0100989,0.0047877,4.8466
4.12799,0.00842478,0.00710249,4.8653
4.10243,0.00861918,0.00704105,4.84037
4.05566,0.0101197,0.00527336,4.7929
4.15681,0.00865279,0.00518101,4.89279
4.07094,0.0070498,0.00698034,4.80601
4.08717,0.00849434,0.00532762,4.82275
4.0954,0.0114642,0.00277051,4.83385
4.18227,0.010085,0.00419932,4.9182
4.15095,0.00872382,0.00477651,4.8868
4.14096,0.0085605,0.00512956,4.87592
4.09356,0.00716737,0.00597354,4.82836
4.11912,0.00830867,0.00681986,4.85606
4.09539,0.013042,0.000533847,4.83051
4.12751,0.00706927,0.00457614,4.86096
4.10068,0.0099893,0.00303429,4.83539
4.09177,0.00841859,0.00465728,4.82872
4.09249,0.00849473,0.00353459,4.82664
4.13506,0.00684983,0.00674993,4.87036
4.06734,0.00845109,0.00524078,4.80208
4.11187,0.00858327,0.00358201,4.84637
