12 tasks per node
1 threads per task
1.95432,0.000273917,0.00119606,2.41901
1.98109,0.000260886,0.00124098,2.4411
1.96433,0.000268968,0.00106765,2.42486
1.9462,0.000272067,0.00123219,2.41296
1.95317,0.000289878,0.00117713,2.41631
1.95441,0.000292936,0.00121929,2.4219
1.95417,0.000262732,0.00116206,2.41762
1.95465,0.000265619,0.00125508,2.41943
1.96588,0.000314252,0.00118206,2.43379
1.97893,0.000268841,0.00133804,2.43856
1.96363,0.000267047,0.00111091,2.42411
1.96213,0.000264401,0.00109528,2.42753
1.94881,0.000262743,0.00114566,2.4185
1.9681,0.000272032,0.00126916,2.43316
2.00125,0.000266317,0.00108095,2.46288
1.95449,0.00026663,0.00111948,2.41709
1.94955,0.000263093,0.00111027,2.4124
1.95626,0.000277892,0.00127476,2.41678
1.96971,0.000254516,0.00124964,2.43361
1.94833,0.000254264,0.00121067,2.40965
1.98319,0.000270288,0.00127365,2.45681
2 threads per task
1.94402,0.00281912,0.00388211,2.40879
1.99433,0.00352299,0.00126119,2.45772
1.95196,0.00353418,0.00114091,2.41537
1.9596,0.00357663,0.0011439,2.43273
1.98234,0.00274331,0.0135819,2.47469
1.94472,0.00354201,0.0024249,2.41433
1.98798,0.00180026,0.0142907,2.46855
1.97757,0.000219908,0.00461309,2.44087
1.96369,0.00355154,0.0133713,2.44198
1.95343,0.00286594,0.00321399,2.42331
1.95656,0.00352028,0.00125026,2.42923
1.94435,0.000266412,0.00460222,2.41701
1.95307,0.000227133,0.00473397,2.42136
1.93569,0.00208342,0.00282582,2.4027
1.96004,0.00183488,0.00429625,2.43111
1.96362,0.000233477,0.00594554,2.43124
1.95634,0.00354904,0.0031622,2.42692
1.94507,0.000217805,0.00559928,2.42103
1.96137,0.00353583,0.00242096,2.42666
1.98829,0.00184729,0.0044183,2.45719
1.95552,0.00280999,0.0137832,2.4351
3 threads per task
1.957,0.00351049,0.00893994,2.42837
1.95548,0.00359413,0.00582073,2.4265
1.98587,0.00349054,0.00921775,2.45818
1.98252,0.00523916,0.0133277,2.46366
1.95695,0.00511023,0.00755024,2.43122
1.95362,0.00514015,0.0071502,2.42694
1.96023,0.00349726,0.0075797,2.43161
1.9658,0.00348353,0.00757624,2.44237
1.93635,0.00346092,0.0123263,2.41188
1.94687,0.00347742,0.00728514,2.42068
1.94486,0.00351739,0.00909139,2.41997
2.01591,0.00506421,0.0174247,2.49827
1.97339,0.0050709,0.00733519,2.45
1.98136,0.00677132,0.00459663,2.45276
1.96147,0.00346398,0.00898787,2.43323
1.9629,0.00348424,0.0080828,2.43706
1.96133,0.00510085,0.00586449,2.43812
1.95123,0.00347713,0.00914686,2.44246
1.95454,0.0067604,0.00536272,2.43013
1.94648,0.00345665,0.00908391,2.42179
1.9571,0.00346887,0.0116218,2.43292
4 threads per task
1.98388,0.0066934,0.0119967,2.46759
2.00339,0.00516169,0.0108746,2.48239
1.96219,0.00832373,0.00737108,2.44282
1.96674,0.00666908,0.0121491,2.4544
1.96081,0.00831768,0.00881264,2.43747
1.96235,0.00530352,0.0122039,2.4437
1.9696,0.00988304,0.00730344,2.44698
1.99345,0.00673627,0.0122993,2.47134
1.96174,0.00825978,0.00822493,2.43836
1.96067,0.00670338,0.0101935,2.43979
1.9729,0.0100112,0.00764653,2.45512
1.95673,0.00506257,0.0121608,2.4336
1.96207,0.00670835,0.0123408,2.44197
1.95072,0.00676359,0.00731422,2.42862
1.98149,0.00831871,0.00728624,2.46899
1.96448,0.00512445,0.015356,2.44596
1.95212,0.0134192,0.000946894,2.42589
1.97155,0.00665783,0.012298,2.45566
1.95311,0.00997011,0.00705932,2.4309
1.97849,0.00170762,0.0203932,2.46304
1.9593,0.00673634,0.0104902,2.44204
5 threads per task
1.95301,0.00994003,0.0123171,2.43403
1.96725,0.00828989,0.0152088,2.4683
1.97204,0.00827887,0.0241694,2.46923
1.98639,0.0132563,0.0165462,2.47852
1.99455,0.0130769,0.0103863,2.4759
1.95517,0.0132869,0.0110037,2.43947
1.97483,0.0115132,0.0117938,2.46105
1.9521,0.00830532,0.0170953,2.45031
1.97128,0.00664381,0.0180125,2.45845
1.94652,0.0170399,0.00520403,2.43308
1.95936,0.00840348,0.0159214,2.46018
1.96794,0.00840285,0.0132801,2.44885
1.96169,0.0132994,0.0132708,2.45449
1.97653,0.00999228,0.0132932,2.4603
1.96844,0.0117295,0.0131101,2.45743
1.9545,0.00665068,0.0199294,2.44337
1.9701,0.00991098,0.0142321,2.46394
1.97157,0.0172668,0.00671611,2.46104
1.98222,0.00498164,0.0182528,2.46984
1.95803,0.00819497,0.0245275,2.4529
1.98581,0.00510377,0.0187814,2.47648
6 threads per task
1.96928,0.0116819,0.0136812,2.46514
1.96783,0.0176487,0.00997191,2.46266
1.95751,0.0132971,0.0177115,2.45353
1.94631,0.012998,0.0168005,2.43614
1.95269,0.0164735,0.0134737,2.44617
1.96699,0.0114965,0.0155993,2.46255
1.95464,0.0133959,0.0146354,2.44772
1.95833,0.00835833,0.0184855,2.44466
1.94599,0.0186144,0.0114906,2.44095
1.96234,0.0134072,0.0162052,2.45717
1.9607,0.00836362,0.0245933,2.45753
1.96768,0.0245966,0.00372563,2.46021
1.94782,0.0115943,0.0197261,2.44939
1.97605,0.0115696,0.0183631,2.47138
1.95247,0.0213298,0.00854197,2.44412
1.95093,0.00839305,0.0184375,2.44123
1.9626,0.00925581,0.0180841,2.4638
1.96153,0.00990828,0.0185702,2.45118
1.97891,0.0166363,0.0124946,2.46802
1.96813,0.0117349,0.0190377,2.45954
1.9786,0.0149311,0.0151874,2.46796
7 threads per task
1.94949,0.0113573,0.0198147,2.44308
1.95922,0.0229186,0.0120791,2.4588
1.98287,0.0097508,0.0231054,2.47583
1.9644,0.0181234,0.0132368,2.45668
1.98162,0.0131593,0.0244806,2.48083
1.96806,0.014826,0.0169082,2.46706
1.95619,0.0260845,0.0102482,2.45329
1.95501,0.0164902,0.0175365,2.4523
1.95575,0.0180733,0.0148961,2.44729
1.96914,0.0147113,0.0224995,2.47065
1.9657,0.0214294,0.0115124,2.46208
1.96592,0.014844,0.0178638,2.46254
1.95229,0.0132259,0.0211138,2.45378
1.96975,0.0131961,0.0185811,2.46815
1.9669,0.00797917,0.025228,2.46072
1.95544,0.00990861,0.0220257,2.44765
1.9582,0.018115,0.0190323,2.4631
1.96575,0.009888,0.0226372,2.45432
1.95738,0.0164278,0.0194971,2.46799
1.95308,0.0131991,0.0194557,2.44947
1.95793,0.0164258,0.0175179,2.45508
8 threads per task
1.95765,0.0181177,0.0233821,2.4582
1.94434,0.0164403,0.032934,2.46536
2.01369,0.0115834,0.0304315,2.52546
1.9576,0.0271418,0.00642306,2.44907
1.97249,0.0148214,0.0231038,2.47076
1.94208,0.0276431,0.00767055,2.4349
1.96107,0.0164532,0.0182274,2.45753
1.98876,0.0161731,0.0200696,2.48846
1.99011,0.0166546,0.0192472,2.48677
1.95772,0.0147565,0.0250813,2.46352
1.96476,0.017976,0.0201992,2.46338
1.96369,0.0164756,0.0202663,2.45664
1.95942,0.0164522,0.0485245,2.4856
1.94693,0.00979382,0.0276826,2.4486
1.96695,0.0131539,0.0225143,2.46192
1.98491,0.0263648,0.0100372,2.4847
1.94547,0.0180076,0.019087,2.44438
1.95111,0.00991935,0.0262009,2.45183
1.95527,0.0181004,0.0184308,2.4548
1.959,0.0243716,0.0130048,2.46974
1.9524,0.0162314,0.0235775,2.45207
