Bash version 4.2.46(1)-release...
3 tasks per node
1 threads per task
3.9461,0.00114615,4.89496
3.96901,0.00107216,4.91856
3.94813,0.00108377,4.89777
4.02707,0.00115263,4.98035
4.01172,0.00112589,4.96162
3.91612,0.00104847,4.86271
3.98919,0.00107353,4.93857
4.06904,0.00120957,5.02414
3.99088,0.000974457,4.94058
4.00408,0.00110966,4.95454
3.91985,0.00153278,4.87201
4.01718,0.00106257,4.96673
3.97859,0.00120658,4.92605
3.97167,0.00113021,4.92064
4.02176,0.00105935,4.97202
4.037,0.00111074,4.99368
3.94854,0.00126123,4.9121
4.00262,0.00102829,4.95922
4.07954,0.00110022,5.03392
4.02021,0.0010787,4.96654
3.99616,0.0010117,4.94506
3.98958,0.00124068,4.94175
3.92442,0.00109326,4.87557
3.92957,0.00110308,4.88458
3.96149,0.00123946,4.9121
4.00588,0.00114228,4.95624
3.98274,0.00168988,4.93328
3.9602,0.00102297,4.91281
4.00395,0.00121259,4.96835
4.07119,0.00103766,5.01902
4.02996,0.00106537,4.97901
3.95886,0.000954693,4.90926
3.93252,0.00100689,4.88116
4.0347,0.00114001,4.98433
3.94226,0.000980168,4.88967
4.03762,0.00104935,4.98812
3.91774,0.00100104,4.88113
3.9421,0.00109966,4.88953
3.99575,0.00103845,4.94241
4.01238,0.00107519,4.97071
3.98425,0.00104163,4.93436
4.01653,0.00097758,4.9688
4.06347,0.00111777,5.02899
3.98197,0.00102113,4.93174
3.91283,0.000992647,4.85946
3.93264,0.00102652,4.88177
3.94093,0.00104938,4.89107
3.9313,0.00107554,4.88332
3.98702,0.00117229,4.93715
4.04349,0.000909495,4.99168
3.99287,0.000855397,4.94789
2 threads per task
3.90409,0.00140102,4.8545
3.99669,0.0008743,4.94412
4.03561,0.000724357,4.98254
4.01304,0.000861201,4.96126
4.07748,0.000838424,5.0225
3.9878,0.000682841,4.93756
3.91557,0.000851492,4.87512
4.00921,0.000888572,4.96027
3.94078,0.000858863,4.88641
3.90806,0.000785626,4.85498
4.02768,0.000755603,4.98612
3.93764,0.000835825,4.9022
4.04052,0.0012005,4.98961
4.0524,0.000675478,5.01645
4.02878,0.00116004,4.98017
3.97653,0.000806797,4.92533
3.93234,0.00075623,4.88054
4.06664,0.000846819,5.01331
4.01995,0.000951201,4.97096
3.97144,0.000856264,4.93631
3.99156,0.000816168,4.94655
4.09259,0.000803931,5.04042
3.92361,0.000870037,4.87097
4.0389,0.000652925,4.9859
3.95372,0.000941825,4.90326
4.01538,0.00073438,4.96234
4.03289,0.00106741,4.99317
4.0291,0.000938672,4.98411
3.93123,0.000826693,4.88088
4.00033,0.000821277,4.95861
4.00073,0.000783771,4.94927
4.02645,0.000980929,4.97496
4.0661,0.00117962,5.02082
4.06932,0.000869285,5.01707
4.02168,0.000711436,4.97103
4.0701,0.000864447,5.02341
4.00099,0.000866815,4.95153
3.91945,0.000771747,4.86711
4.03233,0.00103879,4.99256
4.06883,0.000805638,5.01914
3.9446,0.000780684,4.89246
4.03756,0.000983864,4.98971
3.96592,0.00090596,4.91717
4.00667,0.00112613,4.95723
3.95658,0.000878127,4.90574
3.98407,0.00121537,4.94064
3.93925,0.000730528,4.90451
4.01532,0.00102977,4.96104
3.9813,0.00110169,4.92983
4.04745,0.00066811,4.99681
3.99807,0.00064934,4.94522
3 threads per task
3.99668,0.000709382,4.96495
3.93112,0.00084204,4.88889
3.92281,0.000851495,4.87306
4.05381,0.000798667,5.01069
3.97771,0.000757694,4.92481
4.00573,0.00146718,4.95815
3.93036,0.000654043,4.88325
3.93134,0.00141022,4.88107
4.00549,0.000649642,4.96717
4.01804,0.000940898,4.96481
3.96451,0.000693604,4.91524
3.95702,0.00102981,4.9053
3.92203,0.000911465,4.86864
3.96633,0.000755187,4.91325
4.01238,0.00089163,4.96253
3.90754,0.000725836,4.85687
4.17489,0.000614556,5.12149
3.93511,0.00101654,4.88338
4.03372,0.00101906,4.98067
3.88753,0.000974715,4.83436
4.00597,0.00143363,4.95245
3.91508,0.00134278,4.8728
4.01013,0.00136709,4.95738
4.01085,0.00100164,4.95888
4.07266,0.00112368,5.02149
3.93574,0.0007505,4.90013
4.01138,0.000987801,4.95757
4.08156,0.00077709,5.03756
3.98233,0.000892053,4.93567
3.99855,0.000921353,4.94941
3.92198,0.000767781,4.87124
4.00607,0.000768963,4.96106
3.9399,0.000857445,4.89041
3.98957,0.00138048,4.96322
4.00583,0.000692308,4.95354
3.99051,0.000941074,4.94749
3.97023,0.000749323,4.91659
4.4307,0.00094761,5.38806
4.05197,0.000821704,5.00583
4.02215,0.000830345,4.97261
3.97548,0.000571759,4.92612
3.93255,0.000785482,4.89931
4.00592,0.000739939,4.95983
4.01706,0.000686505,4.96532
3.9301,0.00161172,4.88209
4.03905,0.00070496,4.9935
4.01741,0.000782162,4.98136
3.99478,0.000840779,4.97024
3.99616,0.000725704,4.94934
3.91721,0.000992521,4.86416
3.91243,0.0010156,4.86031
4 threads per task
3.98996,0.0019678,4.9391
3.92842,0.000745149,4.88278
4.0087,0.000649781,4.95875
3.93893,0.00189568,4.89784
3.91652,0.000644521,4.86439
3.98831,0.000616069,4.93664
4.01703,0.00119566,4.965
4.05873,0.000658697,5.01503
4.02699,0.000816325,4.97536
4.02144,0.00117289,4.96822
3.99052,0.000573398,4.94252
3.98186,0.00123644,4.9384
4.0917,0.000858681,5.04036
3.92344,0.000853955,4.87189
3.92325,0.00080684,4.86999
3.9429,0.000771921,4.89174
3.99074,0.000497389,4.93796
3.96213,0.00215784,4.91275
3.9204,0.000991585,4.86664
4.00436,0.000730352,4.95294
3.97363,0.00126752,4.92279
4.03553,0.00186664,4.9915
4.01009,0.000694855,4.96617
4.38057,0.000912007,5.3416
3.95194,0.000785834,4.90047
4.47634,0.000825468,5.42351
3.95211,0.000773434,4.9207
3.97504,0.000563646,4.92138
3.98519,0.000611568,4.93088
4.06264,0.00118464,5.01394
4.04167,0.000716458,5.00796
4.06965,0.000681167,5.02252
3.99235,0.00116544,4.93879
4.00761,0.000859795,4.9589
4.00334,0.000793541,4.96087
3.94522,0.000785937,4.89544
3.93989,0.000750812,4.88565
4.00577,0.000867903,4.95721
3.95715,0.000758516,4.91282
3.9089,0.00129518,4.85662
4.02589,0.000865376,4.97365
3.99169,0.000644561,4.97115
3.90774,0.000818297,4.85435
3.98615,0.000675846,4.93388
4.1039,0.00073159,5.05393
4.09318,0.000651851,5.04192
4.06951,0.000961793,5.01866
3.93713,0.000653546,4.89428
3.93157,0.00072597,4.87832
4.01298,0.000805798,4.9597
4.05204,0.000723639,4.9993
5 threads per task
4.06012,0.00398414,5.01282
3.94162,0.0050096,4.89866
3.98884,0.00419786,4.94013
3.95041,0.00527423,4.90533
4.01276,0.0142591,4.98054
4.02048,0.0139689,4.98277
3.94622,0.014754,4.92002
3.95729,0.00407281,4.91649
4.02173,0.00395654,4.97291
4.03513,0.0146479,4.99836
3.89151,0.0156895,4.85164
3.95344,0.00409267,4.91645
4.0582,0.0105508,5.0221
4.07477,0.00896471,5.04139
4.02195,0.010706,4.98169
3.9882,0.0139385,4.94831
4.0172,0.00491891,4.97077
3.98908,0.00430581,4.97077
3.99423,0.0051255,4.94653
3.90221,0.00530887,4.85794
4.01146,0.0178467,4.97998
3.99204,0.00381984,4.94835
3.94041,0.00394952,4.89544
3.95308,0.00909691,4.91688
3.91243,0.00847383,4.8695
3.94692,0.00474291,4.90001
4.02734,0.0148178,4.99692
4.01555,0.00527867,4.97066
4.02897,0.00999157,4.98696
3.92865,0.00378588,4.8914
3.94455,0.0161547,4.91107
3.92505,0.0148889,4.88942
3.97713,0.00537324,4.93267
3.93395,0.00395786,4.88662
4.06528,0.0038493,5.01636
3.93618,0.00396264,4.89022
3.89961,0.0053218,4.85347
4.02555,0.00540057,4.999
3.91431,0.00564035,4.8652
4.0198,0.00504038,4.97044
3.95089,0.00383636,4.9176
4.01326,0.00523615,4.9645
3.95759,0.0145673,4.92306
3.983,0.0139019,4.96127
3.94136,0.00385926,4.89628
3.98908,0.015633,4.95113
3.91556,0.00516155,4.87627
3.97646,0.00502901,4.93602
4.03307,0.0133333,4.99726
4.01999,0.0137104,4.98881
4.02564,0.00402914,4.97631
6 threads per task
3.94882,0.00510806,4.90553
4.00082,0.0102737,4.95826
4.0294,0.00520209,4.98028
3.99432,0.0054101,4.9681
4.04988,0.00927319,5.01819
3.91677,0.00540454,4.8856
3.93455,0.0141116,4.9168
4.04735,0.00934839,5.00828
3.93471,0.0148143,4.89855
3.92447,0.0093757,4.90455
4.07832,0.00773418,5.0355
3.89448,0.0138142,4.86872
4.00937,0.00530687,4.96175
3.909,0.00523869,4.87059
4.02434,0.00844869,4.98212
4.06643,0.00535763,5.02286
4.00564,0.0142099,4.98151
3.9324,0.00543336,4.89205
3.992,0.0154882,4.95233
4.0317,0.00937092,4.99072
3.93934,0.00601948,4.88965
4.02622,0.00914683,4.981
4.01958,0.0137776,4.98427
3.93774,0.0134879,4.90023
4.05805,0.0143613,5.0227
4.13352,0.0148959,5.09265
3.99059,0.00525079,4.95624
4.06949,0.00525847,5.02145
3.9813,0.0141913,4.95078
4.11276,0.00961549,5.06968
3.99135,0.00539458,4.95222
4.06594,0.00533895,5.01744
3.98565,0.0153538,4.96038
4.01286,0.008701,4.96815
3.95369,0.0142919,4.91869
4.00012,0.00841318,4.96774
4.01033,0.00911679,4.9656
4.01064,0.0135494,4.97319
3.93438,0.00560635,4.90092
4.03045,0.0133577,4.99075
3.99756,0.00537787,4.96337
4.01111,0.00529261,4.96133
3.88215,0.0133134,4.8484
3.89344,0.0140493,4.85887
3.96288,0.0143788,4.9316
3.96701,0.00526542,4.92445
4.02643,0.0163959,4.98958
3.96319,0.00931184,4.92366
3.95781,0.00528061,4.91243
3.9316,0.0111493,4.88826
3.91975,0.0160921,4.88259
7 threads per task
3.98526,0.00538071,4.93841
4.03177,0.00673512,4.99149
4.08838,0.00544328,5.0501
4.04065,0.0136543,5.01216
4.00186,0.0055007,4.95759
3.9647,0.00529079,4.91492
4.00419,0.00538422,4.95834
4.01334,0.0166977,4.97967
3.95335,0.00857679,4.91118
4.02042,0.00547505,4.99026
3.96852,0.00693184,4.93176
4.00033,0.00533749,4.95552
3.9317,0.013993,4.89769
4.00329,0.0149642,4.96713
3.97831,0.0135842,4.93759
3.92426,0.0143007,4.88529
3.97538,0.0139673,4.94015
3.95918,0.00515428,4.91324
3.9653,0.00532635,4.91925
3.97858,0.00534725,4.94291
3.95517,0.0147777,4.93165
4.01189,0.00535879,4.97162
4.00078,0.00536392,4.96701
3.93026,0.00537285,4.88466
4.03419,0.0089024,4.99094
3.95609,0.013895,4.92311
4.01796,0.00548244,4.96963
4.044,0.0144005,5.00617
3.97554,0.00698207,4.92877
3.9497,0.00683058,4.9093
3.94392,0.0139739,4.92006
3.99343,0.00656968,4.94864
3.93728,0.00537704,4.89533
4.0579,0.00957254,5.0119
3.93795,0.0135106,4.89963
4.01284,0.00544064,4.97426
3.95272,0.00688464,4.92738
4.0104,0.00532851,4.97424
4.02428,0.00544836,4.97498
3.94071,0.00906392,4.89871
3.95424,0.00542202,4.9113
3.95553,0.014039,4.92691
4.00432,0.00533944,4.95891
3.96172,0.00546244,4.91531
4.01711,0.00536459,4.972
3.93547,0.00881892,4.91342
4.02522,0.0054273,4.977
4.00942,0.00560671,4.9611
3.94075,0.00528069,4.90875
3.94739,0.00932016,4.9045
3.98514,0.00509343,4.93911
8 threads per task
3.93966,0.00697892,4.89433
4.01596,0.00540699,4.98152
3.91939,0.00691954,4.88028
4.00286,0.00669987,4.96146
4.02066,0.00526337,4.97898
3.91632,0.00522559,4.87075
4.04573,0.0070249,5.00052
3.93536,0.00800415,4.88889
3.9899,0.00531638,4.94182
3.93497,0.00535941,4.89309
3.93814,0.00532016,4.89018
4.04612,0.00699631,4.99837
3.95642,0.00544187,4.91423
4.02166,0.00544979,4.97499
3.93041,0.00672875,4.88652
4.0653,0.00534425,5.01895
4.0033,0.00544799,4.95719
3.94261,0.00561738,4.89543
4.00648,0.00544904,4.95815
3.97156,0.00548397,4.93672
3.93424,0.00518465,4.88598
4.02926,0.00536958,4.986
3.91295,0.00545397,4.86872
3.92336,0.00678146,4.8929
3.99999,0.00521064,4.95479
3.93846,0.00532888,4.89667
3.91413,0.00694031,4.89507
3.99948,0.00534061,4.95874
4.07991,0.00692762,5.03238
3.98009,0.00541306,4.9335
4.00628,0.00551383,4.95899
3.93764,0.00530615,4.90062
3.95334,0.00545437,4.90488
4.08362,0.00707467,5.03764
4.21773,0.00564767,5.17151
4.00017,0.00531776,4.9576
4.01924,0.00712374,4.97172
4.02496,0.00528626,4.97972
4.0445,0.00706392,5.00135
3.92947,0.0100504,4.88568
4.03596,0.00686021,4.99883
3.93963,0.00687575,4.89221
4.01441,0.00699806,4.96759
3.98982,0.00545402,4.9423
3.92256,0.00704784,4.87935
3.93653,0.00547197,4.88867
3.99124,0.00545924,4.94295
4.20273,0.00392548,5.15847
4.02691,0.00530685,4.99374
3.99488,0.00696676,4.94823
3.98134,0.0052377,4.94776
/opt/sge/crc/spool/d8civy075/job_scripts/201101: line 31: syntax error near unexpected token `done'
/opt/sge/crc/spool/d8civy075/job_scripts/201101: line 31: ` done'
