5 tasks per node
1 threads per task
6.85074,0.000542579,0.00268064,7.78101
4.07297,0.000567609,0.00279048,5.00431
4.06148,0.000711191,0.00239361,4.992
4.07256,0.000505319,0.00320883,5.00309
4.07779,0.000594754,0.00281418,5.06263
4.10051,0.000512941,0.00272528,5.0411
4.0818,0.000774952,0.00231273,5.01344
4.11183,0.000951456,0.00243913,5.04507
4.09747,0.000511359,0.00264533,5.02814
4.14094,0.000979898,0.00221221,5.0853
4.10987,0.000508416,0.00286338,5.0822
4.12229,0.000959188,0.00227951,5.05605
4.07075,0.000651285,0.00256701,5.01252
4.07306,0.000908853,0.00213679,5.00854
4.12206,0.000944288,0.0021665,5.05603
4.09114,0.000967951,0.00266496,5.02617
4.08754,0.000502456,0.00274627,5.01954
4.10031,0.000675244,0.00290178,5.03301
4.11921,0.000946622,0.00201585,5.05201
4.14084,0.00057108,0.00244346,5.08267
4.11379,0.000508308,0.00281804,5.05196
2 threads per task
4.09222,0.000386665,0.00284246,5.03375
4.15427,0.000380592,0.00249102,5.12333
4.10997,0.0003842,0.00283043,5.04394
4.1454,0.000634497,0.00222029,5.07814
4.06922,0.000644408,0.00260773,5.00236
4.13425,0.000686754,0.00266135,5.07841
4.10765,0.000384744,0.00357169,5.04044
4.19107,0.000655994,0.00278858,5.16484
4.12656,0.000388056,0.00291323,5.05976
4.22814,0.000898909,0.00213509,5.16087
4.21886,0.000393223,0.0025501,5.14961
4.10708,0.000357684,0.00271644,5.03874
4.09814,0.000477279,0.00285088,5.03904
4.16079,0.000379272,0.00282144,5.13065
4.09416,0.000397444,0.00272562,5.00963
4.1058,0.000408296,0.00276358,5.03872
4.10932,0.000376878,0.00279702,5.04216
4.09911,0.000401163,0.00249338,5.03152
4.13956,0.000621885,0.0023604,5.15532
4.58324,0.000416083,0.00265986,5.52591
4.11288,0.00065048,0.00233889,5.04517
3 threads per task
4.13107,0.000348359,0.0051063,5.0647
4.13466,0.000326332,0.00620437,5.07023
4.09897,0.000557119,0.00581537,5.03439
4.0975,0.000534577,0.00527615,5.03465
4.16039,0.000363257,0.00540573,5.09514
4.07545,0.000326775,0.00569391,5.01893
4.20564,0.000318272,0.00598308,5.13966
4.10484,0.00207013,0.0031969,5.0405
4.09972,0.000355288,0.00460387,5.07238
4.15816,0.000384239,0.00561556,5.09345
4.13496,0.000566436,0.00450925,5.06938
4.15438,0.000332188,0.00457941,5.08872
4.14673,0.00053338,0.00531812,5.08171
4.11889,0.000573397,0.00529422,5.05407
4.17285,0.000541728,0.00535873,5.14435
4.10268,0.000558134,0.00546668,5.03801
4.13418,0.000358116,0.00529604,5.07013
4.18289,0.000343524,0.00533142,5.11799
4.13576,0.000337353,0.00538293,5.00672
4.11191,0.000360588,0.00533666,5.05577
4.2752,0.000339601,0.00540552,5.24186
4 threads per task
4.15429,0.00026805,0.00706002,5.09287
4.13387,0.00358783,0.00667075,5.08363
4.14197,0.000308484,0.0162659,5.08698
4.11762,0.00354588,0.00317198,5.0548
4.1147,0.00189777,0.00661427,5.09429
4.16416,0.00394096,0.00380423,5.11268
4.13071,0.00026398,0.00648267,5.0678
4.14875,0.00354888,0.00354235,5.08456
4.20066,0.00424359,0.00493461,5.13782
4.158,0.00366156,0.0124243,5.11006
4.31477,0.00459882,0.0122154,5.29247
4.12639,0.00512562,0.0110936,5.07142
4.1361,0.00405027,0.00266043,5.07972
4.1376,0.00352895,0.00670914,5.08049
4.12959,0.00377978,0.00251509,5.06551
4.17725,0.00196466,0.00584703,5.11802
4.13824,0.00357062,0.00310164,5.11466
4.1774,0.00362284,0.0123533,5.12522
4.11126,0.00356712,0.0122839,5.05874
4.09828,0.00353039,0.0030063,5.04181
4.11213,0.000278836,0.015073,5.05715
5 threads per task
4.1791,0.00358283,0.00403106,5.11444
4.14177,0.00372095,0.00395966,5.08812
4.13328,0.00361858,0.00494412,5.07327
4.1028,0.00527591,0.0036833,5.04311
4.12944,0.00522456,0.00414479,5.06302
4.16676,0.00352843,0.00730129,5.14816
4.16831,0.00212487,0.00828586,5.10743
4.21768,0.00353135,0.00514457,5.14346
4.09334,0.00534772,0.00182041,4.98087
4.13919,0.00355507,0.00648189,5.07813
4.06752,0.00354993,0.0261963,5.02915
4.19354,0.00385254,0.00682346,5.16703
4.31562,0.00188176,0.00537472,5.26069
4.22803,0.0042417,0.00480078,5.16739
4.52501,0.00350386,0.0124036,5.46866
4.13136,0.00363173,0.00755853,5.07284
4.15127,0.00527701,0.00390979,5.08916
4.14311,0.00367081,0.00573966,5.08425
4.13909,0.00540506,0.00263509,5.0769
4.12568,0.00359665,0.00515505,5.07546
4.16367,0.00365836,0.00490225,5.10206
6 threads per task
4.11276,0.00352647,0.00529349,5.05176
4.07485,0.00351248,0.00692317,5.01816
4.11952,0.00519017,0.00414312,5.0573
4.09454,0.00523308,0.00409494,5.0353
4.14888,0.00675856,0.0105333,5.08298
4.30559,0.00700792,0.0031308,5.25409
4.22464,0.00366961,0.00720549,5.16688
4.14859,0.00711595,0.00317083,5.13948
4.09466,0.00345835,0.00693876,5.03627
4.15673,0.0036441,0.00648367,5.10116
4.1197,0.003564,0.00794583,5.06292
4.12342,0.00527413,0.0119811,5.0773
4.12713,0.00348829,0.00668559,5.06758
4.1371,0.00203418,0.00763351,5.1122
4.14867,0.00364697,0.0213598,5.10447
4.16282,0.00203251,0.00729123,5.0654
4.12273,0.00337136,0.0352531,5.09815
4.11317,0.00353192,0.00637554,5.0513
4.13412,0.00700404,0.00233365,5.07207
4.20238,0.00203364,0.00857599,5.15272
4.12003,0.00189235,0.00859367,5.05975
7 threads per task
4.13157,0.00354021,0.00864551,5.07266
4.14307,0.00682473,0.00488993,5.06982
4.1276,0.00371576,0.00801645,5.06831
4.13344,0.00675955,0.00445946,5.07319
4.13384,0.00858226,0.00268063,5.07514
4.10639,0.00684683,0.00558526,5.04826
4.18734,0.0070431,0.0065929,5.13188
4.36203,0.00356448,0.00826517,5.30156
4.10561,0.00687122,0.00513466,5.04844
4.15674,0.00350902,0.0205792,5.14801
4.09559,0.00686979,0.0101814,5.04257
4.10242,0.00372942,0.00836491,5.04396
4.14301,0.00352613,0.00752298,5.0911
4.13818,0.00359979,0.0101941,5.08233
4.19003,0.0068711,0.00595538,5.17428
4.18757,0.0119331,0.00258454,5.14023
4.08217,0.0035568,0.0145995,5.03784
4.21982,0.00866424,0.00374276,5.16219
4.12671,0.00515905,0.00749579,5.06729
4.50727,0.00363966,0.00818299,5.45755
4.1394,0.00356005,0.00863143,5.13464
8 threads per task
4.1116,0.00518669,0.00830833,5.05473
4.1436,0.00684628,0.00599872,5.08678
4.09006,0.00529287,0.00770196,5.03043
4.12066,0.0102826,0.00320612,5.05769
4.12283,0.0067851,0.00836699,5.07682
4.10688,0.00847804,0.00606422,5.06232
4.1091,0.0100354,0.00739514,5.05679
4.14886,0.0068212,0.00562584,5.09096
4.12715,0.0068747,0.00629263,5.08354
4.14156,0.00675758,0.00805183,5.08694
4.09884,0.0085528,0.00578728,5.07951
4.1411,0.0100792,0.00200216,5.08321
4.1461,0.00520836,0.00882535,5.09908
4.18705,0.00677054,0.00543156,5.12971
4.25756,0.00848787,0.00551037,5.20387
4.16248,0.0051407,0.00864795,5.14256
4.14054,0.0069523,0.00640824,5.09102
4.18793,0.00691958,0.00507026,5.12884
4.11249,0.00684554,0.00765342,5.06225
4.1789,0.00693548,0.00578596,5.12245
4.16638,0.00837307,0.00600113,5.11004
