10 tasks per node
1 threads per task
15.0409,0.00405711,0.00026256,16.9896
14.9198,0.00432747,0.000257455,16.8685
15.0206,0.00419332,0.000391393,16.9695
15.0477,0.00407524,0.000246037,16.9965
14.9448,0.00421322,0.000262504,16.8933
15.0231,0.00408227,0.000213536,16.9709
14.9435,0.00408663,0.000254643,16.8913
14.8983,0.00408481,0.00027036,16.8465
14.9986,0.00406541,0.000211779,16.9464
14.915,0.00413679,0.000243802,16.8629
15.0319,0.00407753,0.000257047,16.98
15.1397,0.00408869,0.000285938,17.0874
14.9824,0.00433349,0.000238882,16.9306
15.0252,0.00405304,0.000271802,16.9729
14.9513,0.00417552,0.000225333,16.8989
14.9357,0.00408792,0.000290239,16.8836
15.436,0.00433358,0.000254306,17.3843
14.994,0.00414863,0.000224315,16.9417
14.9588,0.00418986,0.00025678,16.9087
15.0074,0.00407095,0.000211279,16.9553
15.0228,0.00407434,0.000245221,16.971
2 threads per task
15.0994,0.00255395,0.00182438,17.0512
15.032,0.00245346,0.00272356,16.9807
14.9674,0.00272063,0.00408071,16.9191
14.9656,0.00464546,0.000743113,16.9153
15.0251,0.00406596,0.00330386,16.976
15.096,0.00261814,0.00234725,17.0451
15.3043,0.00247093,0.0038509,17.2558
15.0303,0.00436346,0.00223829,16.9803
15.0636,0.00530441,0.00108376,17.0139
15.0905,0.00255975,0.00330515,17.0401
14.9906,0.00245238,0.00282174,16.9395
15.0421,0.00249083,0.00219768,16.9911
14.9818,0.00249506,0.00256791,16.9305
14.9501,0.0025922,0.00404461,16.9009
15.0092,0.00258144,0.00309156,16.9585
14.9333,0.00252371,0.00265914,16.8824
14.9469,0.00415035,0.00135147,16.899
14.9352,0.00261954,0.00260037,16.884
14.9107,0.00434383,0.00210477,16.8608
14.9587,0.00408723,0.00168063,16.9113
14.9134,0.00366858,0.00483968,16.8657
3 threads per task
15.0581,0.00771105,0.000336173,17.0121
15.0391,0.00308997,0.00524725,16.9911
14.9973,0.00364128,0.00400861,16.9483
14.9706,0.0094656,0.000252645,16.9274
14.9358,0.00511481,0.00289043,16.8874
15.146,0.0049531,0.00266953,17.0991
15.0742,0.00501808,0.00312823,17.0268
15.0018,0.00604022,0.00253962,16.9553
15.1053,0.00621689,0.00382861,17.0599
14.8635,0.00511399,0.00436757,16.8165
14.9779,0.00173002,0.160046,17.083
15.0249,0.00451118,0.00351297,16.9774
14.972,0.00606341,0.00358075,16.9253
14.9715,0.00309907,0.00561488,16.9238
15.1141,0.00782427,0.000299499,17.0696
15.0271,0.0029086,0.00522584,16.9792
14.9291,0.00884921,0.00541869,16.8877
15.0282,0.0045519,0.0036587,16.9797
14.9744,0.00611971,0.00295077,16.9273
15.0086,0.00561943,0.00441722,16.9626
15.1838,0.0047321,0.00311149,17.1356
4 threads per task
14.9619,0.00880925,0.00318438,16.9181
14.981,0.00740683,0.00345432,16.9365
15.064,0.00535833,0.00988743,17.023
15.2247,0.00977175,0.000830027,17.1788
15.0419,0.00575372,0.00557347,16.998
15.036,0.0103642,0.00254555,16.9926
15.0605,0.0100283,0.000585756,17.0147
14.9777,0.0101055,0.0253585,16.9594
14.9062,0.00724962,0.00609503,16.8632
14.97,0.00576559,0.00397532,16.9237
15.0088,0.00990346,0.0016185,16.9693
14.9724,0.00712467,0.00479961,16.9281
15.064,0.00886438,0.00228167,17.0183
14.9909,0.00900777,0.00167049,16.947
14.9975,0.00825463,0.000944009,16.9523
15.1159,0.00557408,0.00514094,17.0702
14.9406,0.00574767,0.00637322,16.8996
14.9017,0.00596886,0.00545065,16.8568
14.9682,0.00917804,0.00343596,16.9245
15.0483,0.00908217,0.00245137,17.0035
14.9513,0.00911571,0.0129532,16.9168
5 threads per task
14.9957,0.0102845,0.00633715,16.9574
14.9924,0.00854591,0.00672516,16.9511
14.9759,0.00884188,0.00891145,16.9393
14.9932,0.00911182,0.00811397,16.9548
15.0265,0.0140694,0.00191576,16.9858
15.0387,0.0087895,0.00553756,16.9968
15.0142,0.0143347,0.00169666,16.9765
14.9562,0.0110316,0.00705707,16.9178
14.9344,0.00938979,0.00450927,16.8918
14.9364,0.0100825,0.00680747,16.8977
15.0468,0.0100437,0.00562816,17.0059
14.8562,0.0156859,0.000260981,16.8158
14.9785,0.00905832,0.00614464,16.9372
14.9866,0.00832372,0.00613298,16.9479
14.9471,0.0110609,0.00198029,16.905
15.0092,0.00857506,0.00710927,16.9688
15.0137,0.0118158,0.009043,16.9785
14.99,0.00872652,0.00527746,16.9478
14.9581,0.00846438,0.00543382,16.9158
15.0281,0.00867625,0.00698157,16.9874
14.9891,0.00960293,0.00484209,16.9493
6 threads per task
15.0795,0.0129776,0.00715559,17.0437
14.9419,0.012332,0.00877881,16.9065
15.115,0.0096937,0.0100827,17.0806
15.1025,0.0142422,0.00353925,17.0636
14.9765,0.00739303,0.0095671,16.9455
15.116,0.0142171,0.00820713,17.0825
16.2087,0.0144208,0.00400055,18.1711
14.9731,0.0124613,0.00805821,16.9374
14.8875,0.00816077,0.0118196,16.8545
14.9787,0.0164981,0.00658188,16.9465
14.978,0.0168707,0.00218459,16.9406
15.1418,0.0141566,0.00489068,17.1041
15.084,0.010424,0.00847902,17.0462
15.0127,0.0164373,0.00316548,16.9779
14.9829,0.0136847,0.00655229,16.9464
14.9247,0.0173232,0.0114943,16.9044
15.0044,0.0115212,0.0107371,16.9727
15.1428,0.01314,0.00729349,17.1106
14.9334,0.0145424,0.0219342,16.9133
14.9342,0.00742529,0.0103642,16.8953
14.9902,0.0104996,0.00935807,16.9558
7 threads per task
15.0007,0.017625,0.00471189,16.9678
15.0523,0.0138887,0.0096511,17.0199
14.8767,0.0210045,0.00308814,16.8441
15.015,0.0153751,0.00809201,16.9856
15.1097,0.0116877,0.0101811,17.0779
15.0271,0.0155313,0.010432,16.9966
14.9226,0.0186497,0.00493,16.8901
15.0265,0.0132474,0.0118913,16.9973
14.9855,0.0213907,0.0110004,16.9619
15.2776,0.015098,0.00757528,17.2454
14.9848,0.0197979,0.0047774,16.9543
15.0395,0.0144158,0.0108213,17.0098
14.9451,0.0150195,0.00775004,16.9117
15.525,0.0117872,0.0150972,17.4955
14.9881,0.00928362,0.0233717,16.9647
15.0736,0.00874113,0.014512,17.0409
15.001,0.00803506,0.0171215,16.9724
15.0747,0.0151462,0.00928171,17.0428
14.9622,0.0130595,0.00994981,16.9291
14.9153,0.0158213,0.00839588,16.8832
14.9448,0.0210511,0.0031918,16.9129
8 threads per task
15.0331,0.0176361,0.00809632,17.0052
15.0511,0.015167,0.0152667,17.025
14.9693,0.0116824,0.0140615,16.9409
15.0603,0.0222877,0.00379455,17.0303
15.0338,0.018987,0.00786347,17.0046
15.0234,0.0116631,0.0162617,16.9984
14.941,0.0167939,0.0118292,16.9159
15.0357,0.0202427,0.0271906,17.0303
15.0572,0.0191633,0.0110857,17.0315
15.0746,0.0148594,0.0104228,17.0434
15.0599,0.026961,0.00164597,17.0328
15.0603,0.0182462,0.00948149,17.0313
15.0089,0.016916,0.00968431,16.9821
15.0044,0.0153529,0.0114147,16.9749
15.0678,0.0245514,0.00672484,17.0427
14.9752,0.015567,0.0166373,16.9545
16.5429,0.0171263,0.0101378,18.5216
14.8903,0.0186175,0.00899841,16.863
15.005,0.023626,0.00616331,16.9786
14.9726,0.0129426,0.0132771,16.9431
15.1296,0.0176894,0.00917492,17.0999
