6 tasks per node
1 threads per task
14.1717,0.00402535,0.000321086,16.6344
14.4873,0.0040393,0.000363873,16.9478
13.9828,0.00381388,0.000283133,16.45
14.2004,0.00417384,0.000321366,16.6621
14.0173,0.00381255,0.000294084,16.477
13.9745,0.00402556,0.00030062,16.4352
14.0573,0.00381006,0.00032424,16.5177
14.0416,0.00423128,0.000359889,16.5021
14.0464,0.00391089,0.000274897,16.5081
13.9975,0.00414848,0.000330459,16.4589
14.2285,0.00403384,0.000300022,16.6896
14.143,0.00400801,0.00114122,16.6058
13.9871,0.00398025,0.000373278,16.4476
14.0716,0.00389558,0.00032817,16.5368
14.3352,0.00403819,0.000297517,16.7962
14.2338,0.00424914,0.000316072,16.6963
14.1746,0.00389536,0.000283401,16.6344
13.9346,0.00402462,0.000331031,16.3976
14.1206,0.00428779,0.000342257,16.5813
14.0132,0.00402343,0.000339456,16.4743
14.0211,0.00408969,0.00034236,16.4819
2 threads per task
14.0445,0.0024327,0.000310319,16.5058
14.0365,0.00257277,0.000481371,16.4971
14.0558,0.00244221,0.00031616,16.518
14.1231,0.00242195,0.000433635,16.5816
14.0823,0.00266534,0.000328708,16.5431
14.0729,0.00257431,0.000298398,16.5325
14.0964,0.00253711,0.000301775,16.5593
14.045,0.00306324,0.000328351,16.5037
14.1634,0.00272157,0.000344912,16.6238
14.0296,0.00246332,0.000317832,16.4886
14.0617,0.00245175,0.000328099,16.523
14.1132,0.00262228,0.000327311,16.5724
14.0656,0.00243145,0.00122598,16.5248
14.0608,0.0027961,0.000350397,16.5199
13.99,0.00244463,0.000341425,16.4498
14.1879,0.0026486,0.000404842,16.65
14.0335,0.00273157,0.000301326,16.4937
14.0202,0.00250555,0.000315841,16.479
14.0754,0.00271125,0.000336722,16.5359
14.2159,0.00250525,0.000332214,16.6779
14.0347,0.00287827,0.000326868,16.4963
3 threads per task
14.1155,0.00175544,0.00250947,16.5758
14.1629,0.00181546,0.00264641,16.6237
14.119,0.00374593,0.000789013,16.5861
14.0039,0.00176782,0.00265158,16.4646
14.2,0.00177773,0.00312757,16.6619
14.0292,0.00175982,0.00302995,16.4895
14.1683,0.00513356,0.000396371,16.6325
14.1013,0.00173133,0.00227168,16.5632
14.5876,0.00213584,0.00280402,17.0491
14.0539,0.00177753,0.00309905,16.5156
14.7681,0.00182809,0.00269061,17.2309
14.1611,0.00216421,0.00285591,16.6236
13.9713,0.00175552,0.00329253,16.433
14.0612,0.00363111,0.00137569,16.5249
13.9931,0.00205378,0.00360619,16.4551
14.1455,0.00650484,0.000321504,16.6115
14.1983,0.00184515,0.00312889,16.6603
13.9923,0.00171457,0.00318937,16.4538
14.3318,0.00620907,0.000292657,16.7947
14.2708,0.00191896,0.00206491,16.7315
13.938,0.00187323,0.00323707,16.4022
4 threads per task
14.0369,0.00158026,0.00446055,16.4989
14.0681,0.00425355,0.0043509,16.5332
14.0765,0.0032852,0.00278698,16.5426
14.0382,0.00586026,0.0126741,16.516
13.9758,0.00464084,0.00134801,16.4422
14.1222,0.00548061,0.000888217,16.5879
14.0308,0.00529622,0.00126349,16.4978
14.0161,0.00433082,0.00251198,16.4848
14.1112,0.00448545,0.0012321,16.5726
14.0522,0.0025609,0.00361503,16.518
13.9848,0.00146641,0.00462119,16.4479
14.0581,0.00158655,0.00423747,16.525
14.2896,0.00513807,0.000691334,16.7521
14.0877,0.00430575,0.00177064,16.5497
14.001,0.00417386,0.00456306,16.4673
14.1921,0.00581248,0.000414697,16.6551
14.0855,0.00445036,0.000911724,16.548
13.9773,0.00260008,0.00343288,16.4387
14.1055,0.00425748,0.00289078,16.5703
14.2191,0.00299325,0.00295741,16.6845
14.4659,0.0018211,0.00431082,16.9275
5 threads per task
14.0689,0.0050443,0.00107084,16.5338
13.9465,0.00568206,0.00384369,16.4146
14.1007,0.00524257,0.00233229,16.5646
14.0315,0.00561409,0.00114623,16.4957
14.115,0.00479769,0.00200226,16.5794
14.0327,0.00448901,0.00180928,16.4957
14.0438,0.00501205,0.00113334,16.5083
13.9975,0.00516374,0.00218625,16.4623
14.0563,0.00540148,0.00229668,16.5239
14.034,0.00484736,0.0379227,16.5395
14.0017,0.00567421,0.0015789,16.4671
14.1167,0.00828592,0.000642108,16.5847
14.1169,0.00426449,0.00403471,16.5801
14.036,0.00427679,0.00195521,16.4993
14.1556,0.00473577,0.00194347,16.6183
14.0479,0.00631496,0.000909826,16.512
14.0208,0.00527143,0.00210714,16.485
14.0417,0.00496566,0.00562395,16.5091
14.1958,0.00781674,0.0025341,16.6631
14.1911,0.00571473,0.00151283,16.6556
13.9893,0.00635147,0.00122134,16.4559
6 threads per task
14.02,0.00634409,0.00443497,16.4871
14.052,0.0079565,0.0138724,16.5329
14.0037,0.00529881,0.00478969,16.4707
13.9819,0.00895905,0.000326673,16.4481
14.0291,0.00521545,0.00390367,16.4945
14.2875,0.00908073,0.00165851,16.7588
14.0687,0.00482652,0.0046195,16.5343
13.9811,0.0048073,0.00420744,16.4454
14.1091,0.00793525,0.0025072,16.5763
14.085,0.00637811,0.00161229,16.5514
14.0907,0.00641749,0.0406408,16.5944
14.1975,0.00462595,0.00386008,16.6666
14.0312,0.00661673,0.00258364,16.4969
14.0058,0.00470921,0.00380306,16.4708
14.0601,0.00573046,0.0548142,16.5761
14.5439,0.00631712,0.00334596,17.0092
14.1163,0.00413649,0.00497307,16.5814
14.1088,0.00646755,0.00251993,16.5747
14.2643,0.00899813,0.000392748,16.7318
14.1028,0.00908457,0.000345016,16.5689
14.0388,0.00854034,0.000456924,16.5061
7 threads per task
14.0197,0.00478278,0.00734503,16.4882
14.0899,0.00969977,0.00182847,16.5577
13.9551,0.00619018,0.00579058,16.4224
14.0668,0.00936601,0.00156065,16.5358
14.1155,0.0110696,0.00189305,16.5847
14.026,0.00955829,0.00259798,16.4977
14.0948,0.00454294,0.00612637,16.5639
14.0574,0.0046095,0.00753073,16.5251
14.0308,0.0121288,0.000337154,16.5005
14.0519,0.00833555,0.00454365,16.5203
14.0402,0.0141474,0.00337618,16.5178
14.1773,0.00791573,0.00402877,16.645
16.0101,0.0099862,0.00214356,18.4783
14.0749,0.0062793,0.00465753,16.5415
14.0579,0.00689876,0.0050418,16.5274
13.9444,0.00627688,0.00594651,16.4149
14.2286,0.00845419,0.00193065,16.6988
14.1609,0.010517,0.000565404,16.629
14.0618,0.0073351,0.0034303,16.5309
13.8981,0.00811544,0.00265281,16.3658
14.0178,0.00929473,0.0025851,16.4864
8 threads per task
14.0025,0.0114748,0.00195554,16.4759
14.0227,0.00774638,0.0050878,16.4919
14.0741,0.00878733,0.00495003,16.5452
13.9939,0.00774058,0.0059472,16.4643
14.7087,0.00970172,0.0010082,17.1788
14.1553,0.0108527,0.00418951,16.6301
14.0751,0.00917144,0.00334814,16.5445
14.0278,0.00934088,0.00529703,16.5005
14.0474,0.0115556,0.0017246,16.5195
14.0729,0.00910102,0.00445248,16.5456
14.0677,0.0116312,0.000351695,16.5378
14.222,0.00801297,0.00542734,16.6914
14.1509,0.0107648,0.00298145,16.6217
14.1097,0.00938196,0.00403601,16.5802
14.1876,0.0115131,0.00137665,16.6565
14.1786,0.00787474,0.00448128,16.6547
14.2914,0.0107269,0.00352308,16.7616
13.9451,0.0114382,0.0019622,16.4148
13.9331,0.0077446,0.00629954,16.406
14.1187,0.0125534,0.00314223,16.592
13.9768,0.00829317,0.00427523,16.4478
