14 tasks per node
1 threads per task
9.05959,0.00201484,0.00500397,9.9139
5.63935,0.00214154,0.00576446,6.50215
5.61269,0.00201239,0.00567295,6.46619
5.67074,0.00207289,0.0051227,6.52475
5.69289,0.00208628,0.00509075,6.54448
5.69273,0.0021564,0.00547246,6.54407
5.71627,0.0020159,0.00504894,6.57326
5.65143,0.00201409,0.00609798,6.50415
5.65805,0.00201009,0.00530648,6.51116
5.64816,0.00201398,0.00497177,6.50448
5.65887,0.00229361,0.00510865,6.50965
5.59753,0.00213924,0.00562228,6.44858
5.61081,0.00202082,0.0050875,6.46452
5.69145,0.0020743,0.00499469,6.55144
5.6931,0.00201456,0.00497388,6.55039
5.61458,0.00214336,0.00540215,6.46681
5.62984,0.00214369,0.00519243,6.47952
5.60573,0.00217406,0.00563163,6.46222
5.65278,0.00200776,0.00561753,6.51288
5.67849,0.00214615,0.00474253,6.54097
5.64623,0.00200055,0.00511789,6.49958
2 threads per task
5.64157,0.00540208,0.00422724,6.49497
5.62597,0.00695836,0.00278863,6.4804
5.60348,0.00548187,0.00961365,6.46774
5.66059,0.00279017,0.013109,6.52338
5.67002,0.00525499,0.0108065,6.53197
5.64552,0.00634408,0.00731526,6.50424
5.64197,0.00540824,0.00520214,6.49751
5.61989,0.00115449,0.122621,6.5874
5.80144,0.0044424,0.00689768,6.65879
5.62976,0.0027188,0.00756459,6.48568
5.65094,0.00538842,0.00447694,6.51206
5.64257,0.00136558,0.00944565,6.49748
5.64887,0.00181646,0.0078667,6.50321
5.61009,0.00121536,0.00866352,6.47053
5.83578,0.00551888,0.00624566,6.69688
5.64727,0.00537334,0.00461227,6.50626
5.66097,0.0011511,0.00852519,6.51671
6.26453,0.0121903,0.000464773,7.12087
5.63084,0.00273548,0.00479224,6.48313
5.63717,0.00109053,0.00594331,6.49663
5.6581,0.00550775,0.0124908,6.52893
3 threads per task
5.68791,0.00466678,0.0164787,6.55992
5.74059,0.00798889,0.0143292,6.61448
5.64632,0.00458958,0.00654647,6.51009
5.61729,0.00802698,0.0146289,6.49382
5.77892,0.00478927,0.0105813,6.63907
5.60273,0.00850455,0.00991436,6.46742
5.6623,0.0046133,0.0140945,6.52594
5.66192,0.00794416,0.00423186,6.52471
5.66012,0.0127547,0.0077061,6.52743
5.72328,0.00896568,0.00653789,6.5911
5.70344,0.00935451,0.00789845,6.56351
5.65758,0.00472347,0.0110016,6.5197
5.61704,0.00639726,0.0145593,6.48561
5.61141,0.0079851,0.00823378,6.47911
5.67048,0.00827526,0.00863287,6.53818
5.67346,0.0112898,0.0082193,6.53788
5.69033,0.00459475,0.0137213,6.5507
5.64687,0.00636999,0.0119152,6.51262
5.67088,0.00950393,0.0082168,6.53919
5.64623,0.00253295,0.0176274,6.51227
5.66609,0.00458123,0.0134207,6.52769
4 threads per task
5.62581,0.0258773,0.000417767,6.50132
5.6631,0.0058853,0.0183196,6.53471
5.67635,0.0136147,0.00953858,6.54472
5.66608,0.00951292,0.0141455,6.53916
5.69777,0.0109371,0.0137835,6.56701
5.68435,0.0075843,0.0183759,6.55888
5.67665,0.0160275,0.00992793,6.54782
5.65516,0.0143924,0.00720198,6.52048
5.68454,0.00799097,0.0175837,6.55982
5.62478,0.0104371,0.0159603,6.50168
5.6561,0.00950366,0.0161674,6.53058
5.83977,0.0185172,0.00711679,6.71338
5.69042,0.0160594,0.00856152,6.56983
5.60091,0.00933682,0.0147746,6.47601
5.63637,0.0134199,0.00983985,6.50669
5.63445,0.0091866,0.0156217,6.5053
5.65353,0.00993112,0.020475,6.54404
5.65748,0.00799901,0.0234233,6.53471
5.62977,0.0232456,0.00320132,6.5062
5.62884,0.0134516,0.00978181,6.50135
5.61532,0.0186294,0.00840277,6.48501
5 threads per task
5.67703,0.0133707,0.025955,6.56114
5.61709,0.0154128,0.0213411,6.49688
5.65032,0.0110655,0.0168861,6.52432
5.61333,0.0123426,0.0180118,6.4889
5.61687,0.0127902,0.0253758,6.49999
5.66195,0.0216497,0.00951087,6.5455
5.6727,0.00948529,0.0207754,6.54786
5.65985,0.00650688,0.0271095,6.53719
5.71267,0.0111505,0.0191662,6.59016
5.64616,0.025252,0.00470788,6.52203
5.62063,0.0112251,0.0302234,6.50595
5.62435,0.00809406,0.0215314,6.49934
5.62063,0.00908763,0.0278649,6.5108
5.62136,0.0126734,0.018033,6.49723
5.6605,0.0160491,0.0197691,6.55369
5.65239,0.0150814,0.0168804,6.53505
5.77586,0.0172525,0.0117206,6.65105
5.67223,0.015575,0.0149848,6.5462
6.14877,0.00936062,0.0348056,7.03913
5.666,0.011072,0.0184311,6.5488
5.61775,0.0163296,0.0114385,6.49356
6 threads per task
5.64102,0.0059056,0.0414469,6.54239
5.63186,0.00837407,0.0266532,6.51625
5.81578,0.0129946,0.0263999,6.70042
5.67762,0.0157318,0.016816,6.55787
5.63715,0.0107282,0.0389307,6.53718
5.62204,0.0172961,0.0335676,6.51997
5.69661,0.0216841,0.0326187,6.59606
5.62738,0.0160578,0.0204289,6.5093
5.6378,0.0108717,0.0252129,6.52113
5.63591,0.0108785,0.0239708,6.51527
5.62803,0.0273029,0.00870788,6.51272
5.64239,0.0108727,0.0249909,6.5221
5.63268,0.0107818,0.0399627,6.5303
5.62472,0.0161781,0.0235617,6.51104
5.66044,0.0128985,0.0948965,6.61252
5.69869,0.0143071,0.0214729,6.57819
5.6714,0.029828,0.00685857,6.55508
5.77941,0.00578262,0.0350888,6.66477
5.62471,0.0345303,0.00219624,6.51382
5.63763,0.00724659,0.0278918,6.52034
5.66817,0.0116934,0.0229444,6.5513
7 threads per task
5.631,0.0177885,0.0249947,6.51748
5.65509,0.0174926,0.0271032,6.54634
5.63165,0.0340045,0.0087357,6.51971
5.61529,0.0262952,0.0116476,6.49795
5.68183,0.0125387,0.0255182,6.56418
5.62699,0.0124715,0.0323642,6.51552
5.6832,0.0195667,0.0186903,6.57549
5.62307,0.0370027,0.00335188,6.50697
5.67543,0.0177958,0.0221586,6.57037
5.62393,0.0263621,0.0195065,6.51615
5.6025,0.0176274,0.0290063,6.49596
5.65114,0.0163139,0.0434214,6.56574
5.5926,0.0284764,0.0119347,6.47775
5.62908,0.0350055,0.00460769,6.51795
5.67094,0.0192284,0.0197541,6.55311
5.62092,0.013021,0.028444,6.51056
5.62623,0.0354867,0.00425921,6.51683
5.64051,0.0142172,0.039038,6.53963
5.65556,0.0203354,0.110428,6.6327
5.63207,0.0207198,0.0203513,6.51973
5.67896,0.0256327,0.0189451,6.57361
8 threads per task
5.6234,0.0136435,0.0501606,6.53227
5.64209,0.0172786,0.043905,6.55005
5.65511,0.0100799,0.0371904,6.54834
5.62656,0.0232156,0.0373916,6.543
5.63537,0.0252616,0.0185946,6.52557
5.62838,0.0138445,0.0487347,6.5356
5.64394,0.0305973,0.0130588,6.53225
5.63488,0.030887,0.0177767,6.53122
5.62074,0.0188666,0.0244664,6.5144
5.60419,0.0123081,0.0315789,6.49353
5.67348,0.024695,0.0342273,6.57581
5.61177,0.0314002,0.0114728,6.50041
5.60372,0.0407697,0.114482,6.60504
5.64822,0.0218958,0.0294341,6.54283
5.66891,0.0296766,0.0177115,6.56097
5.71707,0.015955,0.0330958,6.61125
5.63554,0.0275162,0.015778,6.52797
5.68098,0.0242284,0.0194225,6.56757
5.6367,0.0242145,0.023258,6.52963
5.60707,0.0221358,0.0410047,6.51464
5.64099,0.0367074,0.00667741,6.52819
