Bash version 4.2.46(1)-release...
11 tasks per node
1 threads per task
6.95009,0.00192782,7.95647
6.95049,0.00190342,7.95089
6.88516,0.00188013,7.89063
6.94493,0.00223282,7.94377
7.01662,0.00186052,8.0239
7.02721,0.00187242,8.03375
8.59075,0.001884,9.59809
6.99896,0.00200442,8.00687
6.93616,0.00196426,7.94393
7.09812,0.00216464,8.10525
6.95134,0.00195303,7.96008
7.0403,0.00203015,8.04618
7.01911,0.00235395,8.01612
6.8255,0.00194127,7.83362
6.84787,0.00188816,7.84794
6.98252,0.00205593,7.98074
6.97139,0.00193098,7.97986
6.98899,0.00186848,7.99836
6.89848,0.00235758,7.89956
6.9073,0.00195876,7.90773
6.85719,0.00196698,7.85449
6.97869,0.00187472,7.98507
6.99549,0.00189167,8.00129
7.22098,0.00194802,8.22905
6.98357,0.0025751,7.98039
6.97963,0.00186972,7.98734
6.98665,0.00227491,7.99424
6.93253,0.00195616,7.93962
6.96541,0.00199104,7.96115
7.17417,0.00201525,8.16951
6.9155,0.00204904,7.91445
7.00139,0.00214702,8.00713
6.97605,0.00197841,7.98341
7.11104,0.0019854,8.11642
6.9868,0.00210593,7.98606
6.88662,0.00227017,7.89557
6.92246,0.00206727,7.9193
6.95666,0.00242102,7.9663
6.85355,0.00193076,7.85002
8.60674,0.00228379,9.61432
7.10347,0.00184366,8.09977
6.89199,0.00194661,7.89054
6.84579,0.00206385,7.8425
6.86794,0.00200676,7.87502
6.83522,0.0023481,7.83252
6.98203,0.00192789,7.97776
7.02475,0.00217716,8.02446
6.84893,0.00205952,7.85684
7.11083,0.00202067,8.10671
6.95208,0.00192874,7.94864
6.94877,0.00212974,7.94532
2 threads per task
6.96052,0.00461795,7.9721
6.82001,0.00510805,7.82934
6.96803,0.00527429,7.98171
6.94216,0.00452753,7.94228
6.96523,0.00459612,7.97645
6.83593,0.00432694,7.84565
6.87737,0.00458812,7.87669
7.01733,0.00427663,8.02581
6.98486,0.00497949,7.98319
6.88984,0.0146744,7.90985
6.85415,0.00514734,7.85403
6.99172,0.00514566,7.99125
6.86603,0.00529269,7.86578
6.84389,0.0043943,7.85236
6.93227,0.00426367,7.94082
6.98707,0.00442547,7.98768
6.88007,0.0140058,7.88966
6.94102,0.00521902,7.95186
7.24628,0.00541958,8.24636
6.8569,0.00551119,7.8562
6.98621,0.00530369,7.9989
6.82694,0.00539642,7.83662
7.08102,0.00759093,8.09254
6.95215,0.00474061,7.96125
6.87633,0.00440442,7.88769
6.91841,0.00547168,7.92326
6.93488,0.00430739,7.94371
6.82325,0.00516743,7.83326
7.0153,0.00413514,8.01334
7.08349,0.00521054,8.08346
6.99635,0.0047358,7.99686
6.99919,0.00576038,7.99959
7.05634,0.00441755,8.05584
7.02033,0.00539069,8.03135
6.86479,0.00447676,7.86849
6.83173,0.00533382,7.84219
7.08292,0.00463172,8.09394
6.84144,0.0054316,7.85036
6.98447,0.00411948,7.98311
6.9046,0.00543909,7.91427
6.97181,0.00518469,7.98366
6.92749,0.00661046,7.93893
6.98828,0.00407934,7.99801
7.02565,0.00407914,8.03598
6.91761,0.00521942,7.92726
6.91668,0.00539733,7.91932
6.852,0.00496309,7.86187
6.99689,0.00506894,8.00769
6.88492,0.00409904,7.88376
6.83385,0.00548536,7.84521
6.88003,0.00748469,7.88236
3 threads per task
6.87049,0.0138488,7.88958
6.9788,0.00905389,7.98367
7.03255,0.00955724,8.04625
7.09933,0.00750705,8.10219
6.88266,0.00843018,7.89565
6.96135,0.0106172,7.97761
7.03402,0.010845,8.05301
6.88133,0.0136426,7.89984
6.83545,0.00871987,7.84845
6.99798,0.0086411,8.0007
6.96679,0.0105395,7.97255
6.92,0.00761502,7.92421
6.977,0.00905955,7.981
6.97037,0.0122796,7.99181
6.86756,0.00899694,7.87254
6.83164,0.00704728,7.84353
6.83725,0.0145528,7.8467
6.97075,0.0105102,7.98619
7.14619,0.0141356,8.15875
7.12809,0.00878523,8.14626
6.93377,0.00990512,7.95013
7.24347,0.0160864,8.26517
6.92512,0.0144517,7.94381
6.986,0.0100507,8.00413
6.89828,0.0128668,7.90649
6.94406,0.0093948,7.94984
7.15669,0.0106643,8.16172
6.99311,0.00809261,8.00649
6.90701,0.0104546,7.91496
6.84358,0.0110097,7.86182
6.9884,0.0115986,8.00613
6.99007,0.0158326,8.01109
6.89717,0.0120805,7.9132
7.14257,0.00839637,8.1556
6.92949,0.0136672,7.93777
6.86035,0.0139657,7.88028
6.98642,0.00711674,8.00105
6.97334,0.00709732,7.98389
6.9525,0.00851602,7.95481
6.87589,0.008953,7.89851
6.89615,0.0145621,7.91794
6.86621,0.0150151,7.8755
6.97976,0.018471,7.99161
6.84251,0.00813833,7.846
7.602,0.0071185,8.61374
7.00038,0.010363,8.00651
6.95248,0.00941192,7.96967
6.98181,0.00756333,7.99445
6.82926,0.00733388,7.84213
7.0255,0.00885602,8.02922
6.82979,0.00679533,7.83474
4 threads per task
6.83527,0.0136475,7.85713
6.90808,0.0163383,7.91896
6.93635,0.0193726,7.95996
6.98482,0.0125107,8.00179
6.92293,0.0111283,7.9312
6.94337,0.0152676,7.96498
6.97612,0.0278858,8.01052
7.58043,0.0136781,8.58841
6.97778,0.0130385,7.98507
7.03821,0.0136698,8.05719
6.9825,0.0157057,7.99528
6.91994,0.0142646,7.93965
6.91827,0.0136283,7.92831
6.95434,0.0132908,7.97386
6.8204,0.0262824,7.84963
6.92715,0.0195574,7.94365
6.98535,0.0158201,8.00563
6.84041,0.0138817,7.85908
6.99394,0.0202291,8.01757
6.81114,0.011067,7.82889
7.02111,0.0197194,8.04593
6.87558,0.0131086,7.89424
7.00495,0.0156708,8.0261
6.94398,0.0144846,7.96039
6.93736,0.0196825,7.95222
7.24831,0.0119496,8.26685
6.95765,0.0142052,7.97783
6.90023,0.0191389,7.92439
6.92842,0.0156154,7.94847
6.86201,0.0209483,7.87733
6.99599,0.0121596,8.00273
6.87146,0.0104523,7.87841
7.01589,0.0122412,8.02709
6.89741,0.0104737,7.91396
6.95377,0.0105186,7.97032
6.83672,0.0117549,7.85208
6.84455,0.0142316,7.86498
6.98565,0.0164667,7.99535
7.01159,0.0162387,8.02521
7.00895,0.0198658,8.03452
6.87303,0.0139805,7.89216
7.08788,0.0127198,8.11512
6.99246,0.0201261,8.0184
6.98325,0.0157309,8.00405
6.98234,0.0176438,8.00109
7.00437,0.0123125,8.01391
6.98139,0.0127326,7.9882
6.89103,0.0155789,7.90314
7.03183,0.0105662,8.03797
6.85078,0.0119083,7.86192
6.9098,0.0106411,7.91552
5 threads per task
6.87409,0.0209225,7.90012
6.89774,0.0203373,7.91189
7.09907,0.0186716,8.12361
6.82907,0.0174068,7.84173
6.95415,0.0167882,7.9786
7.02692,0.0197885,8.05268
6.97784,0.0178825,7.99082
7.15516,0.0214235,8.18129
6.85316,0.0181201,7.86694
6.97564,0.0196293,7.9901
6.98331,0.0217108,8.01097
6.86204,0.0199946,7.88847
7.08607,0.0152545,8.10041
6.92778,0.0239262,7.94529
6.96427,0.0174725,7.97804
6.89394,0.0180411,7.90928
6.87286,0.0206386,7.89943
6.96126,0.0161726,7.97226
6.93263,0.0219784,7.95828
8.61216,0.0184108,9.62445
7.08092,0.0225911,8.10891
6.98756,0.0228242,8.01527
6.86393,0.0155029,7.88616
6.91024,0.0172016,7.92982
6.98596,0.022076,8.01242
6.98205,0.0259578,8.01326
6.88186,0.0157021,7.90259
6.85604,0.0202253,7.8735
6.8584,0.0151561,7.87464
7.00463,0.0198181,8.02943
6.85354,0.0230451,7.88497
7.08083,0.0214596,8.09503
7.09271,0.0171958,8.14361
6.84878,0.0167978,7.86932
7.18878,0.0195595,8.20348
6.98707,0.0190004,8.00861
6.98571,0.0215417,8.01225
6.90113,0.0232159,7.93879
7.0124,0.0368043,8.04358
6.99835,0.0166334,8.01106
6.8055,0.0156409,7.8284
6.87653,0.0176178,7.88988
6.95617,0.024678,7.97593
7.03344,0.0157268,8.05379
6.8363,0.0244797,7.87391
6.92119,0.0192814,7.94444
7.19067,0.021932,8.20772
6.85166,0.02608,7.87178
6.94868,0.0233319,7.97917
6.96615,0.0213903,7.99161
6.95196,0.027097,7.98231
6 threads per task
6.91705,0.0253138,7.94773
6.92659,0.0283268,7.9589
7.01424,0.0253493,8.0403
7.05479,0.0241264,8.07192
7.02843,0.0229452,8.05673
7.00286,0.0238111,8.03227
7.02377,0.0222821,8.05189
6.98245,0.0286605,8.01796
6.81196,0.0280815,7.84469
6.9108,0.0243037,7.9294
6.98014,0.0245378,7.99866
6.94535,0.0202699,7.9725
6.9809,0.0273489,8.00694
7.18338,0.0217665,8.20888
7.02719,0.0248843,8.05633
6.98449,0.0238856,8.01656
6.95107,0.0258129,7.97277
6.91923,0.0248545,7.94833
6.92264,0.0212774,7.95195
6.95125,0.0217982,8.00794
6.85106,0.0205253,7.8823
6.97829,0.0227911,8.00361
7.07821,0.0343964,8.11568
6.92007,0.0198061,7.93491
6.86978,0.0215618,7.89847
6.9767,0.0248478,8.00654
6.96938,0.0204091,7.99646
6.88968,0.0252868,7.90864
6.94894,0.0224325,7.96647
6.8897,0.0216772,7.91333
6.90825,0.0262079,7.92925
6.98659,0.0250955,8.0079
6.96574,0.0250118,7.99696
7.01091,0.0248059,8.04056
7.00048,0.0227745,8.02078
6.98086,0.0261382,8.01224
6.87377,0.027491,7.90794
6.88013,0.0203246,7.90502
6.88377,0.0222867,7.90279
6.97749,0.024429,7.99823
6.99173,0.0246847,8.0243
6.95346,0.0260047,7.98393
7.01761,0.0281637,8.05188
6.9917,0.0234444,8.02025
6.96069,0.0226234,7.97866
7.00302,0.0233161,8.02195
6.97805,0.0232346,7.99851
6.99337,0.0221172,8.00878
7.01187,0.0333005,8.04199
7.00345,0.0252268,8.02603
6.9618,0.0186842,7.98759
7 threads per task
6.97023,0.0286884,8.00343
6.96203,0.0259275,7.98274
7.05244,0.0287857,8.09724
6.99095,0.0237889,8.01718
6.83013,0.0272462,7.85472
6.87487,0.0264444,7.8957
6.97773,0.0321142,8.01399
6.85727,0.0278501,7.88192
6.95722,0.0298336,7.9915
6.90095,0.0236976,7.92425
7.03047,0.0298136,8.06308
7.12174,0.0334213,8.14971
6.80539,0.0242239,7.82676
6.83839,0.0247051,7.86956
6.94445,0.0330432,7.98084
6.97647,0.0309935,8.0149
6.99167,0.0337407,8.03173
6.94589,0.0251704,7.96777
6.98454,0.0276812,8.00723
6.89282,0.0253748,7.93516
7.01284,0.0278196,8.04486
7.02151,0.0288134,8.04687
6.89739,0.0258409,7.93098
7.09624,0.0256059,8.12622
6.99407,0.0273336,8.02618
7.28986,0.0253291,8.32011
6.85319,0.0284791,7.88708
6.98224,0.0369741,8.05617
6.98145,0.0288923,8.02766
7.00234,0.0297814,8.02802
7.03177,0.0295424,8.06733
6.84645,0.0286244,7.87095
6.87319,0.0321538,7.89929
6.94875,0.0291387,7.98335
6.90461,0.0273118,7.94159
6.89803,0.0253617,7.93269
7.0115,0.0308364,8.04786
6.86287,0.0266541,7.88744
6.98159,0.0277937,8.01402
6.91695,0.0309709,7.95147
6.93082,0.0299228,7.96425
7.27917,0.0291823,8.31296
6.79996,0.0321098,7.85833
7.1107,0.0255648,8.14932
6.97277,0.0285331,8.00526
7.27448,0.0276702,8.33257
7.0143,0.0314272,8.05157
6.86135,0.0237897,7.88522
6.90072,0.0300674,7.94219
6.80906,0.0264912,7.83009
6.97813,0.024165,8.00184
8 threads per task
7.10012,0.0356056,8.12855
6.85056,0.0310289,7.88764
6.89806,0.0296475,7.93476
7.10121,0.0278575,8.13372
6.94828,0.0263228,7.97546
6.9644,0.0291946,7.99275
6.89472,0.0299749,7.93176
6.88137,0.0332784,7.91196
6.81133,0.0359145,7.85098
6.98606,0.0390855,8.01873
6.82519,0.0325675,7.85343
6.96162,0.0267013,7.98975
6.94379,0.0300783,7.98147
6.84587,0.0257508,7.86828
6.83282,0.0255464,7.85387
6.85133,0.0276797,7.87296
6.89453,0.0337685,7.92258
6.98786,0.0323657,8.01892
6.82807,0.0359266,7.8704
6.95872,0.0344624,7.9884
6.98782,0.034202,8.01731
7.27689,0.0223094,8.34185
6.86663,0.0329776,7.89378
6.9817,0.0298365,8.01558
6.9182,0.0239985,7.95075
6.92776,0.0306435,7.96621
6.97593,0.0305283,8.01022
6.92369,0.0330532,7.96425
7.00894,0.0326055,8.03614
7.01632,0.0340853,8.05505
6.87586,0.024586,7.91727
7.01424,0.039262,8.04832
6.86035,0.0321388,7.90245
6.94613,0.0348072,7.97573
7.15333,0.0311177,8.18838
6.96333,0.0254979,7.98929
7.0305,0.0322412,8.07322
7.00616,0.0252347,8.02789
6.96222,0.0290674,7.99689
6.82611,0.0315487,7.85694
6.96396,0.0304309,8.0036
6.9535,0.0312177,7.99125
6.92775,0.0333511,7.96602
6.98486,0.0342407,8.02675
7.07675,0.0291764,8.11448
7.148,0.0319166,8.1829
6.911,0.0284665,7.9392
6.99958,0.0267061,8.02238
6.98931,0.0300432,8.02269
6.89797,0.0315975,7.92517
7.03562,0.0290308,8.07556
