Bash version 4.2.46(1)-release...
7 tasks per node
1 threads per task
1.88816,0.000659201,2.26939
1.08723,0.000478592,1.46458
1.10626,0.00062082,1.48563
1.07837,0.000600426,1.45736
1.10552,0.000498734,1.48265
1.08431,0.000535743,1.45575
1.09352,0.000600046,1.47428
1.07816,0.000742577,1.44956
1.11367,0.000496827,1.49336
1.09225,0.00047401,1.47342
1.08088,0.000478555,1.46068
1.09697,0.000498468,1.47534
1.10382,0.000453701,1.48077
1.07829,0.000571208,1.46012
1.08363,0.000581348,1.4613
1.09889,0.000487562,1.48334
1.07986,0.00043769,1.45663
1.10063,0.000513772,1.48145
1.09333,0.000640891,1.47589
1.11022,0.000526251,1.48966
1.10507,0.000534011,1.48661
1.09438,0.000605168,1.47329
1.09778,0.000439825,1.47426
1.11455,0.000525037,1.48237
1.11981,0.000418197,1.50061
1.05934,0.000477942,1.43836
1.10363,0.00062204,1.48181
1.11155,0.000594333,1.49319
1.08302,0.0005359,1.46716
1.07858,0.000627892,1.45751
1.09523,0.000515919,1.47365
1.07532,0.000534542,1.44199
1.08467,0.000537982,1.46172
1.09791,0.000532821,1.479
1.11314,0.000563826,1.48288
1.10738,0.000524879,1.48571
1.08318,0.000463789,1.46606
1.09211,0.00050365,1.47448
1.0996,0.000551822,1.48034
1.10799,0.000506539,1.48548
1.13777,0.000465851,1.52068
1.09307,0.000496807,1.47713
1.06605,0.00051013,1.44626
1.06985,0.000483854,1.44953
1.06693,0.000460114,1.45266
1.06561,0.00065518,1.44322
1.1126,0.000474611,1.49505
1.07153,0.000557736,1.45083
1.07114,0.000490861,1.45054
1.08946,0.000508808,1.46833
1.07367,0.000518342,1.45309
2 threads per task
1.09041,0.000600746,1.47028
1.09772,0.000529867,1.47802
1.07244,0.00110741,1.45235
1.1151,0.000589523,1.49257
1.11479,0.00210212,1.49615
1.10275,0.000869714,1.48399
1.07595,0.000669712,1.45536
1.10511,0.00070524,1.48299
1.09293,0.000465272,1.47342
1.0719,0.00119875,1.45672
1.08658,0.00196873,1.46477
1.09478,0.000449769,1.47703
1.10386,0.000544647,1.47473
1.08931,0.000428211,1.46731
1.0738,0.000582661,1.45124
1.11888,0.000584345,1.50317
1.10057,0.00058683,1.48156
1.12308,0.000743775,1.50308
1.09772,0.00100946,1.47765
1.1,0.00114766,1.4803
1.10531,0.000965636,1.47484
1.11787,0.000902208,1.4966
1.11362,0.000581166,1.49532
1.07835,0.00105006,1.4569
1.09596,0.00103322,1.47364
1.06956,0.000918869,1.44835
1.10275,0.000522744,1.48102
1.10871,0.000515532,1.48524
1.10676,0.000751933,1.48562
1.1215,0.0022136,1.50481
1.06943,0.00141174,1.44949
1.08155,0.000663009,1.46109
1.10983,0.000832738,1.47984
1.09832,0.00045548,1.47626
1.08633,0.000867695,1.46538
1.08827,0.00187314,1.47125
1.0847,0.000577372,1.46595
1.0962,0.000548173,1.47742
1.09608,0.00108284,1.48153
1.10885,0.00100775,1.48901
1.09045,0.000618724,1.47192
1.08877,0.000489168,1.46617
1.18623,0.000941781,1.5557
1.09487,0.000555415,1.47841
1.0916,0.00096084,1.47359
1.11551,0.000607617,1.49474
1.0958,0.00152848,1.48089
1.07662,0.000762198,1.45495
1.09641,0.00124629,1.47677
1.09387,0.000517767,1.46579
1.09479,0.000692001,1.47631
3 threads per task
1.10519,0.00378641,1.49084
1.10319,0.00362991,1.47644
1.07731,0.00370773,1.45982
1.10594,0.00365904,1.4882
1.08329,0.0045761,1.47151
1.08888,0.00530106,1.47519
1.06554,0.0115693,1.45795
1.08131,0.00368249,1.45701
1.10171,0.00375081,1.47949
1.10486,0.00468833,1.48002
1.08412,0.0134249,1.47571
1.10153,0.00830629,1.49012
1.10498,0.00532809,1.48847
1.09184,0.00667024,1.47926
1.08878,0.00374397,1.4753
1.11151,0.00374698,1.49569
1.08754,0.00371583,1.47023
1.0715,0.00367953,1.45328
1.09696,0.00458586,1.47755
1.07213,0.0160212,1.52361
1.08865,0.00368214,1.4725
1.10762,0.00373332,1.48897
1.09452,0.00486772,1.48084
1.1044,0.00362672,1.48766
1.09494,0.0140148,1.48659
1.07813,0.00460403,1.46123
1.06618,0.00529328,1.45211
1.11888,0.00522469,1.5009
1.11613,0.00364153,1.49762
1.08387,0.0050742,1.46717
1.07186,0.00464935,1.45152
1.06753,0.00530398,1.4513
1.08602,0.00369435,1.46965
1.10685,0.00364442,1.48949
1.15143,0.00380106,1.5366
1.07221,0.0142812,1.46664
1.07,0.0139741,1.46601
1.09401,0.00368666,1.47549
1.09047,0.00361892,1.47767
1.1056,0.00382365,1.48072
1.07693,0.00374311,1.45922
1.09062,0.00372926,1.47309
1.08882,0.0037904,1.47181
1.08759,0.00437675,1.47028
1.10374,0.00436178,1.48753
1.099,0.00365545,1.48085
1.06726,0.00379544,1.4521
1.08295,0.00371063,1.46838
1.10165,0.00366883,1.48532
1.08949,0.00364136,1.47056
1.09106,0.00366708,1.47324
4 threads per task
1.10023,0.00526396,1.47354
1.11669,0.00511797,1.50027
1.0944,0.00514703,1.47798
1.09068,0.00530486,1.4764
1.07215,0.0052543,1.4554
1.10805,0.0052221,1.49183
1.08909,0.00694232,1.46598
1.09646,0.0068982,1.48243
1.10255,0.013236,1.5007
1.07314,0.0145965,1.4738
1.10779,0.00534899,1.49362
1.08738,0.00550173,1.48076
1.09038,0.00883704,1.48006
1.07992,0.00678138,1.46324
1.09515,0.00527049,1.47709
1.10929,0.0068935,1.49615
1.08021,0.00513192,1.46805
1.10316,0.005187,1.48665
1.10201,0.00689936,1.48802
1.09208,0.00509999,1.47744
1.10744,0.00519805,1.49331
1.10606,0.00524302,1.4931
1.08921,0.00696094,1.48039
1.09871,0.00519574,1.48244
1.13945,0.0051322,1.52353
1.10594,0.0101806,1.49643
1.06993,0.00679179,1.45228
1.0823,0.00534957,1.46949
1.08742,0.00539142,1.4694
1.1014,0.00542633,1.48458
1.09469,0.0136253,1.4892
1.09972,0.00664159,1.48706
1.07871,0.00537513,1.46332
1.07008,0.0145271,1.48688
1.08595,0.00840966,1.47276
1.09658,0.00506152,1.48205
1.11737,0.0054677,1.49243
1.11022,0.00598503,1.48195
1.09964,0.00540785,1.48882
1.10403,0.00517246,1.4949
1.09774,0.00731332,1.4859
1.08264,0.0164635,1.48244
1.09516,0.00527262,1.48053
1.07357,0.00657978,1.46353
1.08818,0.0138846,1.4811
1.10769,0.00523709,1.49612
1.10485,0.00595582,1.4798
1.07892,0.00715352,1.46824
1.07125,0.0102668,1.46209
1.10105,0.00685804,1.48571
1.09088,0.00520457,1.47493
5 threads per task
1.09536,0.0068407,1.48243
1.07587,0.0085064,1.46433
1.08448,0.0141851,1.4781
1.09085,0.00852677,1.47953
1.09786,0.00874187,1.48668
1.10008,0.00970369,1.48756
1.09127,0.00866662,1.47906
1.14395,0.00873008,1.52827
1.10517,0.0087085,1.49436
1.09929,0.0208863,1.49727
1.0723,0.0101804,1.46764
1.07234,0.00690192,1.46057
1.12434,0.0175521,1.52329
1.08726,0.0125292,1.49293
1.13091,0.0124461,1.52762
1.08954,0.00846722,1.4744
1.0901,0.00916808,1.47926
1.07637,0.0101241,1.46645
1.09873,0.0136599,1.49311
1.08166,0.00851284,1.46704
1.08809,0.0138063,1.48199
1.11144,0.0136884,1.50682
1.09252,0.0173822,1.55893
1.12422,0.00855476,1.51119
1.08995,0.00847394,1.47815
1.09715,0.0102324,1.48609
1.10118,0.0110019,1.48097
1.08218,0.00692384,1.45914
1.0769,0.0069488,1.46554
1.0682,0.00853181,1.45399
1.07024,0.00848233,1.46438
1.09016,0.00849911,1.47949
1.06622,0.00940135,1.45642
1.09372,0.0100543,1.48643
1.08402,0.0116088,1.47287
1.10004,0.00875255,1.48935
1.1031,0.00856619,1.48912
1.08666,0.00692824,1.47561
1.09861,0.0136572,1.49493
1.08744,0.0100511,1.4778
1.0768,0.00683288,1.46437
1.09582,0.0100731,1.48554
1.08655,0.00842771,1.47142
1.07416,0.0101222,1.46334
1.10267,0.00813908,1.48942
1.09436,0.0102568,1.48173
1.10144,0.0191647,1.49913
1.08967,0.0149739,1.48613
1.07965,0.0104123,1.47006
1.09347,0.00864586,1.48158
1.08915,0.0100773,1.48134
6 threads per task
1.06574,0.0101267,1.45514
1.09286,0.014993,1.48695
1.08255,0.0102293,1.47105
1.09761,0.0101717,1.49165
1.0945,0.0101193,1.48387
1.09659,0.0100091,1.48379
1.08747,0.0100987,1.4768
1.08796,0.010056,1.47574
1.07639,0.0100949,1.46628
1.06738,0.0118402,1.45953
1.11974,0.010287,1.50636
1.09352,0.0148888,1.49075
1.10629,0.015555,1.51505
1.09045,0.0168331,1.4864
1.07551,0.0188066,1.47437
1.11139,0.0117516,1.50374
1.08934,0.0100376,1.47626
1.09654,0.0101028,1.48701
1.08048,0.0118247,1.47277
1.07671,0.0101739,1.46491
1.08967,0.0118513,1.47957
1.10748,0.017361,1.50543
1.09652,0.0100143,1.48619
1.09054,0.0101522,1.47715
1.08456,0.0101262,1.47666
1.08498,0.0101019,1.47401
1.08483,0.0161056,1.48042
1.07166,0.0100916,1.46082
1.07058,0.0116346,1.46026
1.09202,0.0100283,1.48037
1.07594,0.0101716,1.46538
1.09584,0.0151761,1.67277
1.09693,0.0204884,1.4993
1.08386,0.0115745,1.47625
1.0718,0.0170185,1.59806
1.11111,0.0125122,1.50513
1.10265,0.0187414,1.50443
1.09238,0.0102413,1.48126
1.10225,0.016103,1.4969
1.08373,0.0117127,1.47305
1.08009,0.0102557,1.47105
1.09956,0.0101136,1.48906
1.10404,0.0135416,1.49744
1.08223,0.0100811,1.47395
1.09573,0.0101328,1.48567
1.07209,0.0101348,1.46108
1.07473,0.0148121,1.46949
1.08766,0.0100877,1.47625
1.095,0.0100486,1.48266
1.09947,0.0142357,1.49344
1.09417,0.0103891,1.48538
7 threads per task
1.07663,0.021192,1.4795
1.08525,0.0193282,1.48243
1.10947,0.02455,1.51092
1.10156,0.0133231,1.49114
1.11418,0.0242825,1.51829
1.10541,0.0117432,1.49449
1.10735,0.0172167,1.5089
1.08125,0.0132697,1.47595
1.12085,0.0148356,1.51558
1.0967,0.0118929,1.49182
1.13946,0.0166205,1.53864
1.09237,0.0131869,1.48928
1.07409,0.0153232,1.46712
1.0812,0.0116137,1.47015
1.09728,0.0171697,1.49362
1.09998,0.0132665,1.49235
1.10424,0.0133203,1.49733
1.07815,0.0117546,1.47161
1.12351,0.0165398,1.52041
1.11062,0.0159133,1.5076
1.14336,0.0133616,1.53404
1.08958,0.0132345,1.4848
1.12982,0.0145133,1.52349
1.10278,0.0165596,1.50543
1.06463,0.0132915,1.45534
1.09109,0.0118397,1.48226
1.09538,0.0311101,1.49866
1.07025,0.0115892,1.45228
1.06788,0.0149817,1.46364
1.07385,0.0204515,1.4816
1.09743,0.0118761,1.48997
1.0683,0.0210711,1.46974
1.09394,0.0117616,1.48383
1.08526,0.0152821,1.48247
1.09757,0.0116026,1.49271
1.08111,0.0229636,1.4815
1.08951,0.0133379,1.48393
1.08788,0.0158936,1.48306
1.09068,0.0116637,1.48272
1.09939,0.0134465,1.49271
1.09073,0.0132677,1.48185
1.07523,0.0200664,1.47406
1.07638,0.015327,1.46763
1.11723,0.0149791,1.51175
1.08942,0.0117245,1.48497
1.11127,0.0150777,1.50491
1.09854,0.0131649,1.49306
1.08188,0.014967,1.47428
1.07913,0.0191393,1.47506
1.07979,0.0153142,1.4806
1.08457,0.0133172,1.47588
8 threads per task
1.10464,0.024651,1.50939
1.12413,0.0176916,1.52
1.08802,0.0134308,1.47939
1.07654,0.0156901,1.47066
1.10486,0.0200992,1.50113
1.1075,0.0248536,1.51508
1.10705,0.0165721,1.50416
1.07564,0.0195062,1.48064
1.11144,0.0189832,1.51366
1.07173,0.0194895,1.46818
1.06694,0.0148824,1.45937
1.11237,0.0134389,1.50916
1.08491,0.0223217,1.4938
1.08781,0.0183774,1.49221
1.08693,0.0210812,1.48901
1.07314,0.0154616,1.47004
1.09431,0.0164649,1.55662
1.10071,0.023212,1.50484
1.08096,0.0186326,1.48071
1.09187,0.0135211,1.48523
1.08557,0.0199108,1.48305
1.07543,0.0148064,1.47196
1.07868,0.0139037,1.4757
1.06695,0.0170737,1.46069
1.07761,0.0148381,1.47329
1.10364,0.0235909,1.58611
1.348,0.0229743,1.76675
1.10488,0.0168395,1.50064
1.10596,0.0152977,1.50187
1.08152,0.0198919,1.49069
1.1121,0.0157714,1.50672
1.09681,0.0241066,1.50454
1.11157,0.0145566,1.50192
1.09741,0.0135036,1.5071
1.09106,0.0240276,1.49394
1.09177,0.0184935,1.49642
1.10472,0.0132433,1.49821
1.08453,0.0184017,1.48678
1.09865,0.0194296,1.49833
1.08607,0.020843,1.4885
1.09145,0.0136139,1.48839
1.08115,0.0166021,1.47875
1.06967,0.015043,1.46769
1.10158,0.0164739,1.50019
1.1014,0.0220685,1.50812
1.08099,0.0134538,1.47426
1.0916,0.0165979,1.49016
1.07177,0.0135188,1.46448
1.09896,0.01488,1.50134
1.08868,0.0211681,1.48788
1.11186,0.0147529,1.50859
