Bash version 4.2.46(1)-release...
9 tasks per node
1 threads per task
4.44265,0.000506125,0.000450545,5.23112
4.35129,0.000514231,0.00025674,5.13969
4.39033,0.000532806,0.000189341,5.17809
4.42606,0.000571782,0.000211948,5.21397
4.39632,0.000536492,0.000207307,5.18582
4.41849,0.000515488,0.000276355,5.20526
4.37465,0.000518072,0.000414168,5.16411
4.37624,0.000526563,0.00020828,5.16368
4.37624,0.000504353,0.000207018,5.16324
4.55861,0.000520744,0.000220631,5.34498
4.39555,0.00051486,0.000212924,5.18193
4.39294,0.000494166,0.000193981,5.17907
4.46971,0.000514919,0.000185609,5.25628
4.36692,0.000548356,0.000191416,5.15302
4.39695,0.000529374,0.000222348,5.1755
4.37876,0.00053638,0.000481941,5.16495
4.37541,0.000535215,0.000212547,5.15201
4.31553,0.000520067,0.000330316,5.09183
4.4288,0.000546367,0.000234355,5.21922
4.38185,0.000539102,0.000342835,5.17244
4.38671,0.000515539,0.000191283,5.17427
2 threads per task
4.374,0.00377253,0.000275751,5.16122
4.38785,0.000547377,0.00352101,5.17577
4.40754,0.000383773,0.00202571,5.20061
4.41936,0.00376397,0.000231226,5.21038
4.37541,0.000444528,0.00319346,5.16566
4.38493,0.0004256,0.00364391,5.166
4.42992,0.00376709,0.000234493,5.22019
4.44094,0.000928856,0.00269012,5.22768
4.40106,0.00380996,0.000203529,5.1877
4.39794,0.000352698,0.00256514,5.1852
4.37747,0.00377667,0.000214292,5.16729
4.35459,0.00376115,0.000224468,5.14106
4.37343,0.00382479,0.000213897,5.16273
4.43315,0.00267512,0.000208871,5.21892
4.4066,0.000349706,0.00197231,5.19517
4.42449,0.000366888,0.00368819,5.2135
4.37163,0.000335742,0.00365501,5.1625
4.46137,0.0037965,0.000208555,5.25427
4.37325,0.000375255,0.00290888,5.16225
4.39947,0.00374647,0.000210518,5.18873
4.37606,0.000504191,0.00348615,5.16742
3 threads per task
4.38874,0.00366287,0.00326703,5.17806
4.38887,0.00294249,0.00235707,5.18606
4.37601,0.00368913,0.000217726,5.16589
4.39596,0.00523042,0.000218008,5.18861
4.41554,0.00364632,0.000360804,5.20483
4.38595,0.00208959,0.00388874,5.17805
4.46158,0.00701719,0.000219428,5.24369
4.3722,0.00368095,0.000198022,5.16329
4.39131,0.00540176,0.000206964,5.18917
4.46213,0.0036937,0.000200549,5.25579
4.41346,0.0146027,0.00164795,5.20373
4.38769,0.00365394,0.0055246,5.17055
4.37675,0.00267848,0.00178137,5.16849
4.45726,0.00387427,0.000191095,5.25076
4.36196,0.00368701,0.00408231,5.15467
4.38445,0.00367163,0.000466926,5.17909
4.36845,0.00366339,0.00470046,5.15915
4.38704,0.00192807,0.00215465,5.17797
4.40616,0.00220146,0.0365918,5.22708
4.41461,0.0059611,0.00020643,5.20746
4.37764,0.00365582,0.000196858,5.17896
4 threads per task
4.413,0.00700671,0.00320302,5.20742
4.36914,0.00805922,0.000415398,5.16183
4.40697,0.00689701,0.00168639,5.19788
4.39887,0.00700957,0.000297664,5.19182
4.41172,0.0085497,0.000217547,5.20735
4.41232,0.006932,0.000218065,5.20993
4.43045,0.00540149,0.00174723,5.22938
4.42512,0.00362489,0.00492782,5.21339
4.41322,0.00374041,0.00350489,5.19581
4.39975,0.00689769,0.00314248,5.19428
4.38673,0.00522712,0.00375237,5.18721
4.37255,0.0145759,0.00164908,5.17173
4.37836,0.00518198,0.00191069,5.17134
4.40478,0.00537572,0.00328896,5.19788
4.3669,0.0070669,0.00265303,5.15953
4.43097,0.00362973,0.00482598,5.22457
4.42042,0.00697068,0.00184084,5.21624
4.38959,0.00915141,0.000226993,5.18432
4.40018,0.00700231,0.00652965,5.19766
4.38283,0.0100046,0.000220153,5.17388
4.38671,0.00518563,0.00411615,5.18017
5 threads per task
4.44863,0.00689915,0.00370461,5.24798
4.36607,0.00601718,0.00774882,5.16528
4.4036,0.00858383,0.000216929,5.22262
4.4101,0.00669857,0.00232514,5.20415
4.36733,0.00699309,0.00195974,5.16492
4.39795,0.00851923,0.00189883,5.19663
4.37758,0.0102271,0.000202383,5.17791
4.41378,0.00840157,0.0246887,5.23089
4.38215,0.0101393,0.0032419,5.1908
4.41849,0.00697321,0.00589085,5.21595
4.42055,0.00832763,0.000249062,5.21651
4.3769,0.00690871,0.00319913,5.17679
4.42585,0.00690039,0.00184821,5.22325
4.41145,0.00693092,0.00346704,5.21025
4.39379,0.0086031,0.000961101,5.19409
4.36016,0.00688936,0.00514328,5.17272
4.3887,0.011933,0.000217435,5.18771
4.37076,0.00837557,0.00501593,5.16732
4.44491,0.0100269,0.000395833,5.24159
4.42454,0.0100623,0.00347968,5.22065
4.40536,0.00878535,0.0029537,5.20431
6 threads per task
4.37513,0.0149199,0.000515535,5.17751
4.4327,0.0115988,0.00191255,5.23125
4.39105,0.00842323,0.0120488,5.19864
4.46705,0.00844653,0.00644381,5.26656
4.47986,0.0117262,0.000247973,5.28026
4.39625,0.0117656,0.00466874,5.19437
4.40303,0.00844162,0.00551866,5.20352
4.40984,0.0123169,0.00813443,5.21632
4.44187,0.00682512,0.0114108,5.24553
4.38203,0.00888763,0.0156842,5.18323
4.38762,0.0068761,0.0208786,5.20594
4.38674,0.00678613,0.00524321,5.18586
4.44144,0.0103035,0.00307838,5.24433
4.41146,0.0114597,0.00372792,5.2088
4.38879,0.00862925,0.00505471,5.19065
4.43461,0.0135233,0.00330482,5.22619
4.40068,0.00669231,0.00530895,5.20245
4.43984,0.0121036,0.00588087,5.24363
4.41225,0.0117603,0.00335388,5.20974
4.38603,0.0102941,0.000220254,5.1901
4.37316,0.00841161,0.00945587,5.17678
7 threads per task
4.35283,0.01505,0.000703954,5.15587
4.38421,0.0117862,0.00429356,5.18663
4.42325,0.0167084,0.000207126,5.22069
4.60056,0.0118918,0.00525164,5.42626
4.36173,0.0101642,0.00386975,5.16168
4.40429,0.0201471,0.00124562,5.21716
4.37961,0.0133688,0.00338476,5.18085
4.38254,0.0153019,0.0147187,5.19832
4.39907,0.0116577,0.00213327,5.20294
4.36541,0.0165548,0.0577165,5.22458
4.37266,0.0150072,0.00335889,5.18222
4.40738,0.0117565,0.00334592,5.2157
4.41048,0.0133833,0.00167595,5.21883
4.42229,0.00849766,0.0125307,5.22625
4.40363,0.0133751,0.012243,5.21272
4.3964,0.00660545,0.0136599,5.20439
4.39288,0.0102116,0.00651063,5.19791
4.38262,0.0100786,0.021475,5.20003
4.37732,0.0114701,0.00673404,5.18018
4.40182,0.0131707,0.0018812,5.20803
4.37298,0.0134637,0.000207477,5.17387
8 threads per task
4.49562,0.0149898,0.00985543,5.30586
4.38585,0.0218095,0.0236568,5.21545
4.39101,0.0220164,0.177271,5.37576
4.44343,0.0255339,0.000212901,5.25416
4.39458,0.0210979,0.00642728,5.20397
4.41142,0.0148005,0.00169225,5.22078
4.38569,0.0149766,0.0101054,5.19649
4.38992,0.0172464,0.00484832,5.19351
4.50249,0.0150675,0.00169606,5.3125
4.37426,0.0227041,0.00157835,5.18582
4.41687,0.0246318,0.00319626,5.2267
4.37294,0.0183054,0.000220862,5.17882
4.40013,0.0127119,0.011734,5.2346
4.38702,0.0181563,0.00179224,5.21661
4.39265,0.0134522,0.0118524,5.20119
4.34898,0.0240205,0.000645318,5.20915
4.44195,0.0166557,0.000204722,5.25964
4.42037,0.0134295,0.00592855,5.23059
4.44391,0.0116217,0.00362397,5.25463
4.45436,0.00978555,0.0187571,5.27091
4.39929,0.0116776,0.0175954,5.21229
