Bash version 4.2.46(1)-release...
5 tasks per node
1 threads per task
7.2581,0.000485551,0.00227552,8.26551
4.09281,0.000388486,0.00264717,5.09542
4.05658,0.000386797,0.00245315,5.06048
4.12065,0.00038442,0.00226642,5.12793
4.08355,0.0003873,0.0024146,5.08535
4.1117,0.00038214,0.00229849,5.1094
4.06436,0.000374032,0.00223072,5.06461
4.19988,0.00037971,0.00239326,5.19868
4.02323,0.000371372,0.00220745,5.02346
4.0324,0.000386368,0.0024683,5.02837
4.06032,0.000373743,0.00272886,5.06858
4.04812,0.000391621,0.00244611,5.0371
4.054,0.000381771,0.00254305,5.06442
4.05205,0.000392588,0.00226131,5.05343
4.21117,0.00038659,0.00240569,5.22013
4.06141,0.00037835,0.00237545,5.07099
4.06211,0.000389829,0.00238887,5.0633
4.08618,0.000376748,0.00263957,5.10461
4.12256,0.00037824,0.00247852,5.12293
4.05954,0.000372291,0.00250017,5.06381
4.07196,0.000393387,0.00240173,5.0736
2 threads per task
4.02212,0.000300715,0.00248602,5.02317
4.0371,0.000298372,0.00236014,5.04484
4.18792,0.000267422,0.00241353,5.19421
4.14071,0.000277447,0.00238998,5.14547
4.03406,0.000319757,0.00234423,5.03201
4.10478,0.000335341,0.00255547,5.11174
4.05479,0.000266597,0.00246326,5.054
4.08462,0.000312781,0.00230154,5.08456
4.03817,0.000310816,0.00239465,5.03795
4.02831,0.000342913,0.00240483,5.04375
4.02702,0.000306459,0.00240736,5.03496
4.17664,0.000299919,0.00253847,5.18669
4.02217,0.000308698,0.00244029,5.02066
4.06258,0.000302207,0.00236809,5.06987
4.07125,0.00029367,0.00221705,5.07422
4.01667,0.000298832,0.0023411,5.01877
4.03461,0.000276564,0.00236294,5.0336
4.09762,0.00120166,0.00141894,5.09858
4.15647,0.000317549,0.00259643,5.15596
4.01454,0.000280032,0.0026267,5.02789
4.08602,0.000332491,0.00232199,5.09499
3 threads per task
4.03255,0.00022831,0.00342919,5.04446
4.10483,0.000279486,0.00325747,5.11625
4.05834,0.000257209,0.00448431,5.06744
4.19198,0.00025145,0.00298597,5.19264
4.07943,0.000273999,0.00491037,5.09344
4.02913,0.00354865,0.000185255,5.03004
4.0529,0.000273816,0.00315057,5.05098
4.00515,0.000258537,0.00288007,5.00256
4.0247,0.000248894,0.00317302,5.02459
4.02495,0.000253217,0.00258817,5.0148
4.0669,0.00024958,0.00440448,5.06525
4.07278,0.000230355,0.00337967,5.06912
4.04275,0.000265734,0.00387338,5.04387
4.08254,0.000278989,0.00493031,5.0856
4.0325,0.00024314,0.00456494,5.04999
4.08263,0.000271028,0.0030568,5.08184
4.16011,0.000279283,0.00243176,5.16376
4.02961,0.000281792,0.00463035,5.03869
4.04054,0.000253612,0.00424112,5.04201
5.55474,0.000234958,0.00479438,6.55431
4.05399,0.00186178,0.00066934,5.05436
4 threads per task
4.05241,0.00354616,0.00270553,5.0635
4.15351,0.000212103,0.00466945,5.15722
4.05019,0.00355926,0.00283371,5.05384
4.18483,0.000252331,0.00515231,5.18458
4.07895,0.00345829,0.00175424,5.09632
4.04623,0.00364904,0.000999669,5.04723
4.12763,0.00378707,0.000907725,5.12984
4.03793,0.00350828,0.0035337,5.04902
4.05149,0.00352145,0.00123124,5.05484
4.07411,0.00291553,0.00358457,5.06489
4.03616,0.00360718,0.00115557,5.0367
4.02379,0.00354476,0.00165845,5.01914
4.17402,0.00352928,0.000828626,5.17776
4.06884,0.00679919,0.000185702,5.06032
4.05121,0.00351672,0.00159351,5.06465
4.07118,0.000255965,0.00369641,5.07193
4.07047,0.00345466,0.00311372,5.11493
4.04062,0.000226106,0.00569516,5.04101
4.04611,0.00442347,0.0017664,5.05888
4.08313,0.00494204,0.00020841,5.09559
4.05469,0.00344741,0.00327703,5.05323
5 threads per task
4.21494,0.00508075,0.00114422,5.22821
4.02746,0.00502889,0.000685344,5.02015
4.13036,0.00350896,0.00387538,5.13308
4.09447,0.00355116,0.00246304,5.11298
4.0222,0.00350836,0.00221034,5.04115
4.04397,0.00349878,0.00443319,5.05191
4.05511,0.00518459,0.00151057,5.05921
4.04781,0.00347902,0.00219733,5.07799
4.05981,0.0017741,0.00481741,5.07414
4.06015,0.00521575,0.000560828,5.06293
4.04028,0.00340183,0.00324646,5.05358
4.05211,0.00408044,0.00273273,5.05067
4.0513,0.00370243,0.00258284,5.05387
4.04733,0.00674823,0.000186134,5.05022
4.06931,0.00352947,0.00332831,5.07357
4.0552,0.00350671,0.00157863,5.05608
4.0718,0.00346041,0.00251141,5.08306
4.03105,0.00343276,0.00228783,5.05258
4.1375,0.0034906,0.00262996,5.14575
4.0412,0.00345373,0.00193301,5.05252
4.07448,0.00354869,0.0016417,5.08058
6 threads per task
4.02808,0.0051368,0.0037684,5.02837
4.03007,0.00380948,0.00660891,5.04047
4.0561,0.0050882,0.00256035,5.16032
4.03922,0.00189632,0.00981514,5.05012
4.03582,0.00681899,0.00150081,5.03775
4.04857,0.00187096,0.00489763,5.06174
4.05578,0.00514024,0.00293811,5.08243
4.0996,0.00673498,0.000199957,5.10339
4.04806,0.00346073,0.00246141,5.07112
4.21992,0.00352978,0.00442355,5.2235
4.05189,0.00350677,0.00562779,5.07245
4.07028,0.00347797,0.00404943,5.08571
4.0499,0.0035622,0.00513497,5.06899
4.05032,0.00351479,0.00575911,5.0581
4.06736,0.00822312,0.000219954,5.07085
4.10231,0.00352573,0.0200626,5.12633
4.07448,0.00350433,0.00489841,5.08976
4.05878,0.00677812,0.00018169,5.06424
4.08212,0.00349985,0.00446674,5.08983
4.06273,0.0161557,0.00164678,5.07773
4.08137,0.00343697,0.00477201,5.09002
7 threads per task
4.07686,0.0066187,0.00444672,5.09531
4.13707,0.00347,0.00633282,5.14283
4.04535,0.0070746,0.00201158,5.07458
4.06522,0.00603298,0.00362753,5.09813
4.04145,0.00830895,0.00316286,5.05421
4.15571,0.00346129,0.00710449,5.16516
4.04533,0.00345493,0.00779964,5.05687
4.17151,0.00680843,0.1034,5.28927
4.44422,0.00827096,0.00309016,5.44892
4.09253,0.00809437,0.00229684,5.10606
4.21903,0.00680043,0.00178427,5.22239
4.05817,0.00975476,0.000191763,5.0698
4.06589,0.00350029,0.00504251,5.08505
4.09354,0.00834877,0.000281936,5.0902
4.1008,0.00841689,0.000318045,5.1056
4.08467,0.00353994,0.00539361,5.09132
4.1739,0.00842576,0.00446739,5.18595
4.03803,0.00513097,0.00517152,5.04547
4.04819,0.00509845,0.00606059,5.05272
4.19592,0.00351719,0.00777755,5.21266
4.01572,0.00360795,0.00495558,5.01987
8 threads per task
4.0551,0.00672459,0.00217154,5.06641
4.05295,0.00670082,0.00329832,5.15152
4.12665,0.00516461,0.00721044,5.17922
4.01102,0.00833091,0.00343468,5.02349
3.98791,0.00836099,0.00276073,4.99348
4.07121,0.0100457,0.00147594,5.07623
4.02238,0.00840786,0.00309481,5.03072
4.06313,0.00834997,0.00421249,5.07185
4.20478,0.00672625,0.00514806,5.21566
4.07832,0.00985225,0.0015161,5.09036
4.0595,0.00681458,0.00445866,5.07941
4.06852,0.00678452,0.00425881,5.07465
4.04411,0.00671848,0.00520271,5.05335
4.24426,0.00676894,0.00167518,5.25904
4.09369,0.0067142,0.00513598,5.10975
4.03447,0.00670152,0.00413556,5.04568
4.2141,0.0222573,0.00151165,5.23639
4.44547,0.00678219,0.00407531,5.46378
4.03546,0.00682601,0.0021604,5.04232
4.05905,0.00844167,0.00152392,5.07604
4.07395,0.00678927,0.00349001,5.0807
