Bash version 4.2.46(1)-release...
3 tasks per node
1 threads per task
3.98413,0.00102717,4.99419
3.98251,0.0010688,4.99178
4.04322,0.00106279,5.05378
3.97219,0.00102977,4.98408
4.03893,0.000994673,5.05887
4.05642,0.000969825,5.06362
4.02429,0.00101936,5.03471
4.02212,0.000937654,5.0339
3.96588,0.00113155,4.9724
3.99269,0.00102505,5.00313
3.9735,0.00111599,4.98517
3.97485,0.000963472,4.98541
3.94012,0.00106387,4.95845
3.9937,0.000908395,5.002
3.98658,0.000987859,4.99789
3.9777,0.00105419,4.98899
3.92584,0.00105302,4.94332
3.94645,0.00104102,4.9622
3.95265,0.00102981,4.96729
4.00653,0.00101149,5.01612
3.903,0.00110495,4.91198
3.96294,0.000979334,4.97467
4.03515,0.00102197,5.04616
3.92507,0.00102362,4.93434
4.00254,0.000997877,5.01439
4.01744,0.00108237,5.0275
3.95631,0.00104526,4.96848
4.00948,0.000929598,5.02446
4.01728,0.00106193,5.02676
3.92344,0.000956271,4.93427
4.00174,0.00100841,5.01518
3.94425,0.000954077,4.95297
3.99411,0.000963351,5.00475
3.96833,0.00098541,4.97936
3.9304,0.000925098,4.9396
3.88657,0.00107899,4.89751
4.01312,0.00102489,5.02574
3.96832,0.000993473,4.97699
3.9972,0.00112197,5.00974
3.97361,0.00107677,4.98614
3.94575,0.000959925,4.97015
4.05174,0.00101195,5.06706
4.0381,0.000948206,5.04888
3.99781,0.00101991,5.01229
4.02284,0.000904489,5.03761
4.02974,0.000868689,5.04474
3.93059,0.00114115,4.94227
3.92813,0.00105871,4.9395
3.96516,0.00102721,4.97853
4.0066,0.000990188,5.01937
3.98738,0.00102157,4.99956
2 threads per task
3.9253,0.000950029,4.93371
3.91608,0.000857472,4.9288
4.11825,0.00134566,5.13259
3.97335,0.000841007,4.99446
4.07469,0.00080994,5.08553
4.04865,0.000754427,5.05542
3.99244,0.000677483,5.00203
4.04522,0.000679649,5.05379
3.98306,0.000798652,4.99395
4.00428,0.000799939,5.01792
4.00439,0.000714619,5.02088
3.94466,0.000703882,4.9587
4.05066,0.000880064,5.05962
4.11393,0.000788234,5.13139
4.04633,0.000634642,5.07387
4.04791,0.000937117,5.05735
3.92512,0.000785666,4.93943
4.00529,0.000734519,5.0162
4.02819,0.000821514,5.04191
4.09023,0.000746062,5.10292
4.02891,0.000803938,5.04191
4.02204,0.000721453,5.0316
4.09223,0.000623105,5.10279
4.0961,0.000792379,5.10141
4.01613,0.000815175,5.03341
3.96061,0.000808142,4.97726
4.00105,0.000743261,5.01453
3.99175,0.000664938,5.00998
4.00853,0.000789773,5.02932
4.01902,0.000773957,5.03254
4.01315,0.000773761,5.02613
3.9908,0.000555243,5.00508
3.98961,0.000678569,5.00308
4.00416,0.000744246,5.01687
4.01119,0.000800712,5.02061
3.99068,0.000614671,5.00549
4.04735,0.000896802,5.061
3.9692,0.000812067,4.97852
3.93368,0.000709545,4.94796
4.00666,0.000898972,5.02181
4.00859,0.000788543,5.0347
4.11135,0.000677958,5.11827
4.04684,0.000781607,5.05829
3.98257,0.000817541,4.98934
3.96829,0.000797058,4.98551
4.0375,0.000662245,5.0472
4.05589,0.000764122,5.06743
4.03799,0.000716411,5.05887
3.94187,0.00078983,4.95091
3.97162,0.000682181,4.9907
3.92013,0.00105672,4.94173
3 threads per task
3.98183,0.000593223,5.00452
4.01848,0.000607163,5.03646
4.00407,0.000659604,5.0128
3.99022,0.00121524,5.00506
3.90258,0.000673192,4.92091
3.94591,0.00080144,4.95213
3.92263,0.0014598,4.92773
4.01443,0.000633804,5.028
3.98123,0.000876198,4.99751
3.99166,0.000727931,5.00214
4.10376,0.000756092,5.11752
3.99581,0.000692289,5.00888
4.03949,0.000785019,5.04887
4.01027,0.000789391,5.02544
4.00798,0.000815282,5.01543
4.02176,0.00109358,5.04725
3.97638,0.000761917,4.98221
3.95113,0.000830822,4.96344
3.93903,0.000691267,4.95408
3.92043,0.000724584,4.94028
3.97334,0.00113732,4.98168
3.93458,0.00117174,4.94809
4.06685,0.000785226,5.08086
4.00735,0.000778401,5.01492
3.97959,0.00072794,4.98683
3.98471,0.000629922,4.99631
3.92423,0.000654656,4.93547
3.98922,0.00108792,5.00438
3.94749,0.000882188,4.95875
3.99017,0.000691177,5.00022
4.06961,0.00130974,5.08815
3.94686,0.00113644,4.96012
4.04585,0.00111254,5.05728
3.91488,0.00111536,4.92575
3.93025,0.00064492,4.94299
4.02796,0.000681411,5.04543
3.98861,0.000646202,4.99807
3.92429,0.000681482,4.93602
3.90922,0.000613471,4.93001
3.98992,0.000680503,5.00217
3.97159,0.000661856,4.98784
3.99626,0.00109627,5.00415
3.90695,0.00152388,4.91972
3.93476,0.000835305,4.94539
3.96239,0.000699393,4.9793
4.00542,0.00143085,5.0186
3.91721,0.000933735,4.93596
3.9981,0.00084349,5.01374
3.92147,0.000718314,4.9303
3.99607,0.00137603,5.00532
4.05333,0.000717774,5.07012
4 threads per task
3.90524,0.00124613,4.91611
4.06435,0.00109957,5.0723
3.99559,0.0013413,5.00758
3.98485,0.000728207,4.99423
3.99172,0.000924433,5.00493
3.95056,0.00104219,4.96064
4.03343,0.000566464,5.04536
3.91871,0.000639945,4.92825
3.93748,0.000782786,4.95168
3.93702,0.000657648,4.94949
4.01663,0.000680201,5.02523
4.03454,0.00192155,5.04952
4.00038,0.000815043,5.01003
3.96548,0.00156288,4.97735
3.99112,0.00128453,5.00126
3.98623,0.000761632,4.9964
3.9936,0.000656076,5.01212
3.90753,0.000830853,4.92326
3.92138,0.00224708,4.93567
3.99281,0.00125522,5.00339
3.95475,0.000878191,4.96313
4.01524,0.00179735,5.02649
4.01825,0.00100248,5.02879
3.93449,0.00132914,4.94664
3.97809,0.00111932,4.98741
4.00994,0.000782777,5.02219
4.02767,0.000642136,5.03707
3.92962,0.000745691,4.93886
4.02603,0.000945244,5.03224
3.93151,0.000816924,4.95402
3.96183,0.000702273,4.97499
3.94697,0.00061273,4.9566
3.9717,0.0021398,4.98433
4.04989,0.000808628,5.05833
3.9593,0.00188402,4.97762
3.9225,0.000784267,4.93231
3.9231,0.00137969,4.93639
3.93978,0.000527646,4.95315
3.9439,0.00117943,4.9618
3.92269,0.000527766,4.93291
3.91332,0.000629764,4.92222
4.05928,0.00052592,5.07121
3.98326,0.0012387,4.99261
4.00039,0.000772353,5.02085
4.0444,0.00210507,5.0563
4.00043,0.00211628,5.0172
4.084,0.00217625,5.09419
3.98908,0.000557203,5.00048
4.04288,0.000982543,5.05091
4.04476,0.000662655,5.05415
3.97001,0.000556398,5.00271
5 threads per task
3.99018,0.00616606,5.00457
3.9198,0.0139293,4.94575
3.99198,0.0147229,5.01375
4.01472,0.00453693,5.02831
4.01618,0.0141703,5.04431
3.9612,0.0143952,4.98468
3.99154,0.0146623,5.0147
3.98438,0.0049898,4.99747
3.97271,0.0164758,4.99823
4.04772,0.0165863,5.07966
3.90716,0.00409357,4.92157
3.98492,0.0089672,5.00263
4.013,0.0052148,5.03101
3.92533,0.00506652,4.94998
4.10909,0.00372883,5.12468
3.98827,0.00408143,5.00972
4.03571,0.00379253,5.04908
3.93768,0.0163333,4.96084
3.92425,0.00640841,4.93848
3.94171,0.00854506,4.96591
3.9918,0.0157273,5.01343
4.00833,0.00371485,5.02967
4.03698,0.0135569,5.05636
3.92886,0.0176736,4.95634
3.9482,0.0147882,4.97451
4.0405,0.0147425,5.06196
4.01506,0.00512076,5.02835
3.99281,0.015625,5.01338
3.97202,0.0160882,5.00075
3.98386,0.0144459,5.02122
3.9857,0.0166589,5.01664
3.94524,0.0137656,4.96865
3.95762,0.0157716,4.99268
4.0147,0.0137217,5.04045
3.92308,0.0139478,4.94674
3.99303,0.00526202,5.01717
3.93267,0.00878386,4.95089
4.02769,0.00935177,5.04777
3.9958,0.00388426,5.02469
3.9254,0.0142463,4.95281
3.93377,0.0143906,4.95936
4.04171,0.00381253,5.05681
3.91768,0.00368208,4.93519
3.90766,0.0152855,4.93299
3.91446,0.00540828,4.92762
3.99953,0.00371255,5.01499
4.06396,0.0159964,5.09136
3.96844,0.0166493,4.99182
3.9448,0.00383208,4.96346
3.94712,0.0093881,4.963
3.95423,0.0146259,4.97961
6 threads per task
3.93815,0.00527475,4.95621
3.97365,0.0140539,5.00079
3.93616,0.00525883,4.95279
3.99145,0.00892509,5.00742
3.94178,0.00914392,4.95826
3.99168,0.0137914,5.01368
4.00344,0.013697,5.03286
4.00572,0.0142492,5.03531
4.02601,0.0139212,5.05204
4.04263,0.014737,5.0641
3.92211,0.0084342,4.93657
4.00886,0.00858925,5.02547
4.0315,0.013471,5.05333
3.91379,0.0136567,4.93687
3.99754,0.0136918,5.02133
3.96437,0.00883407,4.98385
3.92414,0.00560024,4.94714
4.0044,0.0140044,5.03505
3.93914,0.005366,4.95432
3.99536,0.00532635,5.01318
3.96085,0.00567643,4.98864
3.95023,0.00528457,4.9747
3.93179,0.0135416,4.95595
3.93073,0.00925413,4.9478
4.0772,0.014331,5.10375
3.99004,0.013731,5.0119
3.9387,0.00530775,4.95513
4.04149,0.00907823,5.05934
3.94061,0.00664701,4.9555
3.99961,0.0141932,5.02465
3.99001,0.0141297,5.0247
3.99632,0.00538699,5.01053
4.02724,0.0169467,5.04982
4.01724,0.00524622,5.03402
3.99633,0.0139581,5.01873
3.92114,0.0143627,4.95728
4.04077,0.00521716,5.05257
3.97894,0.00931191,4.9996
3.9225,0.0050364,4.94302
4.00955,0.0101614,5.03475
4.01296,0.0144408,5.04013
4.05754,0.00537529,5.07501
3.97336,0.00892498,4.99637
3.93709,0.0142831,4.96486
4.03968,0.00544328,5.05976
4.00535,0.0152382,5.0297
4.03363,0.00938455,5.04895
3.96073,0.0147327,4.98549
3.97305,0.0134896,5.00003
4.01429,0.0138682,5.03962
4.02887,0.008232,5.04408
7 threads per task
3.99948,0.0140579,5.02524
4.0318,0.00904798,5.0497
4.02622,0.0138747,5.05157
3.99725,0.0092205,5.01547
4.06688,0.00864372,5.08496
3.94449,0.00965438,4.9671
3.99076,0.0133878,5.01329
3.95029,0.00630159,4.96541
4.05525,0.00537258,5.07457
3.98193,0.00521936,4.99744
3.93714,0.0134688,4.96789
3.90974,0.00889147,4.9286
4.01542,0.00907353,5.0317
4.04811,0.00937003,5.06811
4.03096,0.0158745,5.05649
3.94466,0.00862576,4.97885
4.00258,0.00936957,5.01922
4.00838,0.0141437,5.03293
4.02259,0.0141666,5.04591
3.93346,0.0139158,4.95872
3.93163,0.0060946,4.95474
3.89729,0.00672244,4.9168
3.99723,0.0136661,5.02245
3.9869,0.00658579,5.00448
4.00355,0.00867474,5.03205
3.98199,0.0139651,5.00803
4.01016,0.0139756,5.04287
3.95044,0.0134378,4.97753
4.1359,0.00670143,5.16148
3.95581,0.00840692,4.97403
4.0454,0.0146129,5.06941
3.93454,0.00901243,4.95536
4.09906,0.0136222,5.13522
3.93696,0.0092819,4.96427
4.04014,0.0139848,5.0645
4.00312,0.00863797,5.02377
3.93915,0.00876416,4.95649
3.92791,0.00697336,4.94921
4.11698,0.0148023,5.13906
3.99258,0.00540212,5.00856
4.00574,0.00530456,5.02186
4.02294,0.00853117,5.03912
3.986,0.00571877,5.00439
4.01386,0.0088442,5.02962
3.92827,0.0142386,4.95189
3.99122,0.014235,5.01702
4.00485,0.01486,5.02643
4.03927,0.014931,5.06062
4.09289,0.00708598,5.10686
4.35712,0.00891576,5.37919
4.0037,0.014203,5.02748
8 threads per task
3.97047,0.0052171,4.9849
3.98991,0.00677361,5.00479
4.10494,0.0052911,5.1147
3.91163,0.0051194,4.92783
3.9514,0.0069814,4.96156
3.96133,0.00689961,4.97878
4.01838,0.00669179,5.0348
3.99754,0.00537158,5.01208
3.93749,0.0066796,4.95066
4.04159,0.00533384,5.05753
3.95101,0.00666675,4.97127
4.08728,0.00553059,5.10896
4.04932,0.00538937,5.06772
3.9372,0.00987286,4.96277
3.98247,0.00674539,5.00381
4.03886,0.00526562,5.05329
3.99826,0.00536327,5.01462
4.00877,0.00688343,5.03268
3.99863,0.00516883,5.01243
3.94578,0.00523542,4.96518
3.92877,0.00531569,4.94749
3.95065,0.00569582,4.97141
4.04408,0.00505635,5.06376
5.20209,0.0054502,6.21931
4.00547,0.00644771,5.02497
4.06958,0.00546231,5.08823
4.15918,0.00676166,5.18636
4.0224,0.00670248,5.04106
3.96435,0.00535648,4.99189
3.99841,0.00670076,5.02008
4.10477,0.00528343,5.12196
4.0034,0.00587912,5.02313
3.93427,0.00696368,4.95893
4.00125,0.00542091,5.01667
3.94141,0.00518768,4.97894
4.01871,0.00528248,5.03318
4.10415,0.00522156,5.12545
3.99388,0.00521554,5.00924
3.92815,0.00670535,4.94161
4.099,0.00669455,5.11335
3.92792,0.00664041,4.94436
4.02716,0.00549791,5.04603
4.01703,0.00526344,5.04786
3.93279,0.00664819,4.94996
3.95178,0.00535288,4.96762
3.9502,0.00681693,4.96464
4.00453,0.00531937,5.01873
4.00317,0.00516717,5.01862
3.97886,0.00525381,4.99615
4.0177,0.00689081,5.03309
3.92432,0.00668476,4.9501
