Bash version 4.2.46(1)-release...
2 tasks per node
1 threads per task
6.60048,0.00470625,7.66273
3.81114,0.00751638,4.86849
3.79685,0.0123748,4.85662
3.83106,0.00716592,4.87783
3.92887,0.0108759,4.9992
3.89165,0.00713411,4.94862
3.87078,0.00585692,4.92238
3.87361,0.00893535,4.96358
3.80303,0.00127829,4.86988
3.81582,0.000979574,4.85637
3.8298,0.0108349,4.89126
3.86773,0.00100723,4.93975
3.89363,0.000992471,4.94103
3.87221,0.00614938,4.93937
3.89335,0.0152008,4.94374
3.89523,0.00111496,4.95366
3.88184,0.000979422,4.94395
3.87794,0.00824257,4.9444
3.92763,0.00255974,5.00303
3.96911,0.0142766,5.03564
3.86919,0.0130078,5.00096
3.89221,0.010409,4.96764
3.88453,0.00429377,4.92791
3.80619,0.0132623,4.87939
3.83578,0.0110548,4.92207
3.90904,0.000975613,4.9532
3.94404,0.00294638,5.00907
3.81073,0.00608414,4.86086
3.89027,0.014431,4.95443
3.8759,0.000907455,4.92032
3.88041,0.0101006,4.94352
3.81799,0.00114577,4.85592
3.8749,0.0116829,4.93974
3.88648,0.0122289,4.94962
3.96036,0.000907976,5.02321
3.80679,0.00755279,4.87496
3.88862,0.0111083,4.95449
3.82271,0.00275877,4.86418
3.79926,0.00223833,4.85987
3.80097,0.00116877,4.87152
3.90336,0.00768483,4.9777
3.88223,0.00358738,4.93992
3.83591,0.0101349,4.89047
3.80126,0.010071,4.94361
3.88832,0.00278924,4.97216
3.83348,0.00465731,4.88515
3.88568,0.0074751,4.94172
3.80026,0.00434417,4.87252
3.80961,0.00483124,4.85367
3.88027,0.00819165,4.93366
3.89107,0.00635744,4.94925
2 threads per task
3.86798,0.0118144,4.93654
3.86874,0.0103093,4.92873
3.79929,0.0146308,4.8638
3.84143,0.0118004,4.90319
3.81492,0.0135148,4.87348
3.88562,0.0103752,4.93593
3.87543,0.0135043,4.95392
3.83093,0.0115138,4.88933
3.96323,0.011156,5.02016
3.83911,0.0116633,4.90031
3.84263,0.00842581,4.89122
3.91003,0.00866158,4.96487
3.8896,0.00847663,4.95443
3.83812,0.0148423,4.90371
3.88694,0.0131831,4.94414
3.84256,0.0119904,4.89314
3.87468,0.0103981,4.95814
3.81608,0.0120544,4.88835
3.81485,0.0157391,4.89097
3.88521,0.0141279,4.94481
3.80634,0.00996813,4.86072
3.89692,0.0133688,4.94627
3.78554,0.00868092,4.83705
3.84168,0.0149408,4.90765
3.9322,0.0114109,4.99123
3.89799,0.0127168,4.99615
3.89256,0.0128999,4.94992
3.88034,0.0129988,4.93903
3.88537,0.0195601,4.99292
3.82373,0.0147119,4.91446
3.85273,0.015081,4.92026
3.91198,0.0106129,4.96186
3.88096,0.00507744,4.94792
3.88005,0.0104466,4.9469
3.92863,0.00852298,4.98647
3.88034,0.00992949,4.96265
3.83491,0.0131715,4.89687
3.92512,0.00927751,4.98375
3.90292,0.0102775,4.96224
3.89644,0.0141572,4.95491
3.88111,0.0129367,4.93354
3.86232,0.011513,4.93599
3.8781,0.00691657,4.92859
3.86616,0.00956882,4.90449
3.87012,0.0101696,4.95458
3.85129,0.0126657,4.9312
3.81582,0.0119207,4.88083
3.82044,0.0165791,4.88916
4.01106,0.00810544,5.06569
3.80756,0.0156032,4.87113
3.93184,0.00952068,4.9848
3 threads per task
3.81315,0.0155851,4.8732
3.8892,0.0137037,4.97222
3.80082,0.00923665,4.87227
3.76981,0.0122814,4.82598
3.88107,0.0101147,4.93178
3.86388,0.0124855,4.94544
3.79986,0.0128561,4.86811
3.80976,0.0148012,4.87398
3.89542,0.0159751,4.96044
3.83233,0.0190316,4.91239
3.87349,0.011777,4.92996
3.85997,0.0169634,4.93806
3.8091,0.00976817,4.86515
3.88851,0.0107564,4.97248
3.91006,0.0116827,4.99081
3.8038,0.00964807,4.87242
3.80561,0.0111003,4.87043
3.88641,0.0150088,4.95539
3.80579,0.0124833,4.86951
3.85803,0.00875876,4.91829
3.92022,0.0161939,5.01294
3.82619,0.0148621,4.90282
3.88305,0.0137635,4.93906
4.06269,0.0142442,5.14571
3.83327,0.0113643,4.8897
3.81446,0.00910125,4.87156
3.82121,0.0139315,4.87437
3.90646,0.0132126,4.98102
3.97639,0.00502826,5.03769
3.91128,0.0102033,4.96024
3.89252,0.00907467,4.95517
3.81532,0.00974058,4.8596
3.81021,0.0132161,4.87646
3.90786,0.0146934,4.96176
3.84769,0.00592397,4.89898
3.90265,0.0108202,5.01078
3.86531,0.0101054,4.93255
3.87913,0.0125141,4.93318
3.85515,0.0109782,4.91986
3.89391,0.0134261,4.97995
3.87756,0.016672,4.97544
3.91009,0.0100155,4.9651
3.91372,0.00969458,4.96479
3.90183,0.00913378,4.97379
3.78696,0.00971732,4.84208
3.93397,0.0143576,5.00475
3.82382,0.0108962,4.88429
3.86052,0.01767,4.93641
3.88192,0.0126373,5.00446
3.87911,0.0089669,4.93295
3.93697,0.011434,5.0091
4 threads per task
3.8841,0.0103749,4.96565
3.80407,0.0102934,4.85302
3.81874,0.00978838,4.86556
3.89547,0.0129195,4.95502
3.89847,0.0143919,5.00036
3.80569,0.0121595,4.86553
3.87824,0.00857257,4.93451
3.85252,0.0167717,4.96602
3.89065,0.00899371,4.94728
3.88935,0.0128824,4.96292
3.90513,0.0162422,4.9725
3.86204,0.00658538,4.90858
3.8228,0.00999328,4.87928
3.89389,0.00973797,4.98444
3.88256,0.0076707,4.94626
3.98763,0.0139153,5.03747
3.9445,0.0136154,5.00224
3.92641,0.0129455,4.9876
3.89252,0.0138677,4.97297
3.87547,0.00934034,4.93186
3.83547,0.0106397,4.88778
3.83547,0.00821427,4.89348
3.81433,0.0151963,4.88672
3.82283,0.0141455,4.88527
3.84021,0.0107167,4.88929
3.8119,0.00961053,4.87697
3.80179,0.0133264,4.86147
3.82451,0.0130581,4.88542
3.90812,0.0188903,4.98957
3.94336,0.00500407,5.00662
3.93446,0.0156701,4.98964
3.83432,0.00754151,4.90583
3.81534,0.00862162,4.86125
3.84281,0.0125439,4.91469
3.95954,0.0125725,5.04048
3.81786,0.0116056,4.88472
3.81138,0.0182254,4.90591
3.81287,0.0108698,4.93443
3.87051,0.0166074,4.93134
3.8322,0.0122309,4.88714
3.86975,0.0122185,4.93013
3.81034,0.01393,4.883
3.82097,0.00803272,4.87457
3.87858,0.0124929,4.93197
3.96488,0.00908939,5.02742
3.87961,0.00904902,4.93894
3.8107,0.0141433,4.89698
3.92189,0.0146584,5.01058
3.83671,0.0166721,4.91879
3.80861,0.0137734,4.8766
3.81232,0.0119358,4.86486
5 threads per task
3.81946,0.0127199,4.87718
3.87008,0.0105793,4.94024
3.80418,0.0168709,4.86872
3.80241,0.0123049,4.89377
3.93283,0.0123355,4.98854
3.80762,0.0114279,4.86253
3.85896,0.00964638,4.93032
3.82737,0.0119698,4.87968
3.87864,0.0144915,4.96674
3.78968,0.0137783,4.87824
3.90343,0.0073557,4.98409
3.82531,0.00721124,4.86829
3.87905,0.0127708,4.93222
3.81731,0.0198,4.88593
3.91196,0.0122597,4.96915
3.79825,0.0107327,4.89823
3.86596,0.0106349,4.91681
4.6805,0.0107135,5.73456
4.00279,0.0128737,5.06893
3.9132,0.0105281,4.9748
3.81651,0.0118941,4.8644
3.76948,0.0103481,4.81842
3.82555,0.0115963,4.90665
3.83758,0.0121611,4.89258
3.88016,0.0121449,4.93606
3.89006,0.0164578,4.9915
3.77503,0.00942086,4.85385
3.9785,0.00869297,5.06393
3.81142,0.0124675,4.86484
3.79158,0.0183083,4.86978
3.86174,0.0152057,4.94144
3.85796,0.016681,4.93832
3.89176,0.0127668,4.95138
3.86252,0.0106578,4.91808
3.92931,0.0134417,4.99252
3.87089,0.0164626,4.93895
3.80445,0.0191925,4.90161
3.85883,0.00999539,4.9196
3.82035,0.0167078,4.88558
3.80129,0.0118064,4.8649
3.81401,0.0119682,4.8618
3.78119,0.00483119,4.82781
3.82216,0.0104069,4.89114
3.8987,0.00654621,4.95435
3.87644,0.0122048,4.94144
3.90032,0.010466,4.97453
3.80286,0.00976452,4.85281
3.81348,0.01282,4.88566
3.78716,0.00940333,4.8478
3.83279,0.0153318,4.90109
3.82533,0.00957348,4.88194
6 threads per task
3.87225,0.0109733,4.93754
3.87836,0.0130911,4.95666
3.85288,0.0102037,4.92759
3.81257,0.0119756,4.86982
3.88099,0.015026,4.93747
3.9995,0.0147116,5.12668
3.82973,0.0141217,4.89882
3.87815,0.0068589,4.9264
3.87941,0.0110413,4.94974
3.8244,0.0110237,4.9333
3.91419,0.00867707,4.95985
3.87363,0.0123814,4.92285
3.91985,0.0129362,4.98711
3.78447,0.00749638,4.83033
3.86731,0.0157955,5.01642
3.90141,0.0146228,4.96033
3.84373,0.0170955,4.92536
3.93626,0.00830772,4.9814
3.81602,0.0177162,4.91712
3.84074,0.0134644,4.90217
3.81814,0.0117578,4.87656
3.82186,0.0154316,4.89958
3.88091,0.0120831,4.95607
3.80457,0.0113733,4.8538
3.8496,0.0135968,4.8992
3.87606,0.00862465,4.9316
3.8212,0.0091556,4.88784
3.89022,0.00927353,5.02189
3.82849,0.0145231,4.88615
3.87437,0.0090891,4.95293
3.83835,0.0111507,4.89576
3.90682,0.0158165,4.98974
3.77574,0.00501567,4.82351
3.84767,0.0118199,4.92591
3.97525,0.0181592,5.05003
3.88743,0.0122157,4.95681
3.87174,0.0123077,4.92327
3.80252,0.0126093,4.85511
3.80589,0.0154837,4.87512
3.81897,0.0133698,4.89074
3.82983,0.0115643,4.91222
3.87729,0.0158911,4.94052
3.80158,0.0121818,4.86721
3.81673,0.0130954,4.88309
3.86174,0.0054928,4.92977
3.97831,0.0150202,5.06009
3.86944,0.0136356,4.92654
3.87487,0.0112197,4.933
3.81918,0.010618,4.88021
3.87801,0.0134103,4.94362
3.82876,0.00824559,4.90808
7 threads per task
3.81149,0.00767441,4.85864
3.88911,0.0102302,4.9545
3.87403,0.0106585,4.9934
3.81174,0.00702859,4.86085
3.85676,0.00924453,4.90637
3.89992,0.0121832,4.97859
3.89665,0.00928278,4.99082
3.89402,0.012272,4.9657
3.82551,0.00831622,4.87893
3.86797,0.0121344,4.92839
3.80944,0.00926886,4.87154
3.88753,0.0195528,4.99526
3.92182,0.0114523,5.00951
3.84519,0.0136697,4.90696
3.78136,0.0113199,4.83725
3.88221,0.0143586,4.97107
3.86992,0.0121863,4.97625
3.88469,0.0154896,4.95271
3.92555,0.0116132,4.97344
3.90397,0.010425,4.9682
3.90841,0.0131836,4.96357
3.88359,0.0152922,4.94875
3.88741,0.0151984,4.96321
3.87706,0.00928773,4.97046
3.8316,0.0124793,4.90216
3.8069,0.0139226,4.86203
3.81019,0.0108959,4.88437
3.84009,0.00808744,4.89477
3.96554,0.0112244,5.00685
3.97654,0.0101571,5.04676
3.87044,0.0088779,4.91793
3.87809,0.0141942,5.00799
3.87797,0.0144534,4.97493
3.88249,0.0180785,4.98832
3.89262,0.0117089,4.94543
3.80589,0.0155671,4.85088
3.8772,0.0122594,4.9349
3.86463,0.0102376,4.91847
3.81574,0.012946,4.9053
3.85951,0.0087353,4.91073
3.87186,0.0142443,4.93994
3.80633,0.0129195,4.86514
3.85291,0.0168248,4.91976
3.80395,0.0106209,4.85825
3.95139,0.00968876,5.00188
3.88305,0.00673851,4.93806
3.87354,0.0160897,4.969
3.81012,0.0116468,4.86619
3.87121,0.00855326,4.92884
3.91808,0.0126682,4.97988
3.82287,0.00987562,4.89184
8 threads per task
3.88883,0.0146683,4.93598
3.82559,0.0114184,4.89798
3.88713,0.00872056,4.94081
3.96186,0.0120891,5.04607
3.88083,0.0114532,4.96281
3.79502,0.00874878,4.84962
3.89785,0.011347,4.94667
3.83551,0.0173296,4.90242
3.88508,0.0130806,4.9581
3.82076,0.0109914,4.88013
3.79607,0.00947852,4.84754
3.87532,0.0125118,4.95477
3.81745,0.0162826,4.89429
3.87276,0.0223399,4.92877
3.87467,0.00937952,4.92365
3.91435,0.0135831,4.97793
3.79075,0.0130756,4.85303
3.83149,0.0124267,4.89709
3.81456,0.00576341,4.87077
3.88199,0.0112754,4.94331
3.8069,0.0136699,4.86528
3.87582,0.0126877,4.93076
3.91526,0.013261,4.98109
3.80725,0.0160343,4.85808
3.82114,0.0115695,4.92918
3.81968,0.0119614,4.8731
3.8804,0.00672271,4.92895
3.80606,0.00830803,4.85832
3.83092,0.00603328,4.87405
3.89116,0.00879982,4.93673
3.81038,0.0141747,4.86878
3.87015,0.014538,4.93245
3.86999,0.0086066,4.91813
3.84956,0.010546,4.90272
3.91011,0.012193,4.95709
3.83161,0.0104911,4.88924
3.86487,0.0126292,4.92713
3.78525,0.0086975,4.84503
3.79092,0.00833278,4.84459
3.87713,0.0125703,4.92438
3.86627,0.00790774,4.92112
3.8657,0.0141287,4.91563
3.87308,0.0128345,4.93233
3.859,0.0160816,4.93978
3.81421,0.0122093,4.87089
3.81643,0.0128295,4.89582
3.88747,0.0127286,4.9608
3.87468,0.0162746,4.93042
3.79913,0.00618144,4.84789
3.88261,0.0114182,4.94464
3.82802,0.0156422,4.92308
