Bash version 4.2.46(1)-release...
4 tasks per node
1 threads per task
6.51793,0.00206863,8.04112
6.41656,0.00205183,7.93317
6.48742,0.00210191,8.00934
6.40352,0.00180817,7.92081
7.27603,0.00165504,8.78257
6.51647,0.00178595,8.08252
6.41328,0.00193639,7.93896
6.38977,0.00171507,7.90036
6.31142,0.0020228,7.88005
6.44309,0.00210021,7.99269
6.32563,0.00204498,7.83247
6.34713,0.00187216,7.87111
6.40777,0.00193943,7.92429
6.39514,0.00202736,7.90525
6.29098,0.00200358,7.80403
6.52924,0.001749,8.06045
6.41762,0.00179574,7.93361
6.37008,0.00204714,7.90934
6.57675,0.0017202,8.14352
6.32136,0.00176886,7.83542
6.50428,0.00183896,8.02025
6.38709,0.00178219,7.96967
6.43376,0.0020746,7.96042
6.62854,0.00203824,8.14814
6.49803,0.00174017,8.02054
6.35346,0.00184644,7.87025
6.67962,0.00182047,8.18618
6.45616,0.00209902,7.98671
6.45742,0.0017444,7.96586
6.33888,0.00204925,7.85348
6.38264,0.00189293,7.88988
6.43579,0.00208154,8.00914
6.45514,0.00200142,7.96204
6.52254,0.0017153,8.03847
6.28527,0.00172911,7.80317
6.47347,0.00178418,7.98086
6.56223,0.00197499,8.0887
6.47065,0.00192177,7.98729
6.63299,0.00178642,8.1534
6.33894,0.00200284,7.85498
6.41664,0.00202865,7.94168
6.57356,0.00194772,8.13756
6.45358,0.00186099,7.96793
6.33505,0.00190349,7.8606
6.37622,0.00178745,7.94683
6.50411,0.00206111,8.0268
6.51026,0.00223201,8.01755
6.36564,0.0020302,7.87197
6.32221,0.00197221,7.85325
6.41736,0.00192102,7.93231
6.55518,0.00219841,8.06424
2 threads per task
6.30692,0.00175865,7.82959
6.41865,0.0014388,7.94026
6.42888,0.0016821,7.94657
6.3268,0.00190397,7.90218
6.39676,0.00162889,7.92056
6.3904,0.00142875,7.90463
6.40482,0.00172532,7.9248
6.37098,0.00143719,7.87905
6.42235,0.00174482,7.9449
6.62927,0.00162505,8.14763
6.83778,0.00173543,8.36694
6.44136,0.00206656,7.94786
6.60559,0.00137756,8.14488
6.53944,0.00160283,8.09591
6.38346,0.00169208,7.89866
6.26883,0.00222228,7.7866
6.33481,0.00140981,7.93048
6.47806,0.00141475,8.01453
6.48523,0.00171748,8.0162
6.38144,0.00147788,7.89702
6.31315,0.00169983,7.83426
6.39788,0.00230682,7.92637
6.42051,0.00141815,7.95324
6.56893,0.00159113,8.08304
6.44168,0.00152689,7.95581
6.45469,0.00141022,7.97222
6.57192,0.00183451,8.15321
6.4131,0.00174538,7.92058
6.627,0.00174886,8.14872
6.3633,0.00145562,7.92378
6.46167,0.00140109,7.97299
6.42903,0.00236052,7.96042
6.26896,0.0016838,7.78305
6.49238,0.00142651,8.00127
6.35288,0.0014378,7.86969
6.41761,0.00245977,7.92908
6.41313,0.00139462,7.94017
6.43626,0.0016464,7.94556
6.30534,0.00157656,7.82222
6.43004,0.00198976,7.98754
6.33073,0.002132,7.85985
6.30017,0.00155996,7.81311
6.35337,0.00156647,7.90341
6.49899,0.00146193,8.02048
6.30966,0.00143751,7.82711
6.46954,0.00173299,7.98381
6.33374,0.00195623,7.85789
6.37021,0.0024245,7.89432
6.42522,0.00171159,7.93454
6.2271,0.00144627,7.79709
6.43921,0.00203773,7.97689
3 threads per task
6.29722,0.00170559,7.8387
6.43003,0.0012999,7.95458
6.47867,0.00125756,8.0036
6.62587,0.00161628,8.1346
6.38243,0.00143337,7.89866
6.39679,0.00183655,7.93025
6.36095,0.00155312,7.8848
6.27792,0.00124732,7.78462
6.5148,0.0011848,8.0362
6.58402,0.00141522,8.10164
6.69364,0.00186955,8.20154
6.52256,0.00141628,8.09627
6.4826,0.0014804,8.00013
6.37639,0.00121205,7.89221
6.45754,0.00151654,7.97697
6.44346,0.00125466,7.94774
6.52413,0.00145994,8.03807
6.34131,0.0014888,7.84664
6.44276,0.00124025,7.97006
6.38764,0.0014148,7.91674
6.4251,0.00115571,7.94048
6.30369,0.00130746,7.87342
6.30547,0.00124238,7.81043
6.40875,0.00193461,7.92445
6.38205,0.00143181,7.95864
6.31754,0.0015056,7.82116
6.52891,0.00129502,8.05034
6.46463,0.00144259,7.97773
6.30615,0.00125942,7.82883
6.51881,0.00120738,8.04235
6.50678,0.00216401,8.02084
6.29491,0.00124263,7.80917
6.64835,0.00120853,8.16086
6.39491,0.00244959,7.91006
6.41547,0.00166375,7.94718
6.40754,0.00151421,7.91403
6.45069,0.0011776,7.97919
6.29938,0.0014302,7.8129
6.42437,0.001446,7.92953
6.43073,0.00156926,7.9527
6.46248,0.00121374,7.98269
6.27096,0.00151935,7.80034
6.28523,0.00120649,7.81684
6.25456,0.00164576,7.76715
6.49219,0.00150322,8.00807
6.40673,0.00150497,7.93641
6.45196,0.00167794,7.9855
6.51117,0.00122115,8.02083
6.5777,0.00204879,8.08939
6.38269,0.00153378,7.94959
6.4593,0.0012576,7.97374
4 threads per task
6.45313,0.00228173,7.96864
6.33435,0.00138872,7.92144
6.36975,0.00105887,7.89259
6.38104,0.00126736,7.88868
6.44183,0.00248464,7.96535
6.47117,0.00186795,7.98943
6.62192,0.00150416,8.15569
6.44555,0.00402341,7.9695
6.46806,0.00132999,7.98063
6.44931,0.00248923,7.9645
6.3864,0.00154007,7.90054
6.41288,0.00107127,7.9881
6.48285,0.00153357,7.9985
6.28534,0.00177635,7.80107
6.48006,0.00196022,8.038
6.40908,0.00117636,7.93331
6.31104,0.000986482,7.81557
6.30211,0.00156495,7.81642
6.28349,0.00230146,7.80068
6.44005,0.00137998,7.9581
6.46424,0.00226803,7.9711
6.28946,0.00228608,7.85759
6.46999,0.00160063,8.00101
6.39772,0.0012793,7.91302
6.38426,0.00152973,7.89979
6.39554,0.00127679,7.90991
6.3115,0.0010599,7.85285
6.30017,0.00192656,7.82671
6.40656,0.00203079,7.92587
6.47171,0.00161482,7.97895
6.48862,0.00211576,8.00681
6.37345,0.00225953,7.90179
6.3703,0.00156771,7.88615
6.41933,0.00113043,7.94153
6.45398,0.0021068,8.01754
6.43382,0.0021264,7.95609
6.50374,0.00221775,8.02053
6.45631,0.00222239,7.97025
6.31952,0.00214645,7.84493
6.42007,0.00133221,7.92711
6.30102,0.00248177,7.81273
6.56091,0.00221132,8.07832
6.39917,0.00272415,7.91336
6.6705,0.00226755,8.19981
6.38368,0.0022301,7.94229
6.42205,0.00200158,7.9354
6.50073,0.00210355,8.02776
6.41401,0.0021761,7.94339
6.43345,0.0015169,7.96448
6.49545,0.00137281,8.0178
6.28435,0.00135166,7.80231
5 threads per task
6.37724,0.0146017,7.90114
6.42705,0.0136763,7.97059
6.45997,0.00378706,7.97628
6.42515,0.00394969,7.9577
6.48834,0.0042541,8.00049
6.31452,0.00543069,7.838
6.63782,0.00423231,8.15515
6.36661,0.00521611,7.87761
6.42063,0.0109172,7.939
6.4265,0.00401516,7.95384
6.50846,0.00401529,8.07241
6.53948,0.0045675,8.06341
6.5134,0.00526752,8.03323
6.45894,0.00428613,7.97143
6.38243,0.00393748,7.892
6.3746,0.00434253,7.88435
6.37304,0.00400869,7.91622
6.42026,0.00547094,7.93215
6.40912,0.00470284,7.93397
6.42624,0.00431703,7.95518
6.38865,0.00408915,7.95798
6.23827,0.00528148,7.74636
6.30496,0.00410376,7.83141
6.47507,0.00482309,7.99709
6.3421,0.00927003,7.85935
6.56777,0.00389406,8.07921
6.48871,0.00458917,8.00812
6.75033,0.00384594,8.27786
6.37228,0.00528825,7.88839
6.48676,0.00550733,8.02229
6.50991,0.00530698,8.03406
6.3681,0.0139106,7.95546
6.42966,0.00405741,7.96481
6.35862,0.00502229,7.87964
6.43906,0.00503718,7.99862
6.40126,0.00424137,7.92123
6.37436,0.00372721,7.90168
6.25004,0.00454155,7.77375
6.47531,0.00393497,7.98629
6.70744,0.00403851,8.22691
6.40704,0.00404046,7.9485
6.30818,0.00460778,7.87594
6.36128,0.00434834,7.87714
6.27649,0.00394229,7.7979
6.40252,0.00529489,7.92214
6.33382,0.00529458,7.84728
6.53564,0.00537035,8.05713
6.44359,0.00385985,7.95484
6.41279,0.00428331,7.98084
6.45745,0.00459741,7.96895
6.25553,0.014172,7.79005
6 threads per task
6.33144,0.00691487,7.87091
6.5897,0.00520356,8.10225
6.54058,0.00687442,8.07603
6.26962,0.0051403,7.80064
6.39534,0.00539768,7.92315
6.45383,0.00689836,7.97851
6.58901,0.00527548,8.11475
6.3737,0.00538817,7.95899
6.49904,0.00549702,8.02165
6.29677,0.0042627,7.81937
6.31689,0.00549299,7.82961
6.40912,0.00535075,7.92874
6.47263,0.0055136,7.9977
6.6541,0.00533137,8.18587
6.56397,0.00535065,8.11816
6.36297,0.00565303,7.87468
6.51466,0.00549998,8.04304
6.50402,0.00549362,8.09473
6.50077,0.00563419,8.04501
6.42603,0.00529219,7.94153
6.37171,0.00522059,7.89597
6.31585,0.00542158,7.82586
6.3905,0.00514744,7.917
6.43055,0.00694938,7.96977
6.51168,0.00613217,8.07388
6.39636,0.00619638,7.93119
6.40167,0.00543688,7.94068
6.39376,0.005255,7.93021
6.53739,0.00534043,8.06891
6.42325,0.00519188,7.94263
6.3792,0.00707013,7.90303
6.38401,0.00559663,7.90522
6.42334,0.00532245,7.93443
6.50491,0.00529556,8.02393
6.45069,0.00525956,7.98783
6.29853,0.00525728,7.80825
6.45513,0.00871913,7.98416
6.50847,0.00547636,8.091
6.43275,0.00633908,7.94593
6.83859,0.00658652,8.35983
6.30376,0.00519444,7.90088
6.59477,0.00684536,8.10592
6.56162,0.00527843,8.077
6.35947,0.00529748,7.88736
6.30662,0.00530402,7.82317
6.43914,0.00558836,7.95031
6.44136,0.00517397,7.95363
6.57058,0.00536858,8.16107
6.45256,0.00904842,7.99102
6.4732,0.00551946,8.00143
6.47206,0.0135165,8.06231
7 threads per task
6.51343,0.00568339,8.03254
6.50096,0.00705205,8.02828
6.41365,0.00525559,7.94354
6.26276,0.00581147,7.78456
6.27263,0.0068792,7.78656
6.5193,0.00562305,8.0387
6.37089,0.00845636,7.94995
6.59208,0.00548751,8.10803
6.46928,0.0055342,7.99591
6.27961,0.0052778,7.85743
6.38234,0.00685384,7.90582
6.31153,0.00692066,7.83516
6.30703,0.00685795,7.81973
6.50004,0.00708511,8.04115
6.43372,0.00541851,7.96911
6.57336,0.00683799,8.08602
6.43314,0.00564391,7.94534
6.42354,0.0055066,7.93726
6.47334,0.00684117,7.99467
6.49851,0.00570854,8.07254
6.3938,0.0072847,7.91804
6.4024,0.00550013,7.93178
6.55873,0.00897796,8.13632
6.42078,0.00523283,7.93802
6.37402,0.00685482,7.90379
6.27022,0.00694232,7.8134
6.39846,0.0056268,7.93062
6.44501,0.00550703,7.97106
6.40511,0.00646309,7.92158
6.55434,0.00527296,8.13219
6.64497,0.00541271,8.18781
6.55083,0.00540804,8.07517
6.46374,0.00551776,7.98449
6.41754,0.00917023,7.94224
6.46404,0.00598908,7.98678
6.334,0.00581232,7.85922
6.42026,0.00534328,7.93375
6.46716,0.00546342,7.98306
6.53513,0.00562115,8.04935
6.24497,0.00697514,7.82087
6.41411,0.00528508,7.95762
6.43184,0.00691231,7.96976
6.45553,0.00698589,7.97547
6.3548,0.00554377,7.88804
6.36781,0.00693001,7.91406
6.40459,0.00706903,7.92142
7.02172,0.00519756,8.60235
6.42019,0.00526914,7.94102
6.36286,0.00522993,7.87132
6.52857,0.00545661,8.09684
6.42363,0.00542099,7.94573
8 threads per task
6.48469,0.0163022,8.02503
6.54533,0.00711167,8.07821
6.51974,0.00691637,8.04559
6.55654,0.00686723,8.09626
6.44307,0.00542599,7.97387
6.41087,0.00535305,8.01622
6.3668,0.00558844,7.89043
6.40411,0.00550745,7.94903
6.52346,0.00555337,8.09405
6.67603,0.00517843,8.18769
6.49074,0.0069973,8.01495
6.40582,0.00836269,7.92846
6.42514,0.00694391,7.94697
6.4143,0.00856694,7.92871
6.42231,0.00536153,7.93097
6.34515,0.0042228,7.90816
6.45407,0.00553681,7.97615
6.47897,0.00678239,7.99887
6.3667,0.00686859,7.95945
6.43823,0.00710482,7.96409
6.28731,0.00555402,7.81615
6.4066,0.00601775,7.92886
6.36549,0.00691146,7.88941
6.28702,0.00600655,7.80979
6.42287,0.00521639,7.96214
6.47234,0.00729102,8.02867
6.44919,0.00697869,7.97482
6.39331,0.00688134,7.92092
6.42046,0.00551448,7.95086
6.343,0.00417416,7.86857
6.50366,0.00519953,8.01818
6.4548,0.00572255,7.97891
6.40729,0.00640964,7.98308
6.37844,0.00705122,7.91022
6.26616,0.00537963,7.79148
6.39195,0.00528312,7.96493
6.29229,0.00537859,7.81336
6.49067,0.0069335,8.0221
6.41616,0.00533972,7.94991
6.48834,0.0054555,8.02811
6.39522,0.00702063,7.90774
6.42519,0.0040667,7.93513
6.56452,0.00889507,8.15808
6.48768,0.00564251,8.01639
6.53131,0.0070235,8.04987
6.41099,0.00523674,7.95667
6.35699,0.00535809,7.89517
6.53294,0.00531385,8.04448
6.34113,0.00550319,7.85273
6.4257,0.00728848,8.04567
6.25195,0.00705345,7.77251
