Bash version 4.2.46(1)-release...
1 tasks per node
1 threads per task
10.0919,0.0017237,11.7737
6.20909,0.00175304,7.88904
6.28195,0.00172526,7.96056
6.19963,0.00176834,7.87922
6.10783,0.00171456,7.78915
6.12592,0.0016848,7.80579
6.34396,0.00169399,8.02342
6.2229,0.00171676,7.89873
6.24251,0.00172593,7.92326
6.18774,0.00177219,7.86386
6.11755,0.00172335,7.79613
6.09958,0.00169735,7.77792
6.16791,0.00168734,7.84693
6.17906,0.00171474,7.85937
6.19033,0.00172293,7.87017
6.23728,0.00173393,7.9168
6.76003,0.00198044,8.44078
6.29129,0.0019653,7.96806
6.39639,0.00167372,8.07309
6.27099,0.00174371,7.94847
6.13717,0.00200482,7.81527
6.75151,0.00172723,8.42976
6.16248,0.00172673,7.84238
6.24307,0.00176465,7.9216
6.12019,0.00168903,7.8009
6.11859,0.00200023,7.79735
6.16881,0.00173741,7.84773
6.39278,0.00199496,8.07437
6.13846,0.00203693,7.81966
6.2167,0.00175884,7.89779
6.18249,0.00171774,7.8613
6.1313,0.0016778,7.80905
6.05563,0.00197314,7.73286
6.11156,0.00169838,7.79417
6.26513,0.00205861,7.94288
6.1853,0.00170339,7.86496
6.21193,0.00176246,7.88819
6.21208,0.0016938,7.891
6.12513,0.00179106,7.80303
6.39274,0.00167667,8.06891
6.15478,0.00169189,7.83337
6.11025,0.00168639,7.78726
6.20802,0.00201086,7.88742
6.21325,0.00182317,7.89207
6.21705,0.0020199,7.8954
6.18198,0.00185027,7.86064
6.06554,0.00169869,7.74319
6.31949,0.00175404,7.9972
6.19068,0.00171404,7.87123
6.11124,0.00169442,7.79051
6.07589,0.00170103,7.75482
2 threads per task
6.08848,0.0015254,7.76726
6.18198,0.00144959,7.8597
6.0857,0.00132849,7.7646
6.1856,0.00134217,7.86347
6.18354,0.00133784,7.86287
6.24601,0.00139344,7.92703
6.10334,0.00132749,7.78055
6.13524,0.00134339,7.81395
6.22769,0.00140506,7.90305
6.24244,0.00132219,7.91931
6.17766,0.00133118,7.85637
6.43144,0.00137714,8.1109
6.18355,0.00141121,7.86202
6.4424,0.00138858,8.12065
6.19691,0.00133825,7.8754
6.49655,0.00137969,8.17695
6.16952,0.00137238,7.84796
6.14457,0.0013715,7.82292
6.15472,0.00133344,7.8311
6.06741,0.00132743,7.74467
6.33197,0.00141648,8.01112
6.11341,0.00138252,7.79354
6.21816,0.0017138,7.89732
6.2048,0.00134119,7.88445
6.24942,0.00135295,7.92873
6.24797,0.0013638,7.92431
6.18637,0.00132127,7.86617
6.23542,0.00135873,7.91253
6.23595,0.00138908,7.91218
6.2062,0.00147531,7.8833
6.41353,0.00169468,8.09137
6.21215,0.00163651,7.88875
6.184,0.00137127,7.86206
6.15943,0.00134839,7.83802
6.13084,0.00137251,7.80904
6.11719,0.00141528,7.79464
6.15155,0.0013828,7.83282
6.15579,0.00136203,7.83439
6.44022,0.00142817,8.11917
6.33007,0.0013284,8.00908
6.16095,0.00136599,7.83921
6.33411,0.00139582,8.00909
6.05511,0.00136106,7.7333
6.46663,0.0013964,8.14539
6.23326,0.00136979,7.91163
6.08027,0.0013341,7.76007
6.52753,0.00140199,8.20394
6.29118,0.00137596,7.96817
6.21061,0.00137014,7.88662
6.24244,0.0013484,7.91979
6.19658,0.0013928,7.87376
3 threads per task
6.15792,0.00116662,7.83635
6.20946,0.00119244,7.88553
6.29688,0.00114757,7.97423
6.18991,0.00114541,7.86601
6.26159,0.00118373,7.94152
6.06745,0.00117056,7.74186
6.25516,0.00116056,7.93252
6.30232,0.00119745,7.98034
6.26792,0.00115447,7.94565
6.16252,0.00116551,7.83884
6.2536,0.00116166,7.9321
6.11734,0.00121433,7.79421
6.12805,0.00118289,7.80682
6.08268,0.00120093,7.76376
6.26249,0.00135609,7.94191
6.17931,0.00115532,7.85801
6.19505,0.00115659,7.87266
6.35196,0.00118742,8.03092
6.0623,0.00115243,7.74132
6.16337,0.00120089,7.84105
6.29132,0.00112833,7.97101
6.19504,0.00118628,7.87404
6.09786,0.00129787,7.77141
6.24337,0.00122191,7.92424
6.12228,0.00108707,7.80113
6.13421,0.00124213,7.81589
6.08425,0.00116845,7.7631
6.28484,0.00117627,7.96362
6.15299,0.00121258,7.82869
6.20229,0.00119844,7.88072
6.17898,0.00122468,7.8568
6.08645,0.00122991,7.76312
6.45945,0.00120348,8.13643
6.07503,0.00118226,7.74986
6.33852,0.00118512,8.01851
6.11818,0.0011547,7.79396
6.37828,0.00116209,8.05665
6.16869,0.00147377,7.84895
6.08918,0.00118283,7.76742
6.27666,0.00119822,7.95628
6.2235,0.00117492,7.90245
6.25082,0.00115246,7.92766
6.25594,0.00150845,7.93421
6.09957,0.00117482,7.77669
6.27458,0.0011751,7.95211
6.23126,0.00120154,7.9083
6.18282,0.00116902,7.8617
6.38478,0.00114191,8.06591
6.23154,0.00155735,7.90901
6.09051,0.00118135,7.76946
6.21353,0.00132385,7.89322
4 threads per task
6.81419,0.00112687,8.49342
6.09568,0.00107882,7.77488
6.27731,0.00103089,7.95391
6.15122,0.00106852,7.82763
6.18986,0.00105935,7.86902
6.1358,0.00104771,7.81457
6.12008,0.00102118,7.79599
6.10032,0.00102282,7.77816
6.26225,0.00106117,7.93764
6.13145,0.00104814,7.80813
6.29793,0.00103144,7.97881
6.15353,0.00134503,7.83139
6.14525,0.00106492,7.82246
6.24266,0.00102577,7.92237
6.1723,0.00112479,7.84991
6.40053,0.00118418,8.07794
6.11757,0.00103162,7.79587
6.18819,0.00102655,7.8689
6.27607,0.00104889,7.95134
6.24352,0.00104889,7.92101
6.21986,0.00117327,7.89698
6.21646,0.00103166,7.89564
6.2652,0.00102977,7.94265
6.23867,0.00135856,7.91741
6.27492,0.0010009,7.95141
6.14159,0.00105588,7.81847
6.2077,0.00106592,7.88711
6.23511,0.00101963,7.9132
6.19163,0.00104211,7.86866
6.39569,0.00106928,8.07286
6.1087,0.00109546,7.78844
6.27143,0.00105795,7.94962
6.24736,0.00106793,7.92397
6.21954,0.00105348,7.89833
6.28063,0.00102419,7.95885
6.30553,0.0010434,7.98167
6.10166,0.00102723,7.779
6.53844,0.00108852,8.21322
6.23876,0.00131316,7.91772
6.26189,0.00106884,7.94067
6.21631,0.00105147,7.89475
6.32471,0.00105634,8.00058
6.20102,0.0013741,7.87883
6.24014,0.001056,7.91682
6.16599,0.00116922,7.84489
6.1659,0.00107749,7.84089
6.28598,0.00105479,7.96528
6.27395,0.00102645,7.95129
6.25273,0.00110609,7.93154
6.17068,0.00106077,7.84614
6.12107,0.00110251,7.79772
5 threads per task
6.15767,0.00137878,7.83442
6.42003,0.00138365,8.09896
6.20731,0.000937657,7.88563
6.26222,0.000931296,7.93842
6.24405,0.000937842,7.92153
6.27084,0.00094704,7.9478
6.10583,0.000935027,7.78473
6.21547,0.000931362,7.89403
6.28896,0.000956155,7.96735
6.20783,0.00107885,7.88897
6.23785,0.00093063,7.91688
6.15425,0.000906963,7.83157
6.24541,0.00090687,7.92479
6.17326,0.000932503,7.85003
6.27336,0.000938399,7.95224
6.24185,0.00105071,7.92027
6.2611,0.000956163,7.94298
6.22629,0.000899894,7.9054
6.16397,0.00102428,7.84335
6.12469,0.000918632,7.80141
6.26328,0.00120367,7.93931
6.27554,0.000911837,7.95191
6.23191,0.000906322,7.90886
6.17875,0.000940656,7.85708
6.23445,0.000911385,7.91265
6.19375,0.000932707,7.86938
6.13951,0.000973957,7.81953
6.24495,0.000962427,7.92343
6.23351,0.000921482,7.91281
6.19527,0.000926575,7.8705
6.15708,0.00120471,7.83503
6.19696,0.000972269,7.87534
6.18942,0.000914373,7.86403
6.1342,0.000949675,7.81379
6.26739,0.000953054,7.94716
6.14937,0.000938822,7.82781
6.49217,0.0009029,8.17201
6.17059,0.000922641,7.84666
6.25397,0.000927502,7.92903
6.12102,0.000910703,7.79835
6.17613,0.000915645,7.85509
6.14213,0.000930326,7.82094
6.22749,0.00121734,7.90353
6.32587,0.000927422,8.0042
6.26721,0.000954902,7.94569
6.16478,0.00091324,7.84014
6.25964,0.000961892,7.94106
6.18759,0.000949262,7.86578
6.23119,0.000909232,7.91052
6.1368,0.00124201,7.81615
6.11822,0.000993371,7.79433
6 threads per task
6.24405,0.000818659,7.92223
6.406,0.000823706,8.08161
6.14944,0.000847682,7.82829
6.2156,0.000875482,7.89366
6.25909,0.000817923,7.93485
6.20917,0.000843419,7.88746
6.1868,0.000859026,7.86754
6.25746,0.00110738,7.93433
6.17952,0.00108254,7.8556
6.2011,0.00113878,7.87951
6.27979,0.000826584,7.95591
6.25053,0.000864984,7.92699
6.19497,0.000837427,7.87418
6.30904,0.000853725,7.98606
6.36271,0.000848401,8.04029
6.19238,0.000841688,7.86953
6.2215,0.000951016,7.89888
6.31631,0.000841159,7.99263
6.2183,0.000828279,7.89777
6.27809,0.000852417,7.95513
6.25747,0.000837643,7.93684
6.21185,0.000832461,7.88722
6.36541,0.000823123,8.04495
6.21609,0.000834029,7.89404
6.19115,0.000827614,7.86738
6.29373,0.000825396,7.97103
6.26892,0.000846747,7.94822
6.22337,0.00089048,7.90149
6.23945,0.000937428,7.91576
6.19361,0.000847707,7.87023
6.14539,0.000885341,7.8234
6.24881,0.00117119,7.92715
6.13664,0.000835819,7.81729
6.25112,0.000820244,7.92681
6.34375,0.00084764,8.02309
6.28434,0.000909628,7.96077
6.21513,0.000820788,7.89291
6.2648,0.000844575,7.94279
6.25445,0.000864102,7.93267
6.12593,0.000848122,7.80377
6.12796,0.000878187,7.80351
6.19418,0.000829017,7.87264
6.24028,0.000821613,7.91766
6.15178,0.000826173,7.82834
6.27546,0.00127547,7.95448
6.14247,0.000822406,7.82018
6.18967,0.000811359,7.86492
6.14437,0.000881644,7.82149
6.28753,0.00113612,7.96423
6.14503,0.000852169,7.82297
6.25369,0.000822823,7.92961
7 threads per task
6.24457,0.000828695,7.92375
6.42814,0.00108693,8.10584
6.13084,0.000908583,7.81104
6.15746,0.000821799,7.83249
6.28124,0.000783902,7.95854
6.14366,0.000822803,7.81962
6.26662,0.000832256,7.9422
6.16294,0.000836432,7.83735
6.38265,0.000829525,8.06046
6.18846,0.000918316,7.86613
6.29342,0.00082374,7.97071
6.15637,0.000772363,7.83492
6.12524,0.00106965,7.80506
6.25019,0.000822423,7.9265
6.16161,0.00107821,7.83969
6.17762,0.000770569,7.854
6.18505,0.00110778,7.86122
6.39992,0.000812253,8.07671
6.13891,0.000769705,7.81553
6.47941,0.000784814,8.15642
6.23856,0.000795616,7.9153
6.28056,0.000834679,7.95413
6.23427,0.00079992,7.90959
6.17853,0.00107784,7.85739
6.26787,0.000801943,7.94817
6.35066,0.000822283,8.02758
6.36607,0.00107635,8.04478
6.26742,0.000814276,7.94367
6.12496,0.000804303,7.80077
6.22392,0.000828594,7.90264
6.37194,0.000879692,8.04891
6.5913,0.000800775,8.27041
6.20553,0.000889987,7.88085
6.26565,0.000888932,7.94108
6.26511,0.000819398,7.94463
6.47095,0.000821907,8.15012
6.24069,0.000798423,7.91842
6.43627,0.000804124,8.11452
6.15481,0.000816597,7.83352
6.28689,0.000958268,7.96492
6.16847,0.00106287,7.84512
6.153,0.000796508,7.82975
6.23576,0.00081886,7.91306
6.14744,0.00081053,7.82631
6.38218,0.000915511,8.06103
6.17829,0.000823595,7.85723
6.21191,0.00107518,7.8924
6.28218,0.000783149,7.96076
6.29395,0.000772964,7.97064
6.18762,0.000816638,7.86868
6.24766,0.000824157,7.9274
8 threads per task
6.34997,0.000747163,8.03016
6.20763,0.00359448,7.88816
6.40823,0.00103069,8.08617
6.4699,0.000743749,8.14831
6.22211,0.000766058,7.9044
6.4997,0.00102246,8.17948
6.51172,0.000777038,8.18893
6.2625,0.000767577,7.93932
6.29815,0.00102641,7.97667
6.32911,0.000931881,8.00535
6.26861,0.00073204,7.94429
6.17129,0.000852732,7.84902
6.30794,0.000761649,7.98535
6.26985,0.000758493,7.9484
6.27639,0.000801556,7.95666
6.30421,0.00128037,7.98356
6.17187,0.000747321,7.84713
6.28696,0.000750709,7.96193
6.39566,0.000745067,8.0744
6.21503,0.000741184,7.89085
6.27441,0.000750924,7.95142
6.38658,0.000743695,8.06489
6.28856,0.00102183,7.96824
6.2208,0.00118188,7.89821
6.2846,0.000896737,7.96288
6.18967,0.000873948,7.87124
6.32254,0.000829995,8.00009
6.30862,0.000786288,7.98663
6.2846,0.000895591,7.96441
6.22755,0.000816593,7.90774
6.26559,0.000736957,7.94267
6.38705,0.00125396,8.06694
6.19832,0.000781702,7.87764
6.33608,0.000815194,8.01551
6.27277,0.000772811,7.95112
6.28219,0.000744216,7.96039
6.46315,0.000909461,8.14163
6.30667,0.000734929,7.98399
6.25424,0.000737129,7.93533
6.30106,0.00102233,7.97881
6.25475,0.000737695,7.93257
6.38185,0.000758145,8.06037
6.30771,0.00102992,7.98534
6.40693,0.000872206,8.08111
6.22514,0.000817064,7.90215
6.24308,0.000753831,7.92311
6.29372,0.000753721,7.97358
6.30453,0.000856072,7.98102
6.17381,0.000738146,7.85207
6.30881,0.000797011,7.98837
6.26971,0.00078495,7.95054
