Bash version 4.2.46(1)-release...
3 tasks per node
1 threads per task
3.21865,0.000213594,0.0057556,3.83567
1.79619,0.000212704,0.00691353,2.41172
1.78221,0.00021647,0.00580345,2.40175
1.81095,0.000214928,0.00668423,2.42541
1.83947,0.000211278,0.00590259,2.45651
1.85189,0.000231984,0.00645974,2.45933
1.79762,0.000212969,0.006697,2.41268
1.80461,0.00021864,0.00565519,2.4313
1.79623,0.000207497,0.00607259,2.40744
1.8246,0.000208518,0.00567427,2.44024
1.78763,0.000214881,0.00588012,2.40831
1.81308,0.000230521,0.00695896,2.43301
1.81171,0.000220914,0.00621357,2.4281
1.77851,0.000202227,0.006306,2.39002
1.78839,0.000214727,0.00603225,2.39842
1.82319,0.000208345,0.00595382,2.43253
1.80235,0.000208042,0.00591141,2.41112
1.81671,0.000213206,0.00668257,2.44938
1.79075,0.000213308,0.00651574,2.42418
1.81958,0.000209739,0.00651217,2.43171
1.82306,0.000239396,0.00577977,2.43853
2 threads per task
1.79612,0.00017552,0.00599267,2.40994
1.80291,0.000182147,0.00587146,2.42076
1.8155,0.000180861,0.00602362,2.43204
1.82198,0.000252532,0.00665055,2.43824
1.80288,0.000195896,0.00664039,2.41469
1.79717,0.000194776,0.00605205,2.40696
1.80403,0.000279784,0.00558484,2.42175
1.79668,0.000179383,0.00680192,2.41592
1.82979,0.000183379,0.0059715,2.44496
1.83837,0.000202065,0.00586819,2.44637
1.80425,0.000176367,0.00654359,2.42431
1.82601,0.000189419,0.00662417,2.44494
1.79248,0.000176794,0.00600219,2.40403
1.83585,0.000260967,0.00609422,2.45654
1.7894,0.000179593,0.00702505,2.40485
1.78495,0.000184448,0.0064611,2.4069
1.86909,0.000182934,0.00660876,2.47839
1.80468,0.000178074,0.00607852,2.41681
1.81685,0.000218766,0.00592323,2.43366
1.81248,0.000213264,0.00654011,2.42497
1.82163,0.000210496,0.0059399,2.43885
3 threads per task
1.82667,0.000223519,0.0060396,2.44455
1.80309,0.000210595,0.0060982,2.41912
1.8111,0.000144917,0.00594675,2.42231
1.80984,0.000159855,0.0061284,2.43294
1.78867,0.000180827,0.00614965,2.41146
1.81489,0.000159147,0.00673872,2.43633
1.80501,0.000157185,0.0064825,2.42139
1.80609,0.000172478,0.00596807,2.42279
1.81065,0.00017036,0.00732734,2.42684
1.81118,0.000144469,0.00716514,2.42257
1.84198,0.000153994,0.00611602,2.45373
1.80196,0.000169544,0.0066949,2.42681
1.80391,0.000176015,0.00566503,2.41864
1.8317,0.000178102,0.006214,2.46052
1.79303,0.000156483,0.00667157,2.40481
1.81063,0.000942817,0.00593655,2.42385
1.79344,0.000181242,0.00582989,2.40163
2.0268,0.000180629,0.00614009,2.63578
1.85675,0.000185982,0.00612476,2.4655
1.79579,0.000206261,0.00593744,2.41235
1.84325,0.000151468,0.0062253,2.45729
4 threads per task
1.80382,0.000130269,0.00631838,2.41584
1.78982,0.000176205,0.00596383,2.42117
1.80881,0.000162493,0.0060549,2.42182
1.79873,0.000151922,0.00608469,2.41658
1.81488,0.000192513,0.00635291,2.42874
1.80263,0.000191514,0.00594529,2.41664
1.80821,0.000158433,0.00594298,2.42536
1.81125,0.000155069,0.00634809,2.4236
1.8149,0.000140572,0.00713012,2.42942
1.80791,0.00015359,0.00578404,2.42475
1.80814,0.000179215,0.00640857,2.42213
1.79288,0.000160128,0.0064217,2.40854
1.83701,0.000144123,0.00797619,2.453
1.80308,0.000172836,0.00610074,2.4117
1.80587,0.000202953,0.00589444,2.42707
1.80324,0.000175555,0.00584143,2.41805
1.80235,0.000152303,0.00604724,2.43316
1.81285,0.000153183,0.00647672,2.42747
1.78964,0.00014885,0.00565918,2.40451
1.81821,0.000151925,0.00671751,2.42994
1.80761,0.000140418,0.00593263,2.42469
5 threads per task
1.81509,0.00344946,0.010424,2.45205
1.81979,0.00344683,0.00679858,2.43997
1.81083,0.00342029,0.00548775,2.43395
1.7819,0.00177514,0.0076464,2.4044
1.85765,0.00176657,0.00911723,2.47503
1.82462,0.00172287,0.0088277,2.43869
1.81426,0.00176678,0.00732407,2.42736
1.80675,0.00173987,0.00870079,2.42281
1.85258,0.00344837,0.00594752,2.4873
1.80745,0.00340087,0.00860812,2.42287
1.81378,0.00176825,0.00815063,2.43544
1.80747,0.000163297,0.00920175,2.42511
1.7977,0.00170769,0.00940447,2.41474
1.81614,0.00341996,0.00701325,2.44103
1.80336,0.00343921,0.00665865,2.4405
1.84368,0.00338706,0.00505908,2.46511
1.8354,0.00340518,0.00513135,2.45217
1.82928,0.00167977,0.00576657,2.4542
1.83563,0.00176163,0.00598191,2.44935
1.79041,0.0001768,0.00824624,2.40469
1.80216,0.00176046,0.00555438,2.41891
6 threads per task
1.8076,0.00341064,0.00648997,2.42798
1.82189,0.00342603,0.00645437,2.43788
1.79543,0.00174078,0.00929918,2.40922
1.81023,0.00338685,0.00649593,2.43588
1.80187,0.0139964,0.00184894,2.42916
1.7904,0.00336815,0.00673478,2.40614
1.79435,0.00467627,0.00650736,2.41371
1.82513,0.00339852,0.00558123,2.44324
1.80292,0.00340358,0.0126117,2.44317
1.80323,0.00341515,0.00569413,2.41635
1.80917,0.00175333,0.00871806,2.42747
1.80197,0.00381875,0.0128165,2.42511
1.81167,0.00337549,0.00718018,2.42531
1.79995,0.00174983,0.0177345,2.43231
1.83792,0.00339925,0.00624612,2.45281
1.84647,0.00181367,0.00814406,2.46368
1.81056,0.0034336,0.00683961,2.43608
1.85595,0.00335214,0.00750649,2.47721
1.81586,0.00337516,0.00592162,2.43081
1.84469,0.00178782,0.00767879,2.46472
1.81366,0.00344933,0.00714806,2.42393
7 threads per task
1.79937,0.00341841,0.00841221,2.41629
1.78939,0.00343938,0.00605483,2.41128
1.85096,0.00337314,0.00794888,2.47142
1.81234,0.00323956,0.00813947,2.43651
1.82887,0.00342476,0.00817421,2.45577
1.81009,0.00751876,0.00356304,2.42379
1.79279,0.00341072,0.00703879,2.40928
1.80753,0.00332876,0.0075068,2.42865
1.82764,0.00340402,0.00690241,2.44805
1.8042,0.00502748,0.00617065,2.42022
1.83485,0.00170358,0.00737091,2.45674
1.8184,0.00342383,0.00572043,2.43582
1.79049,0.00358345,0.0073811,2.40606
1.87804,0.00343953,0.00609884,2.49313
1.83669,0.00338243,0.00554483,2.45774
1.83246,0.00917627,0.00285532,2.44923
1.80817,0.0017823,0.0139413,2.42465
1.8215,0.00828575,0.00225223,2.44557
1.79384,0.0102576,0.00124169,2.42496
1.8262,0.00344178,0.00736886,2.43885
1.81513,0.00343306,0.00591063,2.43643
8 threads per task
1.80078,0.00489181,0.00443432,2.42035
1.81449,0.00514656,0.00441997,2.43351
1.80246,0.00341347,0.00600568,2.42049
1.79594,0.0034281,0.00607845,2.41296
1.83029,0.00342083,0.00659999,2.45282
1.8318,0.00343342,0.00621459,2.44951
1.80698,0.00348003,0.00655821,2.42514
1.82441,0.00342131,0.00746535,2.44126
1.80566,0.00341668,0.00668514,2.42732
1.79437,0.00342798,0.00569406,2.4138
1.82351,0.00340993,0.00896993,2.443
1.82942,0.00340933,0.00681533,2.45425
1.79226,0.00348228,0.0063907,2.40825
1.79176,0.00341393,0.0058239,2.40891
1.80682,0.00346361,0.00663269,2.42835
1.8237,0.00506334,0.00527329,2.43757
1.80884,0.00499184,0.00443529,2.42261
1.96421,0.0034188,0.00669917,2.57927
1.78713,0.00346335,0.00679569,2.40027
1.79301,0.00341664,0.00623069,2.42007
1.79103,0.00342394,0.00588096,2.40347
