Bash version 4.2.46(1)-release...
14 tasks per node
1 threads per task
10.6076,0.00249198,11.5879
7.18172,0.00204406,8.1581
7.00413,0.0020352,7.98237
7.03361,0.00209061,8.00996
7.16676,0.00209209,8.14821
7.01719,0.00227615,7.99486
6.90637,0.0020557,7.88659
7.16272,0.00200774,8.13909
7.14966,0.00197002,8.12669
7.00449,0.00191367,7.98418
7.09664,0.00201578,8.07588
7.00717,0.00200933,7.98584
7.10138,0.00211088,8.07939
7.02195,0.00199996,7.99894
7.02872,0.00200144,8.00776
6.99387,0.00246918,7.97354
7.0416,0.0021906,8.01924
6.99848,0.00243096,7.97606
7.10692,0.00189223,8.08943
7.1166,0.00214538,8.09598
7.06385,0.00244273,8.04198
7.01141,0.0022372,7.99073
7.53479,0.00222714,8.5119
6.96909,0.00189251,7.94815
6.93113,0.00207553,7.91113
6.9504,0.0021159,7.92767
6.99091,0.00246695,7.9693
6.99432,0.00240044,7.97252
7.00153,0.00214898,7.9776
6.96978,0.00192674,7.94699
7.04372,0.00199732,8.02086
7.14144,0.00213571,8.12002
7.00471,0.00193578,7.98405
6.91688,0.00208069,7.90514
7.04068,0.00240529,8.02901
6.94918,0.00210744,7.92714
7.14414,0.00186246,8.12082
6.98148,0.00201467,7.9595
7.0226,0.00203848,7.99951
7.22842,0.00205973,8.20663
7.20993,0.00194622,8.18734
7.45046,0.00225558,8.4304
6.97302,0.00197413,7.95331
7.10353,0.00190729,8.08184
7.15277,0.00195702,8.13007
7.01107,0.00187155,7.98751
7.10342,0.00204549,8.08044
7.08214,0.00188676,8.05968
7.04762,0.00201049,8.02654
7.12429,0.00210679,8.10214
7.08872,0.00214038,8.06609
2 threads per task
6.93177,0.0133055,7.91982
7.1359,0.0157688,8.12934
7.08842,0.00530224,8.07176
6.91503,0.00634902,7.89664
7.1652,0.0144852,8.16686
7.11568,0.00520585,8.10473
7.16325,0.0122102,8.15477
7.14314,0.00693356,8.13545
7.22882,0.014646,8.22173
7.12051,0.00613031,8.10184
6.91611,0.00538748,7.89919
7.02771,0.00522763,8.00768
7.09089,0.0171709,8.08428
6.98928,0.00816364,7.9758
7.04082,0.0115862,8.02746
7.29512,0.0104926,8.2801
6.99185,0.0046575,7.97134
6.94644,0.00521321,7.93061
6.87972,0.0110896,7.86629
7.00441,0.0051454,7.98643
6.95399,0.00553825,7.93568
6.99308,0.0109386,7.97964
7.10339,0.0144276,8.09468
7.08422,0.00525292,8.06585
6.99222,0.00518436,7.97226
7.1072,0.0137984,8.09792
7.08533,0.0144244,8.07474
7.03291,0.00528877,8.01387
7.08717,0.00518329,8.06636
6.91639,0.00667858,7.90234
7.06944,0.00543117,8.05023
7.12503,0.0120043,8.11247
7.19916,0.0050742,8.18076
6.98864,0.00913775,7.97591
7.07642,0.0148594,8.0793
7.06238,0.00530089,8.04296
7.25886,0.00633675,8.24082
6.9933,0.0147084,7.984
7.00324,0.0173549,7.99824
6.9851,0.0100322,7.97041
6.99703,0.0100714,7.98378
6.89494,0.00534067,7.87625
7.05762,0.00528345,8.04012
7.07392,0.0151766,8.06543
6.93705,0.0149826,7.92858
7.16129,0.0126433,8.15237
6.85883,0.0128143,7.86257
7.20466,0.0121627,8.19174
7.03228,0.00922947,8.01973
7.00321,0.0131793,7.99163
7.14381,0.0150273,8.13577
3 threads per task
7.00392,0.015073,7.99695
6.97933,0.0160925,7.97318
6.91849,0.0152589,7.90998
7.1457,0.0146218,8.14524
7.05811,0.0155121,8.04913
7.25201,0.0141504,8.24349
7.11373,0.0146941,8.1048
6.95785,0.0144452,7.94987
7.03401,0.0162709,8.02588
7.28944,0.0135191,8.28487
7.16503,0.0137492,8.15684
6.91952,0.0160472,7.9122
7.02886,0.0136642,8.01999
7.09225,0.0168824,8.08871
6.91522,0.0133589,7.90921
7.04381,0.0151959,8.04891
7.1001,0.0126651,8.09085
7.02456,0.0133734,8.02376
7.02512,0.0165354,8.02955
7.11921,0.0144936,8.11384
6.88412,0.0144798,7.87869
7.09077,0.0183064,8.08759
7.00658,0.0152108,7.99695
7.09001,0.0146021,8.0915
6.99214,0.013255,7.98103
6.99103,0.0160343,7.98372
7.24948,0.0147882,8.24038
7.01253,0.0150115,8.00584
6.99862,0.0144471,7.99206
7.14527,0.0141674,8.13656
6.94969,0.0171152,7.94585
7.21863,0.0167235,8.21196
7.0764,0.017545,8.07249
7.18686,0.0138122,8.17607
7.03976,0.0158717,8.0339
6.96273,0.0140087,7.95259
7.12832,0.0154731,8.12358
7.10791,0.0138023,8.09869
7.18703,0.0144179,8.19002
6.97459,0.014485,7.96555
7.05666,0.016418,8.05054
6.92021,0.0130577,7.91976
7.05505,0.0156865,8.05765
7.83813,0.0131259,8.82951
6.97003,0.0162619,7.96561
7.16097,0.0143059,8.15559
6.96461,0.0152455,7.95805
7.0523,0.0160661,8.04729
7.12682,0.0154229,8.12023
6.85527,0.0313372,7.86938
7.02234,0.0135317,8.01551
4 threads per task
7.05163,0.0214648,8.05092
7.39712,0.0199534,8.39518
6.99035,0.0214565,7.99079
7.01936,0.0221335,8.01873
7.11904,0.0236587,8.11873
7.01488,0.0252097,8.01491
7.13416,0.0192173,8.1275
7.01829,0.0216713,8.02066
7.15467,0.0219488,8.15126
7.22143,0.0277376,8.2306
7.22558,0.020109,8.22161
7.10289,0.0203128,8.10159
6.96632,0.0200374,7.96197
7.66406,0.0211778,8.66281
6.99456,0.0196323,7.99417
6.86985,0.01763,7.86724
7.06237,0.0190478,8.05738
7.01343,0.0214292,8.02218
7.0583,0.0226496,8.05834
6.91642,0.0243417,7.91789
7.05411,0.0172748,8.05191
6.92501,0.0192936,7.92221
7.08562,0.0177032,8.0827
6.87998,0.0214135,7.87529
7.02421,0.0243576,8.02511
6.90555,0.0180863,7.91064
7.06539,0.022801,8.0767
7.11483,0.0227592,8.11331
7.03451,0.0175045,8.02963
7.03862,0.0211603,8.03771
7.16066,0.020203,8.16229
7.10558,0.0203134,8.11241
7.06007,0.0190252,8.05643
6.98504,0.0228942,7.98806
7.10902,0.020747,8.11439
7.03284,0.0188025,8.02968
6.91482,0.0167956,7.90998
7.01988,0.0415979,8.03836
7.04125,0.0245673,8.04356
6.9199,0.0238192,7.91826
7.04836,0.0248102,8.04837
7.04292,0.0158776,8.03896
7.08327,0.0226496,8.0821
6.88452,0.0244234,7.88578
7.05219,0.018189,8.05039
7.13886,0.023196,8.14272
7.15449,0.0232271,8.15275
6.93567,0.0184805,7.93374
7.03616,0.0218753,8.03425
6.93604,0.0281527,7.94345
7.14519,0.0258033,8.14773
5 threads per task
7.25183,0.0273389,8.25743
7.16813,0.0278068,8.17132
7.14682,0.0340396,8.15882
7.12047,0.0191929,8.13137
6.97793,0.0247837,7.98025
7.16501,0.0233461,8.18005
7.10768,0.0239603,8.11263
7.00794,0.0250361,8.02377
6.93918,0.0242852,7.93932
7.18182,0.0253693,8.18771
6.9789,0.0269865,7.9826
7.09105,0.0307025,8.09819
7.08882,0.0224765,8.09339
7.18576,0.0320475,8.19453
7.1776,0.0228928,8.18037
7.03182,0.0321649,8.03933
7.12679,0.0239827,8.13222
7.01149,0.0212434,8.0121
7.02582,0.0222921,8.03105
7.05053,0.0256948,8.06162
7.20048,0.0233869,8.20058
6.93059,0.0298283,7.94935
7.09882,0.0287584,8.10564
7.05189,0.0387545,8.07577
7.098,0.0271646,8.1084
7.0765,0.032393,8.09778
6.91044,0.0256125,8.02337
7.00216,0.0297643,8.00951
7.06443,0.032065,8.0734
6.90535,0.0235566,7.90989
7.03369,0.0240278,8.03874
7.03868,0.023459,8.05246
7.15089,0.0273627,8.1529
7.14361,0.0290751,8.14889
7.29113,0.0282486,8.29637
6.87952,0.026466,7.88537
7.116,0.0238138,8.11887
7.14352,0.0284682,8.14854
7.16486,0.0253532,8.16565
7.14754,0.0289925,8.15224
6.89187,0.0235597,7.90475
7.17201,0.0279601,8.17597
6.96226,0.023355,7.96342
7.02818,0.0242228,8.02742
7.16362,0.0297377,8.18042
7.27844,0.0284471,8.28903
7.06593,0.0302941,8.07094
7.02695,0.0265773,8.02908
7.31885,0.0263159,8.32212
7.97796,0.0308316,8.98565
7.06428,0.0237544,8.06873
6 threads per task
7.20834,0.0292375,8.23323
6.92722,0.0343261,7.9416
6.93812,0.0342366,7.95192
7.12234,0.0407666,8.15173
7.00354,0.0314038,8.01073
7.11671,0.0347696,8.13654
7.0835,0.0363111,8.09782
7.11618,0.0289357,8.13438
7.02043,0.0307515,8.0262
7.00492,0.0289267,8.01286
6.9368,0.033228,7.94845
6.99644,0.0292977,8.0087
7.02493,0.0288538,8.03277
7.04339,0.0287852,8.05134
7.15366,0.0430217,8.17383
7.0336,0.032127,8.04472
7.03501,0.0308802,8.05459
7.18818,0.031047,8.19677
7.03119,0.0321687,8.04055
7.07732,0.0277819,8.08297
7.09527,0.0289575,8.10045
7.02621,0.0294745,8.0329
7.01887,0.0351906,8.03309
7.12695,0.0277435,8.14799
6.89029,0.0350637,7.90271
7.04717,0.0299593,8.05361
7.15023,0.0316853,8.16312
7.18067,0.0314492,8.1924
7.0236,0.0326599,8.0312
7.26805,0.0269254,8.27523
6.94076,0.0296775,7.94785
6.92288,0.0268295,7.93081
7.02188,0.0277309,8.03607
6.9885,0.0331475,8.00889
7.13556,0.0296451,8.14306
7.06845,0.0317974,8.07881
7.05467,0.0265318,8.06243
6.93562,0.027664,7.96615
9.29719,0.0348188,10.3076
6.88246,0.0299322,7.8891
7.00158,0.0311617,8.01226
6.9872,0.0293382,7.99518
6.96678,0.0407984,7.99787
7.25769,0.0274693,8.26525
6.99058,0.0288339,7.99965
7.05351,0.0302386,8.05962
7.13106,0.0321998,8.1411
7.23765,0.0315131,8.24956
7.01667,0.0313192,8.02514
7.04864,0.0307674,8.05557
7.04056,0.0298547,8.04762
7 threads per task
6.9484,0.0330897,7.9574
6.88981,0.0364905,7.90272
7.09048,0.0298387,8.09917
7.00353,0.0360472,8.01593
7.13161,0.029659,8.14543
6.99038,0.0333303,8.00213
7.04491,0.0348584,8.05743
7.11383,0.0336017,8.12269
7.10015,0.0308458,8.14609
7.0172,0.0395503,8.03204
6.90474,0.0399519,7.91875
7.19771,0.0365238,8.20946
6.93625,0.0366282,7.94953
7.01829,0.0306095,8.03841
7.2085,0.0400079,8.22326
6.8886,0.0384075,7.90254
7.0102,0.0477026,8.03221
6.86541,0.0325346,7.89018
7.02222,0.03554,8.03474
7.06042,0.0389043,8.07558
7.0371,0.0332662,8.04937
7.03966,0.0382319,8.06681
7.00114,0.0312059,8.01394
6.89014,0.0314358,7.8995
7.13669,0.0409199,8.24568
7.02605,0.040793,8.04659
7.61376,0.0349231,8.62685
7.09084,0.0356529,8.12059
7.01196,0.0364239,8.03801
7.04039,0.0378631,8.05647
7.04279,0.0362698,8.05626
7.00625,0.034309,8.01986
7.09016,0.0375546,8.10355
6.97448,0.0364646,7.9889
7.02789,0.0351857,8.04781
7.03376,0.0374736,8.04838
7.10842,0.0325938,8.1277
7.0498,0.0330601,8.06576
6.95905,0.0317247,7.97286
7.24945,0.0366506,8.26289
7.00215,0.0353181,8.01823
7.03981,0.0359975,8.05272
6.88473,0.033502,7.89549
7.04741,0.0348821,8.06118
7.04678,0.0420939,8.06466
7.00408,0.0376373,8.01722
6.92974,0.0407877,7.94603
7.0796,0.0378534,8.09413
7.07998,0.0299109,8.09149
7.04174,0.0404677,8.05863
7.05843,0.0316414,8.06897
8 threads per task
7.024,0.0403918,8.04486
6.91532,0.0418563,7.93361
6.90005,0.0383345,7.9176
7.05941,0.0361074,8.09006
7.04956,0.0329041,8.07469
7.15687,0.0387621,8.17476
6.95281,0.0425741,7.98323
6.9876,0.0331405,8.00287
6.95443,0.0451762,7.97865
7.07228,0.0473924,8.09691
6.88239,0.0466562,7.91735
9.27378,0.0372595,10.2914
6.99689,0.0342696,8.01185
6.8701,0.0370186,7.88865
7.03748,0.0360354,8.05253
7.02915,0.0409,8.05379
7.05801,0.0397984,8.07617
7.12418,0.0400279,8.14352
7.03357,0.0369044,8.05508
7.0849,0.0383513,8.11062
7.20302,0.0393891,8.22162
7.04363,0.04427,8.06803
7.10698,0.0369225,8.12809
7.14408,0.0404341,8.16466
7.18361,0.036985,8.20897
7.03851,0.0408384,8.06038
7.12191,0.0393214,8.14941
6.97541,0.0399516,8.11276
7.09979,0.0355966,8.12342
7.03042,0.0401076,8.05007
7.16665,0.0395192,8.19347
7.10807,0.040349,8.12675
7.18744,0.0383164,8.20327
6.95585,0.0439188,7.97702
7.46924,0.0457653,8.49213
7.02651,0.0416514,8.04542
7.14984,0.038429,8.16427
7.01146,0.0371373,8.02775
6.88029,0.0363746,7.89822
6.91284,0.0379979,7.92993
7.20496,0.0435571,8.22752
7.20219,0.0498377,8.22852
6.9388,0.0491659,7.96605
7.08944,0.036095,8.10312
7.02437,0.0436875,8.04497
7.05691,0.0368237,8.07374
7.06561,0.0341956,8.07838
7.03775,0.0390363,8.06225
7.16322,0.0395744,8.18035
7.0385,0.0405974,8.05853
7.10686,0.032051,8.11759
