Bash version 4.2.46(1)-release...
7 tasks per node
1 threads per task
3.96454,0.00158447,4.57404
2.80736,0.00149924,3.41805
2.52845,0.0014153,3.13983
2.56847,0.00165201,3.16809
2.52643,0.00162179,3.13628
2.56077,0.00155517,3.17065
2.5874,0.00184496,3.19668
2.53036,0.00157674,3.14143
2.56566,0.00156857,3.17428
2.57701,0.00159316,3.18609
2.58722,0.00172157,3.198
2.59101,0.00163415,3.20168
2.51571,0.00175481,3.12457
2.55467,0.00141523,3.16349
2.52834,0.00176193,3.13665
2.54538,0.00153715,3.15513
2.56432,0.0017443,3.17395
2.56228,0.00155126,3.17211
2.65669,0.00168053,3.26616
2.59497,0.00178814,3.2056
2.61424,0.00161497,3.21456
2.52428,0.00171175,3.13352
2.5174,0.00159053,3.12672
2.57027,0.00158309,3.18033
2.57209,0.00160567,3.18225
2.52071,0.00158624,3.12991
2.57028,0.00158412,3.18113
2.55448,0.00157975,3.16288
2.56829,0.00150055,3.17724
2.53311,0.00143628,3.14298
2.50716,0.00166013,3.1166
2.54986,0.00164861,3.16024
2.60208,0.00155732,3.2117
2.56463,0.00154109,3.17501
2.55828,0.00142718,3.16911
2.56287,0.0015505,3.17262
2.61287,0.00156014,3.22348
2.58154,0.00163476,3.19148
2.57133,0.00162116,3.17989
2.54298,0.00158403,3.15343
2.51582,0.00171772,3.1258
2.55523,0.00157494,3.1645
2.65195,0.00157531,3.26128
2.5526,0.00144655,3.16373
2.5567,0.00174198,3.16576
2.52481,0.0016461,3.13441
2.51339,0.00158025,3.12261
2.64132,0.00199755,3.25404
2.57689,0.00152882,3.18619
2.57149,0.00176827,3.18023
2.56493,0.00160437,3.17664
2 threads per task
2.57589,0.00114835,3.18405
2.57377,0.00195962,3.18345
2.57593,0.00095506,3.18596
2.52077,0.0015264,3.13143
2.55537,0.00203327,3.16612
2.57455,0.000983311,3.18456
2.58052,0.00134387,3.19082
2.52377,0.00258555,3.13503
2.56365,0.00140192,3.17251
2.59973,0.000962168,3.20915
2.51949,0.00103559,3.12912
2.56505,0.00119342,3.17452
2.57051,0.00202267,3.18191
2.55255,0.00120449,3.16178
2.57092,0.00105032,3.1797
2.58665,0.00113899,3.1951
2.56709,0.00249995,3.18059
2.58996,0.00198356,3.20023
2.60306,0.0024391,3.21365
2.57319,0.00106325,3.18177
2.56374,0.0016212,3.17291
2.51247,0.000903668,3.1206
2.64388,0.000830233,3.25274
2.51063,0.00106911,3.11965
2.52829,0.000941098,3.13804
2.56782,0.00115713,3.17817
2.55995,0.00188897,3.16941
2.51326,0.00103023,3.12332
2.60199,0.00194064,3.21326
2.54189,0.00100218,3.15173
2.56582,0.000937166,3.17493
2.56585,0.00105155,3.17499
2.57655,0.00129485,3.18553
2.56238,0.00171438,3.17309
2.53357,0.00096523,3.14084
2.56033,0.00126784,3.16864
2.52265,0.00118829,3.13263
2.52276,0.00148092,3.1326
2.55372,0.00106128,3.16288
2.65371,0.00130818,3.26303
2.51354,0.00102159,3.12231
2.52072,0.00129128,3.1286
2.58373,0.00198871,3.19484
2.59788,0.00115308,3.20659
2.56496,0.00135891,3.16513
2.61695,0.00113841,3.22563
2.64245,0.00249518,3.25296
2.57209,0.00105927,3.17103
2.49795,0.0010641,3.10656
2.51939,0.00115576,3.12782
2.52716,0.00193144,3.13651
3 threads per task
2.5288,0.00448113,3.14135
2.528,0.00366118,3.13951
2.54375,0.00475449,3.15684
2.5684,0.00381918,3.18008
2.55681,0.00437841,3.16921
2.57737,0.00379615,3.18826
2.56448,0.00355826,3.17613
2.6013,0.00360424,3.21192
2.50734,0.00332651,3.11965
2.5215,0.0035274,3.13297
2.57924,0.0153241,3.20301
2.55224,0.0134912,3.17186
2.51712,0.00461376,3.12989
2.55288,0.00538922,3.16584
2.57211,0.00881544,3.18987
2.56847,0.00337286,3.18052
2.56914,0.0036211,3.1819
2.57166,0.0155395,3.19473
2.62635,0.00393029,3.23899
2.56436,0.00401124,3.17674
2.56944,0.00235687,3.17825
2.57091,0.00504705,3.18386
2.58605,0.00447552,3.19798
2.592,0.00430922,3.20477
2.55854,0.00449751,3.17032
2.57445,0.00383817,3.18689
2.52342,0.00508191,3.1362
2.66093,0.00363693,3.2724
2.52239,0.00540532,3.13518
2.5681,0.00548938,3.17232
2.51338,0.00367501,3.12436
2.5601,0.00348826,3.17066
2.52472,0.00376406,3.13549
2.57401,0.00481661,3.18711
2.50551,0.00905251,3.12387
2.56184,0.00425759,3.17517
2.58669,0.0042783,3.20165
2.51228,0.0064899,3.12659
2.57052,0.00457194,3.18417
2.56398,0.00418593,3.16685
2.56007,0.00380013,3.17135
2.64104,0.0062045,3.25615
2.52286,0.00452322,3.13534
2.52884,0.00327343,3.14288
2.57131,0.0033945,3.18352
2.50963,0.0055442,3.12352
2.57235,0.00360656,3.18368
2.57922,0.00423996,3.19232
2.52098,0.00511121,3.13684
2.57055,0.00409127,3.18205
2.54465,0.00368213,3.15712
4 threads per task
2.67166,0.00499388,3.28696
2.57173,0.0088992,3.18964
2.55118,0.00990409,3.16891
2.58285,0.0054421,3.19732
2.52457,0.0168896,3.15119
2.53675,0.00585095,3.1506
3.5102,0.00559446,4.12389
2.59273,0.0115188,3.20221
2.57467,0.00801843,3.19104
2.56036,0.00484389,3.17352
2.57126,0.00820849,3.18817
2.57401,0.00580138,3.1886
2.53138,0.00723215,3.14724
2.56242,0.0119183,3.18403
2.55165,0.00539696,3.16505
2.57717,0.00517405,3.18925
2.58362,0.00493148,3.1866
2.5569,0.00685451,3.17137
2.60683,0.00900178,3.22429
2.53804,0.0160469,3.16294
2.56151,0.00514171,3.17674
2.51618,0.00717141,3.13324
2.62412,0.00508811,3.23774
2.52853,0.00589632,3.1432
2.5484,0.0107805,3.16716
2.52472,0.0069261,3.13961
2.61042,0.00558233,3.2262
2.57669,0.014769,3.19984
2.52969,0.00713201,3.14502
2.55748,0.0138554,3.1812
2.53998,0.00834835,3.15771
2.5849,0.013725,3.20989
2.51958,0.00526124,3.1334
2.54855,0.015586,3.17155
2.5128,0.00544716,3.12654
2.55762,0.0118977,3.17614
2.52107,0.00537985,3.1338
2.54173,0.00518971,3.15457
2.55271,0.0126186,3.17409
2.56347,0.0138354,3.18919
2.58411,0.00780712,3.19916
2.53082,0.00673505,3.14487
2.52379,0.00571494,3.13813
2.62572,0.00701681,3.23987
2.52544,0.00672431,3.13946
2.56851,0.00911784,3.18616
2.53341,0.00528807,3.14605
2.5702,0.00855897,3.18671
2.56784,0.00861835,3.18409
2.52993,0.00511869,3.14452
2.64573,0.00591637,3.25876
5 threads per task
2.52943,0.0112188,3.14752
2.53923,0.00720112,3.15554
2.52312,0.0118423,3.14306
2.57719,0.0137117,3.20249
2.61758,0.00991599,3.23648
2.53288,0.0106206,3.15141
2.51785,0.00896444,3.1355
2.58371,0.00872903,3.20011
2.56228,0.00869339,3.18045
2.565,0.00855655,3.18051
2.57465,0.00874575,3.19272
2.5062,0.0113268,3.12514
2.58314,0.010011,3.20201
2.56024,0.0128838,3.18316
2.52479,0.0148508,3.14824
2.51118,0.00678245,3.12572
2.57521,0.00882598,3.19184
2.57441,0.00872705,3.19101
2.5495,0.0173224,3.21243
2.57559,0.00728365,3.19517
2.57094,0.0106801,3.19038
2.60215,0.00847919,3.21884
2.518,0.008565,3.13638
2.58809,0.0090057,3.20575
2.60341,0.0134518,3.22507
2.55294,0.00842074,3.16901
2.52346,0.0141866,3.14501
2.54737,0.0086949,3.16492
2.60799,0.0076367,3.22419
2.56708,0.0211269,3.19547
2.49941,0.00780783,3.1163
2.60289,0.010178,3.22256
2.55211,0.0140682,3.16509
2.59361,0.00840516,3.20972
2.59338,0.0101919,3.21268
2.53959,0.00866258,3.15612
2.5732,0.0100862,3.19465
2.55058,0.0166861,3.17642
2.56083,0.00785732,3.17536
2.55939,0.00863493,3.17574
2.5517,0.00733906,3.16875
2.56733,0.00729618,3.18415
2.51195,0.0138055,3.13512
2.51392,0.0073404,3.12908
2.54921,0.00845129,3.16637
2.56596,0.0092048,3.18342
2.63568,0.00827529,3.25167
2.52391,0.0158241,3.14831
2.56934,0.00902727,3.18833
2.52376,0.0140838,3.14999
2.54593,0.0136929,3.16831
6 threads per task
2.55181,0.0140429,3.17492
2.69023,0.0137168,3.31247
2.56232,0.0117255,3.18219
2.5611,0.0105057,3.18014
2.52204,0.020932,3.15269
2.5591,0.0104161,3.1768
2.5618,0.0117456,3.18167
2.54375,0.0115541,3.16377
2.51559,0.0113901,3.13788
2.60476,0.0111109,3.2239
2.59723,0.0227348,3.2322
2.52145,0.016245,3.14595
2.66068,0.0146584,3.28508
2.51939,0.0106114,3.13773
2.56229,0.0171385,3.18977
2.53009,0.0115605,3.14965
2.52206,0.0121949,3.14211
2.54799,0.00991689,3.16657
2.57126,0.0139606,3.18382
2.5271,0.0102243,3.14629
2.55171,0.0100134,3.17106
2.52561,0.0111597,3.14541
2.58488,0.0102121,3.20278
2.5545,0.0117885,3.17445
2.56208,0.0104964,3.171
2.51936,0.0207835,3.14971
2.64046,0.0118255,3.24985
2.55982,0.0104564,3.17808
2.6262,0.010324,3.25162
2.52349,0.0106652,3.21383
2.52854,0.0103645,3.14703
2.67045,0.0103935,3.28878
2.57398,0.0197129,3.20679
2.51215,0.0105024,3.13075
2.55757,0.0100188,3.17674
2.54253,0.0104567,3.16061
2.52931,0.0121286,3.14945
2.56338,0.0144246,3.18773
2.55602,0.0119031,3.17787
2.61296,0.0100536,3.23033
2.52157,0.0105313,3.14024
2.58422,0.0138385,3.2065
2.57231,0.0103861,3.19189
2.56742,0.0101606,3.18609
2.59398,0.0114339,3.21462
2.58668,0.010027,3.20739
2.58739,0.00898194,3.20498
2.53506,0.0104387,3.15501
2.66323,0.015905,3.29134
2.5518,0.0116892,3.17378
2.50746,0.0150984,3.13241
7 threads per task
2.55503,0.0171309,3.1804
2.52252,0.0131774,3.14498
2.51572,0.0115864,3.13544
2.5769,0.0149828,3.20101
2.53741,0.0135657,3.15972
2.6596,0.0131809,3.28107
2.59673,0.017005,3.22256
2.56602,0.0155869,3.18879
2.58947,0.013278,3.21203
2.57479,0.0285342,3.23379
2.58701,0.0133685,3.20105
2.59005,0.0137378,3.2128
2.53813,0.0147471,3.16202
2.54407,0.0178692,3.1719
2.56429,0.0132407,3.18619
2.57423,0.0134508,3.19585
2.55107,0.0170051,3.17646
2.57675,0.0169798,3.20831
2.60819,0.0171434,3.23497
2.58475,0.0166717,3.1999
2.5715,0.0134682,3.19516
2.67638,0.0163554,3.29021
2.57144,0.0121219,3.18288
2.57328,0.0133408,3.18353
2.55467,0.0129976,3.16673
2.57723,0.0131548,3.19794
2.51553,0.0152855,3.12896
2.57773,0.0212259,3.20877
2.56981,0.0214751,3.19881
2.56813,0.0209905,3.20501
2.58055,0.0131314,3.2038
2.54487,0.0158477,3.17206
2.56152,0.0164013,3.18604
2.56095,0.0152531,3.18528
2.53355,0.0139511,3.15544
2.57869,0.0125672,3.1988
2.51892,0.0133193,3.13967
2.61005,0.0116083,3.30504
2.56202,0.0148281,3.18465
2.51561,0.0170535,3.14264
2.56487,0.0149302,3.17904
2.5195,0.0137474,3.14178
2.56634,0.013376,3.20675
2.50494,0.0131889,3.12717
2.51636,0.0152471,3.13179
2.55512,0.0150881,3.18207
2.55466,0.0138177,3.16897
2.58059,0.0135355,3.19106
2.56016,0.0150155,3.17459
2.53971,0.0131584,3.15216
2.58989,0.0117683,3.2112
8 threads per task
2.50964,0.0150699,3.13846
2.55322,0.0152806,3.1677
2.57704,0.0195695,3.20565
2.56193,0.0149204,3.17563
2.58716,0.0166511,3.20303
2.56517,0.0255285,3.22847
2.52469,0.0150499,3.14761
2.50581,0.0143056,3.12954
2.52988,0.0152188,3.15394
2.55723,0.0201503,3.18647
2.56359,0.0211481,3.18563
2.65881,0.0155536,3.27238
2.55874,0.0155776,3.17324
2.51718,0.0162225,3.13231
2.5677,0.0164934,3.18197
2.54207,0.0212595,3.1731
2.56294,0.0210191,3.18257
2.57249,0.018361,3.1892
2.56836,0.0171518,3.19276
2.60476,0.0173436,3.22185
2.57492,0.0173885,3.20152
2.5168,0.0163922,3.14099
2.52365,0.0155221,3.13771
2.53109,0.0154959,3.14497
2.52807,0.0141497,3.14094
2.51933,0.0148893,3.13586
2.53426,0.0164571,3.15017
2.54042,0.0223792,3.17113
2.5672,0.0136383,3.19075
2.57384,0.0163262,3.18692
2.52593,0.0148967,3.14129
2.56003,0.0152718,3.1875
2.57457,0.0169405,3.19401
2.58234,0.0164761,3.19815
2.50982,0.02533,3.18019
2.55759,0.025404,3.18222
2.52362,0.0166168,3.1539
2.52149,0.0152375,3.15158
2.57799,0.0164891,3.20989
2.52715,0.0210516,3.15612
2.55001,0.0137317,3.1761
2.57461,0.0220591,3.19685
2.57552,0.0161645,3.2023
2.57238,0.0225212,3.19477
2.5439,0.0170831,3.16093
2.67259,0.0193746,3.35936
2.52791,0.0172471,3.1449
2.56528,0.0147615,3.19105
2.55998,0.0183515,3.19
2.51876,0.0224874,3.1486
2.55463,0.0249412,3.18913
