Bash version 4.2.46(1)-release...
13 tasks per node
1 threads per task
5.7204,0.00198051,0.00442605,6.66339
5.68991,0.00187635,0.00359492,6.63171
5.72059,0.00187999,0.00369131,6.66266
5.70141,0.00222249,0.00356917,6.65732
5.75376,0.00190567,0.0037571,6.69577
5.76838,0.00193262,0.00334998,6.84959
5.6961,0.00193252,0.0034053,6.63681
5.68379,0.00174677,0.0038608,6.62286
5.85137,0.00184044,0.00371591,6.79123
5.66616,0.00204068,0.00336712,6.61054
5.70953,0.00173908,0.00396314,6.67136
5.68602,0.00173306,0.0037214,6.62525
6.29042,0.00174359,0.00404544,7.23758
5.7749,0.00184904,0.00356407,6.71234
5.7006,0.00196304,0.00344138,6.63835
5.73324,0.00174241,0.00367423,6.6757
5.7378,0.00176122,0.00383539,6.69896
5.70098,0.00173048,0.00379834,6.63885
5.70245,0.00185839,0.00365527,6.64249
5.69799,0.00179578,0.00367216,6.63538
5.69987,0.0018517,0.00428439,6.6381
2 threads per task
5.67643,0.00511158,0.00537068,6.6203
5.68546,0.00506284,0.00446118,6.62749
5.86634,0.00253211,0.0147782,6.81661
5.72548,0.00271644,0.00406747,6.66521
5.68532,0.0025407,0.0142683,6.63423
5.74467,0.00512276,0.0047955,6.69794
5.7015,0.00461714,0.00370787,6.64131
5.72795,0.00418375,0.0024629,6.66644
5.70939,0.000950715,0.00858528,6.65003
5.67922,0.000943685,0.00615655,6.61841
5.74481,0.00151249,0.0136254,6.69244
5.66067,0.00528017,0.01168,6.60926
5.73009,0.00497268,0.013988,6.68544
5.75538,0.000941796,0.0171092,6.70536
5.66718,0.00093168,0.00640729,6.60937
5.70066,0.00436393,0.00418335,6.6408
5.753,0.00127528,0.00691598,6.70099
5.68999,0.00459741,0.00346643,6.63297
5.68767,0.00255119,0.00932346,6.63169
5.65801,0.00564498,0.00158037,6.59716
5.6718,0.00847256,0.000532525,6.6248
3 threads per task
5.73736,0.00772153,0.00733073,6.68618
5.6887,0.00690635,0.0073081,6.63618
5.76874,0.00605151,0.015397,6.72383
5.66982,0.00482201,0.0154294,6.6227
5.69064,0.00629964,0.0064792,6.63641
5.71676,0.00467072,0.0153453,6.6693
5.65864,0.0047664,0.010925,6.60834
5.69119,0.00553984,0.00992538,6.64941
5.72635,0.00718457,0.00789284,6.6749
5.72153,0.00469854,0.00943077,6.66687
6.2282,0.00440737,0.0158454,7.18191
5.71602,0.00623889,0.00871032,6.67094
5.70977,0.00457396,0.0221825,6.66851
5.6932,0.0046029,0.00856401,6.63903
5.86854,0.004502,0.00822916,6.81343
5.66935,0.00410216,0.0916324,6.6968
5.69718,0.00609262,0.00692717,6.64292
5.68182,0.0060681,0.0150998,6.63907
5.79374,0.0103142,0.00726304,6.74529
5.66504,0.010967,0.00159885,6.62191
5.69472,0.00804738,0.00945647,6.64494
4 threads per task
5.65527,0.0250349,0.00267478,6.61752
5.67846,0.0209543,0.00352383,6.63881
5.6922,0.00747016,0.0219253,6.65674
5.71855,0.017144,0.00829682,6.68676
5.69237,0.00753953,0.0156764,6.64909
5.76946,0.00573849,0.0161254,6.72563
5.72804,0.0119227,0.0101381,6.68218
5.6854,0.0110107,0.0143261,6.65556
5.67477,0.0116512,0.0210225,6.6423
5.71807,0.0103666,0.0130633,6.67377
5.68946,0.0114335,0.0113966,6.65696
5.69824,0.0101406,0.0128699,6.65975
5.70542,0.00940421,0.0133828,6.6607
5.65679,0.0139898,0.0214339,6.63143
5.66095,0.0207463,0.00926465,6.62069
5.78612,0.00751535,0.0147458,6.74269
5.69198,0.0199092,0.00314798,6.65943
5.66271,0.00810223,0.0377114,6.64091
5.69358,0.00812451,0.0194408,6.65453
5.6455,0.00939606,0.0160321,6.60254
5.67033,0.00576859,0.018011,6.63731
5 threads per task
5.71775,0.0278427,0.00296917,6.68096
5.66508,0.0110715,0.0157669,6.62585
5.74643,0.0124371,0.0186422,6.72169
5.68724,0.0101568,0.0201586,6.6561
5.66644,0.0141474,0.0143543,6.6291
5.67964,0.0091474,0.0195893,6.64135
5.69152,0.0144698,0.0128453,6.66403
5.71694,0.0189395,0.0145207,6.69058
5.77354,0.0218214,0.00917641,6.73452
5.68611,0.0301002,0.00956806,6.65759
5.85229,0.0159231,0.0216811,6.83109
5.78477,0.025714,0.0122197,6.75831
5.67128,0.0185126,0.00854828,6.63134
5.67163,0.0110163,0.0186292,6.63273
5.67609,0.008975,0.0400345,6.65643
5.83762,0.0112553,0.0218759,6.80127
5.7112,0.0128371,0.0219501,6.67782
5.68748,0.0101544,0.0195323,6.65033
5.68279,0.0105995,0.0231929,6.65305
5.66204,0.0150106,0.0115384,6.62088
5.7417,0.0108675,0.0334473,6.7187
6 threads per task
5.69517,0.0280768,0.0139161,6.66797
5.71272,0.0168819,0.0168421,6.67826
5.74905,0.026053,0.00979304,6.7202
5.70221,0.0212183,0.0129648,6.67783
5.67057,0.0204341,0.0123173,6.64557
5.67586,0.016288,0.023723,6.64712
5.66741,0.0212279,0.014589,6.63676
5.68905,0.0259785,0.0240174,6.73488
5.72198,0.0247429,0.0166134,6.69878
5.81809,0.0340067,0.000557702,6.78441
5.69431,0.0137116,0.0209505,6.66816
5.7032,0.013839,0.022546,6.68261
5.81778,0.0124863,0.0212994,6.7826
5.70968,0.0362864,0.00254905,6.68262
5.68697,0.0318446,0.000950707,6.65109
5.78389,0.0149543,0.0219355,6.78345
5.66393,0.0162842,0.013133,6.62604
5.78439,0.0122939,0.0246988,6.75373
5.64257,0.0133426,0.0226973,6.61177
5.69289,0.0163233,0.0182502,6.66006
5.69459,0.0109719,0.0551521,6.69363
7 threads per task
5.72813,0.0099659,0.0272998,6.70459
5.67065,0.0223094,0.0207736,6.64715
5.69791,0.0255572,0.0140983,6.67053
5.68589,0.0316985,0.00744329,6.65634
5.71227,0.0210286,0.0166011,6.68592
5.65171,0.0158454,0.0332837,6.63382
5.69836,0.032099,0.0044449,6.66704
5.67108,0.0279309,0.00669609,6.63818
5.71437,0.0254629,0.0140567,6.68709
5.69194,0.0160922,0.0268328,6.66657
5.68172,0.0395589,0.00351384,6.657
5.69404,0.0221844,0.0189101,6.66665
5.65297,0.0212132,0.016925,6.6225
5.68502,0.00870348,0.0277805,6.66496
5.6651,0.0140277,0.0258295,6.6383
5.63572,0.017702,0.017466,6.60856
5.70341,0.0174232,0.0218656,6.67438
5.65968,0.0185342,0.0237891,6.63301
5.70394,0.0220299,0.0170455,6.68196
5.677,0.0193457,0.0292159,6.66777
5.68306,0.0171273,0.0223402,6.65614
8 threads per task
5.68448,0.0287774,0.0126027,6.65986
5.73275,0.0376709,0.0156657,6.72282
5.70521,0.0259984,0.0186192,6.68391
5.69045,0.0420156,0.00342609,6.67643
5.83343,0.0256591,0.0226608,6.81259
5.7068,0.0236716,0.0215948,6.68638
5.67849,0.0268941,0.0217439,6.66657
5.69244,0.0311387,0.0334478,6.70892
5.71483,0.0236988,0.0185182,6.68965
5.72422,0.024266,0.03298,6.71385
5.67339,0.0191755,0.0655973,6.70214
5.67556,0.0132624,0.0521784,6.67523
5.73557,0.039286,0.00491945,6.71493
5.69764,0.0252382,0.0292795,6.68441
5.68127,0.017638,0.0240366,6.66303
5.6623,0.0152622,0.046766,6.65638
5.66505,0.0284766,0.0227609,6.6484
5.72586,0.0315958,0.0135289,6.71463
5.84569,0.0419717,0.00685333,6.86169
5.67047,0.0356466,0.00861166,6.64605
5.68969,0.0322472,0.010171,6.66218
