Bash version 4.2.46(1)-release...
12 tasks per node
1 threads per task
7.08866,0.00105601,7.86363
4.45867,0.00116611,5.23655
4.32479,0.00115147,5.08661
4.32765,0.00104805,5.09203
4.39429,0.00114404,5.15918
4.42728,0.0010464,5.19034
4.38586,0.00103131,5.1488
4.4509,0.00103549,5.21542
4.42368,0.000955546,5.19164
4.49923,0.00101371,5.26156
4.41131,0.00108068,5.18283
4.35176,0.00107026,5.11386
4.39208,0.00122162,5.1563
4.43824,0.0010681,5.20221
4.44076,0.00099926,5.20937
4.29896,0.000873589,5.06225
4.44647,0.00106882,5.21321
4.32535,0.00116277,5.09093
4.34829,0.000962609,5.12032
4.31237,0.00114956,5.07553
4.33453,0.000920707,5.09901
4.35153,0.00117452,5.11647
5.7316,0.00096702,6.49401
4.50723,0.0010048,5.2778
4.53852,0.00100132,5.30462
4.42887,0.00103991,5.19371
4.47042,0.00133076,5.23278
4.40836,0.00112486,5.17143
4.30623,0.00110425,5.06888
4.35541,0.00108422,5.12166
4.31471,0.00210119,5.07994
4.58398,0.000995603,5.34629
4.41942,0.00113629,5.18478
4.3426,0.000925461,5.10594
4.42424,0.00110084,5.18896
4.33891,0.00129766,5.1017
4.3764,0.001064,5.13994
4.404,0.000934712,5.16792
4.31908,0.00106228,5.08095
4.36433,0.00117619,5.12655
4.34105,0.00119364,5.10433
4.43905,0.000975724,5.20465
4.53201,0.000997641,5.29687
4.36818,0.00106489,5.13158
4.40349,0.00107652,5.16593
4.40774,0.00082817,5.17186
4.40431,0.00110522,5.16739
4.39801,0.00116734,5.16124
4.29503,0.00101771,5.05783
4.46833,0.00174048,5.23463
4.45863,0.00113475,5.22522
2 threads per task
4.34164,0.00556546,5.10883
4.45109,0.0070073,5.21915
4.34735,0.00431769,5.11716
4.34816,0.00546435,5.11724
4.32686,0.00410564,5.092
4.42321,0.00415717,5.19253
4.34494,0.0055417,5.11249
4.41197,0.00914119,5.18276
4.43462,0.00410097,5.20256
4.34478,0.00528758,5.12242
4.43773,0.00402619,5.20257
4.38243,0.00421646,5.14785
4.34633,0.00558145,5.12735
4.42314,0.00442113,5.19061
4.42421,0.00474781,5.19676
4.31079,0.0101445,5.083
4.49726,0.0041032,5.27522
4.40912,0.00426286,5.17464
4.42524,0.00451447,5.19064
4.39457,0.00446063,5.16182
4.40991,0.00551447,5.17619
4.33531,0.00437648,5.10156
4.35057,0.00511652,5.12172
4.33359,0.00468942,5.10266
4.38934,0.00442501,5.1555
4.43557,0.00689106,5.20381
4.3535,0.00527386,5.12411
4.3839,0.00407624,5.14969
4.30802,0.00571746,5.0884
4.47214,0.00411758,5.24146
4.4062,0.00428712,5.17393
4.44026,0.00434842,5.20883
4.44892,0.00404034,5.21449
4.46292,0.00412984,5.23035
4.27523,0.0042329,5.04496
4.359,0.00567507,5.12906
4.47174,0.00550829,5.24356
4.43071,0.00545861,5.19828
4.34395,0.00412346,5.11248
4.38084,0.00409211,5.14803
4.30774,0.00408453,5.07239
4.35889,0.00447395,5.13633
4.44129,0.00519951,5.21144
4.39485,0.00424961,5.16585
4.4108,0.00552255,5.17997
4.55751,0.00525637,5.32292
4.8398,0.00404708,5.61726
4.36359,0.00523569,5.13005
4.44831,0.00413117,5.21389
4.3052,0.00399195,5.07282
4.45885,0.00548896,5.22664
3 threads per task
4.52913,0.0117553,5.30671
4.34639,0.0116876,5.12
4.43828,0.0104531,5.21221
4.45754,0.01022,5.24272
4.37761,0.0100243,5.14936
4.33524,0.0117621,5.1176
4.57163,0.010278,5.34752
4.45873,0.0118647,5.23154
4.46904,0.00880793,5.24218
4.40142,0.0104339,5.17264
4.39902,0.0115716,5.17276
4.45515,0.0106382,5.2397
4.44758,0.0118898,5.22074
4.30781,0.011483,5.08361
4.44997,0.0130041,5.22769
4.41917,0.00888514,5.189
4.33638,0.0105703,5.10773
4.32501,0.0105916,5.09678
4.41279,0.00856277,5.18335
4.41806,0.00935887,5.19124
4.52219,0.0112972,5.29784
4.44315,0.0101425,5.21411
4.31841,0.0120597,5.09499
4.39051,0.0137124,5.16767
4.36236,0.0101752,5.13815
4.3551,0.010091,5.129
4.45192,0.0104227,5.22452
4.50034,0.0104696,5.27236
4.49436,0.00996701,5.26786
4.37153,0.00890097,5.14272
4.40322,0.00988019,5.17968
4.47506,0.0116885,5.24801
4.32782,0.0116466,5.10088
4.38093,0.0138018,5.15878
4.41377,0.00854532,5.19541
4.53866,0.0115571,5.31228
4.39773,0.00907359,5.17146
4.43209,0.0178513,5.21233
4.45255,0.0100953,5.22676
4.45623,0.0103631,5.23065
4.41852,0.0115073,5.19118
4.37151,0.0091087,5.14798
4.31744,0.014041,5.09662
4.34198,0.0098361,5.11351
4.8179,0.0116144,5.59395
4.3256,0.0100574,5.10132
4.33472,0.0115061,5.11467
4.39942,0.0113768,5.17258
4.42564,0.00894512,5.19684
4.36814,0.0119216,5.14264
4.33952,0.0137967,5.12352
4 threads per task
4.44512,0.0151582,5.2244
4.30569,0.0151117,5.08181
4.37098,0.0180839,5.15048
4.50138,0.0168654,5.27838
4.32046,0.0126418,5.09966
4.48433,0.0133282,5.26164
4.37943,0.0199312,5.16226
4.37567,0.0137215,5.1625
4.42831,0.0167735,5.21117
4.33702,0.0141434,5.12537
4.44653,0.0149371,5.22275
4.33968,0.0150329,5.11848
4.34757,0.015264,5.12536
4.31463,0.0152145,5.10066
4.40964,0.0117961,5.18275
4.34364,0.0182865,5.125
4.34945,0.0133919,5.13106
4.44383,0.0171869,5.22633
4.33686,0.0148855,5.11689
4.40502,0.0153457,5.19378
4.41126,0.0150345,5.18861
4.39267,0.0132675,5.16982
4.43724,0.0163116,5.21872
4.34804,0.014207,5.13332
4.41968,0.016693,5.19991
4.34311,0.0132299,5.12463
4.36127,0.0152297,5.14069
4.37959,0.0135802,5.15702
4.30769,0.0135635,5.08532
4.34959,0.014985,5.12623
4.39768,0.0182741,5.18938
4.53028,0.0178347,5.31164
4.42521,0.0199143,5.21118
4.36374,0.0149234,5.14533
4.45056,0.0165381,5.23676
4.4134,0.0137159,5.19326
4.31404,0.0171205,5.09341
4.35554,0.0138798,5.13165
4.39916,0.0132656,5.17529
4.46265,0.0213983,5.25826
4.42241,0.0152998,5.1997
4.33925,0.0165616,5.11954
4.35818,0.0166921,5.13637
4.42216,0.0198631,5.20448
4.59213,0.0118536,5.36432
4.31917,0.0174887,5.11559
4.44085,0.019003,5.22489
4.37591,0.0175654,5.15605
4.41205,0.0167309,5.19091
4.47553,0.0176076,5.256
4.36644,0.0168289,5.14691
5 threads per task
4.33549,0.0223008,5.12249
4.42031,0.0211047,5.20527
4.31409,0.0208557,5.10144
4.32084,0.0203088,5.10906
4.40781,0.0205252,5.19711
4.38784,0.0220631,5.17503
4.32642,0.0231919,5.11129
4.44217,0.02293,5.23654
4.34228,0.0241684,5.14228
4.33347,0.0236877,5.1226
4.31585,0.0222599,5.1031
4.55074,0.0225113,5.33599
4.3384,0.027269,5.12911
4.35381,0.0255147,5.13916
4.47357,0.0241036,5.26208
4.40282,0.0263751,5.19104
4.3786,0.0214152,5.16076
4.54319,0.0263671,5.33133
4.46281,0.0257252,5.24904
4.32571,0.0299869,5.12797
4.41304,0.0233001,5.19761
4.35856,0.0228632,5.14357
4.43477,0.0217749,5.26219
4.39502,0.0212022,5.17919
4.42754,0.0215056,5.21082
4.35856,0.0198542,5.14186
4.33241,0.0292151,5.12357
4.44725,0.0226158,5.23145
4.36135,0.0214705,5.15019
4.28357,0.0214081,5.06909
4.40595,0.0206627,5.19046
4.36797,0.0221081,5.16205
4.37408,0.0215981,5.16894
4.40979,0.0230568,5.19759
4.31636,0.0210867,5.09868
4.3552,0.0231573,5.14207
4.44408,0.0228406,5.2281
4.35127,0.0217948,5.13706
4.44181,0.0228025,5.22897
4.35339,0.0230649,5.13892
4.37273,0.0200293,5.15613
4.40524,0.0218859,5.22249
4.36385,0.0243039,5.14975
4.36097,0.0219365,5.14788
4.35343,0.0239266,5.13875
4.40282,0.0229342,5.19694
4.35048,0.0233937,5.14811
4.43301,0.0209183,5.219
4.39458,0.0201285,5.17891
4.40578,0.0194981,5.19028
4.43512,0.0222377,5.22011
6 threads per task
4.40819,0.0279745,5.21008
4.42877,0.0246419,5.21575
4.33844,0.0363409,5.13633
4.39954,0.0246661,5.19019
4.43342,0.0265519,5.22636
4.42073,0.0253584,5.20993
4.46293,0.0251139,5.25001
4.34316,0.0239774,5.13037
4.45165,0.0240949,5.24042
4.32407,0.027832,5.11539
4.36336,0.0256453,5.15012
4.46486,0.0263801,5.25648
4.3877,0.0326409,5.19107
4.42475,0.0269312,5.22276
4.29098,0.0248173,5.0798
4.43555,0.0255667,5.22194
4.39905,0.0263258,5.20096
4.36547,0.0245853,5.15372
4.44983,0.0307669,5.24215
4.3613,0.0272491,5.15409
4.39616,0.0262815,5.18422
4.40304,0.0273021,5.19518
4.3494,0.0281003,5.13966
4.32693,0.0245379,5.11343
4.44558,0.0321473,5.24031
4.31125,0.0290548,5.10582
4.34886,0.0235865,5.13381
4.28636,0.0260753,5.07604
4.4572,0.0283653,5.25463
4.42396,0.0265555,5.21606
4.396,0.025829,5.19653
4.45379,0.0270914,5.24457
4.33605,0.0261896,5.12718
4.44421,0.0274863,5.23553
4.43016,0.0258746,5.21744
4.45576,0.0261259,5.24446
4.32602,0.0268611,5.1151
4.39467,0.0276292,5.18333
4.42492,0.0274903,5.21848
4.32039,0.0262504,5.12028
4.39779,0.029648,5.1882
4.36375,0.0245935,5.15001
4.44572,0.028351,5.23908
4.40491,0.0273325,5.19395
4.45179,0.0280231,5.24376
4.43994,0.0279672,5.2323
4.37249,0.0277101,5.16394
4.34592,0.0262644,5.13706
4.32585,0.0261438,5.11578
4.41964,0.028165,5.22016
4.40001,0.0262617,5.18767
7 threads per task
4.32814,0.0297971,5.12565
4.32724,0.030844,5.12431
4.30799,0.0297638,5.11086
4.4338,0.0288322,5.22724
4.43831,0.0323508,5.23304
4.38859,0.0283566,5.18043
4.46672,0.0325684,5.27269
4.3933,0.0293857,5.20729
4.39878,0.0294025,5.19357
4.43371,0.0309128,5.22824
4.3953,0.0292885,5.18669
4.32863,0.0357407,5.12634
4.33605,0.0298969,5.13226
4.39055,0.0331191,5.1907
4.41756,0.0323259,5.21272
4.39593,0.0296076,5.1945
4.39865,0.034366,5.19396
4.43566,0.0342869,5.23308
4.36027,0.0304497,5.15142
4.43339,0.0281193,5.22476
4.49047,0.0301701,5.2854
4.41406,0.0302233,5.20616
4.30219,0.0299602,5.09656
4.41788,0.0314795,5.21691
4.43203,0.0292676,5.23744
4.65004,0.0313741,5.45525
4.43791,0.0321211,5.23192
4.49655,0.0310241,5.29074
4.41478,0.028876,5.2066
4.40786,0.0305349,5.20439
4.31347,0.0323273,5.11985
4.32069,0.0310179,5.12239
4.30238,0.0303079,5.0978
4.33355,0.0292279,5.13239
4.49668,0.0300824,5.30082
4.45722,0.0290838,5.24745
4.28017,0.0309959,5.07571
4.43402,0.031102,5.23689
4.33083,0.033657,5.12554
4.39592,0.028979,5.19021
4.44286,0.0309704,5.23556
4.38881,0.0285875,5.18035
4.3334,0.0336067,5.12763
4.43165,0.0314027,5.2341
4.44977,0.029114,5.2655
4.33996,0.030413,5.13376
4.44123,0.0301309,5.23349
4.43748,0.0315809,5.2389
4.29466,0.0311992,5.08966
4.38936,0.0316057,5.18444
4.33058,0.0312362,5.12752
8 threads per task
4.30993,0.0340499,5.10939
4.3055,0.031512,5.09993
4.43395,0.0356605,5.23241
4.31115,0.0336796,5.12266
4.43308,0.0342674,5.23129
4.40317,0.0346944,5.20039
4.38766,0.0349458,5.19444
4.31195,0.0357618,5.11292
4.33669,0.0422347,5.13941
4.44058,0.0328891,5.23856
4.36991,0.0342597,5.17148
4.37697,0.0331768,5.17679
4.30157,0.0343813,5.10015
4.31923,0.0334631,5.11595
4.43825,0.035757,5.23818
4.31342,0.0347908,5.11289
4.42848,0.0323164,5.22658
4.31151,0.0379606,5.11402
4.45583,0.030412,5.25096
4.3158,0.0337363,5.11235
4.38972,0.0366713,5.19373
4.43814,0.0342387,5.24752
4.34641,0.0310215,5.14434
4.31166,0.0351929,5.11754
4.33511,0.0355347,5.13615
4.37672,0.0328549,5.1825
4.33776,0.0317112,5.13398
4.43106,0.0369408,5.2279
4.47149,0.034254,5.26789
4.33699,0.0359959,5.13559
4.42867,0.0398383,5.23231
4.35277,0.0314663,5.14792
4.31875,0.0376378,5.13208
4.43159,0.037618,5.23465
4.38124,0.0373549,5.18245
4.4375,0.032687,5.23198
4.4577,0.0343339,5.25564
4.33853,0.0390842,5.1377
4.43438,0.0324544,5.22984
4.3007,0.0356843,5.1
4.35443,0.0357234,5.15253
4.34517,0.0393265,5.14708
4.408,0.0341333,5.20495
4.36212,0.0329383,5.15793
4.35934,0.0344714,5.15898
4.40865,0.0375773,5.20589
4.46475,0.0346482,5.26178
4.39994,0.0374235,5.21061
4.44209,0.0368801,5.29477
4.4037,0.0356627,5.2016
4.45924,0.0345022,5.25627
