Bash version 4.2.46(1)-release...
10 tasks per node
1 threads per task
2.82833,0.00177193,3.35355
2.6668,0.00180792,3.19196
2.63842,0.00166719,3.16255
2.67181,0.00167068,3.19831
2.69329,0.00183068,3.22024
2.61839,0.00197865,3.14608
2.60906,0.00180729,3.13319
2.81626,0.0020533,3.34241
2.61239,0.0015107,3.13668
2.63543,0.00182443,3.16108
2.66133,0.00162741,3.18493
2.80636,0.00160034,3.33293
2.63836,0.00174918,3.16373
2.6063,0.00179968,3.13793
2.72597,0.00165637,3.24821
2.65258,0.00191527,3.17633
2.76882,0.00150905,3.29382
2.66679,0.00198265,3.19162
2.65545,0.0017278,3.1778
2.64085,0.0016533,3.16345
2.67346,0.00177897,3.19999
2.6851,0.00170117,3.21064
2.77229,0.00181571,3.29751
2.65702,0.00200783,3.18258
2.65587,0.0016534,3.18808
2.67727,0.00170984,3.20493
2.70423,0.00177557,3.23064
2.65133,0.00159515,3.18043
2.67386,0.00213712,3.19875
2.67404,0.00163824,3.20199
2.60766,0.00197619,3.13109
2.76845,0.00161741,3.29328
2.66062,0.00175773,3.18617
2.62611,0.00170301,3.14973
2.58985,0.0016966,3.11523
2.75477,0.00188712,3.2787
2.69705,0.00177754,3.22246
2.66586,0.00171125,3.19286
2.60732,0.00162332,3.1319
2.67686,0.00168703,3.21028
2.67555,0.00202509,3.20132
2.6647,0.00154463,3.18624
2.65443,0.00167582,3.18214
2.6634,0.0017653,3.18907
2.69844,0.00179986,3.22312
2.82617,0.00203279,3.35184
2.66295,0.00184786,3.1879
2.65225,0.00208916,3.18668
2.66383,0.00172717,3.19145
2.81545,0.00179402,3.34123
2.70129,0.00174948,3.22883
2 threads per task
2.66274,0.00352987,3.19076
2.62673,0.00353227,3.15306
2.59755,0.00358298,3.12829
2.76718,0.00341708,3.29343
2.72377,0.00340755,3.25197
2.60379,0.00361292,3.13169
2.60782,0.00276657,3.13601
2.60322,0.00301607,3.12932
2.71434,0.00476401,3.24222
2.69621,0.00256177,3.22193
2.63231,0.00372081,3.15987
2.70191,0.00372076,3.23108
2.65746,0.00328792,3.18649
2.6681,0.00370928,3.19605
2.65384,0.00363125,3.18091
2.69529,0.00373538,3.22144
2.59745,0.00364226,3.12652
2.67651,0.00352217,3.2065
2.66293,0.00349908,3.18804
2.67822,0.00368376,3.20485
2.65431,0.00335198,3.18032
2.6868,0.00376673,3.21359
2.67632,0.00356281,3.21196
2.65677,0.00360235,3.18471
2.65342,0.00260585,3.18046
2.72127,0.00323704,3.25923
2.59579,0.00254036,3.12163
2.60429,0.00943165,3.13662
2.64973,0.00277651,3.17639
2.59259,0.00367757,3.13094
2.67592,0.00259123,3.20237
2.68325,0.00340169,3.20888
2.60345,0.00385202,3.13111
2.65107,0.00265173,3.17848
2.59921,0.00346615,3.12718
2.65573,0.00261264,3.17947
2.70358,0.0026065,3.23076
2.76681,0.00365424,3.29443
2.65789,0.00344227,3.18634
2.81377,0.00399603,3.34145
2.671,0.00360103,3.1998
2.63092,0.00388466,3.16133
2.62912,0.00425011,3.15688
2.69843,0.00351289,3.22607
2.68356,0.00325858,3.20995
2.63197,0.00326824,3.15702
2.65258,0.00365735,3.18103
2.65792,0.00370214,3.18575
2.65016,0.00354315,3.17812
2.61186,0.00372187,3.13852
2.72377,0.00346433,3.2504
3 threads per task
2.65041,0.00699312,3.18096
2.66998,0.00681214,3.20823
2.65152,0.00632176,3.18047
2.66081,0.00677827,3.19044
2.66381,0.00741379,3.19437
2.65572,0.0057114,3.1869
2.6502,0.00690967,3.18292
2.65731,0.0176525,3.19407
2.64809,0.00668979,3.17886
2.6555,0.0054391,3.18385
2.68901,0.00676862,3.22019
2.64323,0.0104422,3.17443
2.66028,0.00655778,3.19793
2.64198,0.0107923,3.1783
2.6056,0.00727055,3.13704
2.66877,0.00668708,3.2104
2.65774,0.00628669,3.18863
2.60164,0.00648016,3.14126
2.60042,0.00555898,3.13074
2.64643,0.0102423,3.18316
2.65753,0.00588267,3.18776
2.65903,0.00685368,3.18963
2.66299,0.00634879,3.20373
2.60237,0.00566186,3.13016
2.61433,0.00645486,3.14473
2.66105,0.00710404,3.19178
2.66848,0.00697779,3.20187
2.68899,0.00608846,3.22141
2.75119,0.00727983,3.28149
2.68649,0.0051865,3.21533
2.6523,0.00707684,3.18538
2.63979,0.00671899,3.17039
2.64477,0.00561184,3.17601
2.66613,0.00537255,3.19559
2.62738,0.00588212,3.15638
2.66057,0.00998701,3.19418
2.69127,0.00613055,3.23347
2.65374,0.00512918,3.18137
2.66923,0.00505714,3.19825
2.74801,0.013954,3.28778
2.68086,0.00697855,3.20972
2.64304,0.00662138,3.17571
2.61869,0.00575283,3.1485
2.66574,0.0136685,3.2027
2.64205,0.00525217,3.16914
2.60874,0.0074521,3.14291
2.65104,0.00710549,3.182
2.67157,0.00667053,3.20247
2.67375,0.00737049,3.20273
2.67244,0.00708003,3.20462
2.67492,0.00997259,3.20977
4 threads per task
2.62107,0.00924433,3.15028
2.6065,0.014517,3.14471
2.70536,0.00885444,3.23849
2.60202,0.00880615,3.13653
2.60441,0.0138458,3.14402
2.68959,0.0131472,3.22839
2.63053,0.0104666,3.16853
2.66668,0.008433,3.19656
2.66067,0.0208946,3.20901
2.65233,0.00982185,3.18746
2.61133,0.0103681,3.14657
2.68246,0.0104282,3.21681
2.59201,0.0101332,3.12708
2.68989,0.0100815,3.22563
2.64852,0.00926862,3.1895
2.66688,0.0135307,3.20511
2.67901,0.0100585,3.21028
2.67144,0.00938994,3.20698
2.66097,0.0134398,3.19885
2.6617,0.0091967,3.19447
2.58901,0.00985401,3.12282
2.66237,0.0089542,3.19313
2.69337,0.0118725,3.23006
2.64725,0.017476,3.19215
2.6548,0.0100756,3.19046
2.77538,0.0101628,3.30923
2.6223,0.0134853,3.15958
2.67113,0.0127528,3.21557
2.67997,0.0088697,3.21191
2.61108,0.00899629,3.15113
2.68346,0.0095174,3.21694
2.71722,0.0200436,3.26332
2.65861,0.0103452,3.19406
2.69223,0.0140251,3.22917
2.66529,0.00973829,3.19818
2.65971,0.00881588,3.1932
2.67627,0.0136055,3.21402
2.69115,0.0133613,3.23042
2.66098,0.00932714,3.19439
2.67824,0.00983114,3.21158
2.66802,0.0122179,3.20455
2.71195,0.0100056,3.24741
2.65145,0.00823475,3.18372
2.6131,0.00931147,3.14459
2.62949,0.0100683,3.16461
2.69523,0.00933944,3.2283
2.63492,0.0100355,3.17163
2.62031,0.0101671,3.15375
2.67222,0.00933194,3.20566
2.67213,0.0139456,3.20898
2.66506,0.00846084,3.19439
5 threads per task
2.59759,0.0129999,3.13577
2.7198,0.0151267,3.25761
2.63899,0.0193266,3.18288
2.71237,0.0140122,3.24563
2.6787,0.0123198,3.21271
2.67039,0.0136123,3.20906
2.69494,0.0123383,3.23176
2.64398,0.0116636,3.18004
2.62176,0.013584,3.1591
2.70009,0.0133468,3.23716
2.77766,0.0104563,3.31338
2.64885,0.0136632,3.18472
2.79801,0.0131938,3.33355
2.72606,0.0134341,3.26539
2.67955,0.0148283,3.21608
2.66754,0.0131328,3.2073
2.61202,0.0120748,3.14844
2.66729,0.0168963,3.20551
2.66396,0.0159527,3.20105
2.72328,0.0178104,3.2632
2.6096,0.0131489,3.15181
2.6305,0.0122844,3.17498
2.65225,0.0150343,3.1933
2.6072,0.0121988,3.14305
2.97844,0.0131845,3.51626
2.61383,0.0136059,3.15257
2.66162,0.0121467,3.2013
2.66016,0.0120191,3.1921
2.60916,0.0175068,3.14632
2.67013,0.0133481,3.20589
2.69562,0.0118985,3.23164
2.60674,0.0116735,3.14048
2.62043,0.0132108,3.15783
2.70134,0.0128714,3.23832
2.63492,0.0131377,3.17158
2.65286,0.0125722,3.18848
2.75476,0.0141234,3.29232
2.67685,0.0142957,3.21602
2.64723,0.0163041,3.18794
2.63498,0.0151064,3.17439
2.63091,0.0191269,3.17276
2.62095,0.0133661,3.15787
2.62399,0.0149588,3.16406
2.62353,0.0117385,3.16748
2.61959,0.0148094,3.15936
2.78927,0.0172934,3.33177
2.65812,0.0137913,3.20627
2.76133,0.0114943,3.29601
2.65506,0.0118082,3.19003
2.65079,0.0118938,3.18774
2.65337,0.0136168,3.19133
6 threads per task
2.60394,0.0158593,3.1444
2.73274,0.0227427,3.28037
2.66301,0.0152208,3.20161
2.59844,0.0163594,3.14128
2.63521,0.0225087,3.17896
2.67098,0.0152347,3.21436
2.76928,0.0152857,3.30957
2.66884,0.014939,3.20718
2.68895,0.0153804,3.22818
2.71911,0.0156017,3.25977
2.6577,0.0153123,3.19826
2.67974,0.0157232,3.21929
2.60003,0.0307746,3.15523
2.66513,0.0164674,3.20676
2.65797,0.0166087,3.19688
2.65428,0.0180703,3.19584
2.60681,0.0148868,3.14275
2.77245,0.0166423,3.40158
2.63163,0.0199595,3.17325
2.67204,0.0164177,3.21187
2.60914,0.0182522,3.15755
2.61064,0.0289142,3.16532
2.63248,0.019791,3.17776
2.69644,0.0218722,3.24082
2.77118,0.0185317,3.31389
2.62611,0.018115,3.16895
2.59418,0.0166753,3.13614
2.62105,0.0185612,3.16353
2.7049,0.0162677,3.2461
2.67391,0.0196798,3.21708
2.61877,0.0178208,3.16214
2.67499,0.018619,3.21616
2.60221,0.0170771,3.1387
2.64593,0.0234777,3.19314
2.64117,0.0155746,3.18134
2.61411,0.0175478,3.15938
2.6871,0.0201835,3.23238
2.71074,0.0180055,3.26109
2.62321,0.0170446,3.1645
2.66869,0.0184299,3.21342
2.70576,0.0151983,3.24517
2.67146,0.0205613,3.21658
2.60755,0.0169089,3.14953
2.65404,0.01878,3.19417
2.69828,0.0162507,3.24464
2.67446,0.0150056,3.21186
2.72886,0.0152173,3.26744
2.62501,0.0173663,3.1668
2.65539,0.0178718,3.19261
2.61529,0.0168391,3.1538
2.6537,0.0152809,3.18938
7 threads per task
2.76426,0.0193313,3.30623
2.60639,0.0187881,3.14976
2.67367,0.021364,3.22004
2.65106,0.0197512,3.19608
2.65453,0.0184996,3.19982
2.64558,0.0187746,3.18802
2.62883,0.0232302,3.177
2.62218,0.0208048,3.16805
2.6748,0.0179515,3.21916
2.88985,0.0228767,3.43687
2.66974,0.0203196,3.21603
2.61474,0.0174468,3.155
2.59426,0.0187865,3.15974
2.68126,0.0170609,3.2251
2.64756,0.0206247,3.19235
2.769,0.0258444,3.31923
2.66876,0.022104,3.21375
2.78044,0.0201586,3.32623
2.59617,0.0165023,3.14026
2.65321,0.0222349,3.20055
2.61997,0.019892,3.16404
2.61553,0.0168059,3.16987
2.77632,0.0187955,3.32259
2.71173,0.0225086,3.26979
2.66728,0.0200076,3.212
2.71094,0.0189758,3.25546
2.68553,0.0187803,3.22935
2.67548,0.0180831,3.21827
2.71838,0.023947,3.26437
2.64109,0.0219317,3.18753
2.70009,0.0182925,3.24329
2.65853,0.0224308,3.2038
2.67916,0.0186668,3.22259
2.67691,0.0168615,3.21959
2.61468,0.0184332,3.15848
2.64037,0.0184788,3.18658
2.6587,0.0205819,3.21299
2.70346,0.0200466,3.24714
2.60642,0.0201968,3.1552
2.61063,0.0286836,3.1583
2.65916,0.0164294,3.19945
2.72037,0.0232016,3.26699
2.6587,0.0274267,3.20783
2.6526,0.0196091,3.19778
2.65747,0.0209184,3.21094
2.59731,0.019958,3.14191
2.7459,0.0222358,3.28894
2.67245,0.0209948,3.21909
2.68395,0.0179056,3.22765
2.65703,0.0226872,3.20648
2.66052,0.0184046,3.20991
8 threads per task
2.62704,0.0261539,3.18076
2.60128,0.0273246,3.15266
2.66983,0.0277094,3.22026
2.59874,0.0236971,3.14811
2.6421,0.0266832,3.18565
2.62203,0.0245233,3.17019
2.76177,0.025177,3.31124
2.6102,0.0257226,3.1599
2.69308,0.027674,3.24115
2.71716,0.0257916,3.26471
2.64334,0.0196667,3.19
2.64996,0.0255985,3.20005
2.66278,0.0210936,3.20797
2.65942,0.0232978,3.21487
2.6653,0.0227526,3.21076
2.6621,0.0204582,3.21281
2.60377,0.0198713,3.15352
2.65096,0.0241102,3.19909
2.65924,0.0198059,3.21453
2.7088,0.0241526,3.25853
2.64783,0.0251977,3.20026
2.66499,0.0230968,3.21394
2.59702,0.0201851,3.14275
2.69272,0.0219063,3.24193
2.6558,0.0248267,3.20589
2.78629,0.0228835,3.33633
2.61035,0.0249248,3.16071
2.65287,0.0258168,3.20408
2.61256,0.02001,3.1575
2.65984,0.0197651,3.20474
2.60021,0.0212614,3.14958
2.65353,0.0211024,3.19763
2.63974,0.0252601,3.19428
2.69438,0.0233274,3.24015
2.63701,0.0245269,3.18682
2.63857,0.0245103,3.19776
2.6577,0.0228137,3.20484
2.66899,0.0231722,3.21881
2.6612,0.02127,3.21069
2.62563,0.0180579,3.17277
2.72206,0.0233285,3.27132
2.65422,0.0212401,3.19969
2.64428,0.0198645,3.20123
2.73226,0.0246534,3.2797
2.67415,0.0269056,3.22333
2.70354,0.0215459,3.25097
2.6814,0.034694,3.23698
2.69128,0.0202094,3.23666
2.66164,0.0223838,3.21152
2.72036,0.0268469,3.27201
2.68635,0.0234628,3.23373
