Bash version 4.2.46(1)-release...
14 tasks per node
1 threads per task
1.95476,0.000270654,0.000818934,2.45481
1.96124,0.00027129,0.000819323,2.45747
1.95321,0.000247995,0.000724927,2.45062
1.96963,0.000262593,0.000811963,2.47401
1.95167,0.000244497,0.000818722,2.45329
1.96399,0.000251291,0.000740063,2.47334
1.95471,0.000253147,0.000767764,2.45442
2.0103,0.00025472,0.000731183,2.51119
1.95502,0.000265442,0.000795785,2.45996
1.99364,0.000243724,0.000786703,2.49269
1.9623,0.000233062,0.000746216,2.46017
1.97831,0.000245905,0.000705581,2.48427
1.9636,0.000250021,0.000767772,2.46106
1.95769,0.000236102,0.000722212,2.46659
2.00423,0.000275416,0.000749222,2.50237
1.95642,0.000251075,0.000781996,2.46054
1.95014,0.000249175,0.000725943,2.44974
1.95571,0.000242715,0.000720807,2.46835
1.99476,0.000247711,0.000765157,2.49402
1.95992,0.000259308,0.000772004,2.45837
1.95927,0.000254839,0.000828247,2.46111
2 threads per task
1.96375,0.00350509,0.00218977,2.4711
2.00717,0.00349881,0.00239715,2.51633
1.95898,0.00350376,0.00169427,2.46144
1.94671,0.0034837,0.000800059,2.44843
1.95608,0.00019365,0.00584339,2.46244
1.95384,0.00178899,0.00234162,2.45758
1.95792,0.00368781,0.00234141,2.46406
1.99505,0.0034948,0.000718093,2.5003
1.98188,0.0037028,0.00105883,2.48687
1.97082,0.00177738,0.00262893,2.47792
1.99024,0.00602859,0.000728794,2.5068
1.96726,0.00350153,0.00242673,2.47361
1.9578,0.000183152,0.00767805,2.46219
1.9658,0.00349319,0.000707686,2.47559
1.98314,0.00353557,0.00072458,2.49064
1.98398,0.0017873,0.00419186,2.49104
1.97382,0.00354105,0.000835475,2.4761
1.95074,0.0024368,0.00160786,2.4566
1.96179,0.00348537,0.000716241,2.46509
1.97189,0.000799968,0.00462236,2.47412
2.00183,0.00349225,0.00067491,2.50327
3 threads per task
1.98593,0.00673774,0.0014249,2.49655
1.95532,0.00672551,0.00221217,2.46452
1.94703,0.00693814,0.000736294,2.45414
1.96419,0.00515507,0.00214489,2.47441
1.94618,0.00671041,0.00206274,2.45663
1.98187,0.00674141,0.00546613,2.55507
1.94934,0.00167068,0.0120138,2.46764
1.97631,0.00699365,0.0018941,2.49777
1.95786,0.00510575,0.00354419,2.46823
1.97102,0.00508599,0.00220478,2.48179
1.9793,0.00993304,0.00361104,2.49132
1.97269,0.00511972,0.00516793,2.48205
1.95951,0.00673527,0.00379713,2.4935
1.93899,0.00356978,0.00549625,2.45654
1.9472,0.00676161,0.000761678,2.46742
1.95137,0.00345045,0.00726366,2.4635
1.95413,0.0118089,0.00170484,2.4653
1.95083,0.00510934,0.00220931,2.46355
1.94105,0.00836664,0.0068486,2.45484
1.96236,0.00514889,0.00211404,2.48069
1.95132,0.00518527,0.0108848,2.46391
4 threads per task
1.96779,0.0257923,0.00184621,2.49583
1.96753,0.0104372,0.012954,2.49925
2.01184,0.00844032,0.0174782,2.53464
1.95881,0.0066396,0.0122957,2.48084
1.97227,0.010058,0.0125506,2.49404
1.94701,0.0050677,0.0164929,2.46965
1.97864,0.0134237,0.00876483,2.50153
1.97342,0.00548244,0.0140701,2.49215
1.96589,0.018878,0.00529312,2.48765
1.95754,0.00985955,0.00983287,2.49747
1.97028,0.0181931,0.00231868,2.49513
1.9462,0.0118811,0.0113094,2.4716
1.96264,0.00669643,0.0162492,2.4825
1.9645,0.00670478,0.0150435,2.48507
1.95262,0.00670428,0.0177729,2.48125
1.95052,0.0116467,0.0116341,2.47103
1.97092,0.0101754,0.00911719,2.49305
1.96286,0.00642493,0.0153528,2.48658
1.95049,0.00672463,0.0139121,2.47346
1.95876,0.00503235,0.0197909,2.488
1.95885,0.0050933,0.0155809,2.47702
5 threads per task
1.96648,0.0261088,0.00390181,2.49943
1.98269,0.00646544,0.02114,2.50919
1.95909,0.0123022,0.017165,2.48763
1.97464,0.0235294,0.0101537,2.50659
1.95196,0.00996515,0.0154061,2.48012
1.9483,0.00830403,0.0162831,2.47421
1.95002,0.00995131,0.0174737,2.47758
1.96249,0.0115765,0.0126659,2.48692
1.96317,0.0099699,0.0146201,2.49415
1.96548,0.0181367,0.00390445,2.49574
1.97046,0.00836931,0.0188319,2.49568
1.98915,0.0099639,0.022479,2.5225
2.14747,0.00656239,0.0260113,2.6768
1.96794,0.00830704,0.0145619,2.49886
1.95631,0.0165314,0.010794,2.48739
1.95643,0.00665215,0.0217478,2.4848
1.95617,0.00996015,0.0134587,2.48736
1.97428,0.0114881,0.0137639,2.50545
1.976,0.011557,0.0171277,2.50049
1.96534,0.0266407,0.00147811,2.49495
1.96272,0.0240885,0.00615531,2.49515
6 threads per task
1.96283,0.0213697,0.0142952,2.495
1.95803,0.013187,0.019751,2.50512
1.97076,0.0131966,0.022289,2.50707
1.95852,0.0132485,0.0199257,2.48763
1.95226,0.0114807,0.0211657,2.48624
1.97028,0.0164733,0.0202469,2.50454
1.9601,0.0207301,0.0137984,2.49185
1.9765,0.016474,0.0153519,2.51312
1.98799,0.00988998,0.0216238,2.51901
2.02744,0.0148335,0.0197218,2.56337
1.97674,0.0115443,0.0119959,2.51089
1.96458,0.01069,0.0251582,2.49968
1.96441,0.0173436,0.0113506,2.49377
1.9463,0.00815381,0.0261026,2.50924
1.97613,0.0218881,0.0102255,2.50484
1.96781,0.0166648,0.0112472,2.49835
1.96136,0.00991025,0.0200304,2.49663
2.01794,0.0146422,0.0165611,2.55035
1.97761,0.0131291,0.0186566,2.51378
1.9648,0.0115449,0.0203767,2.49633
2.00957,0.01313,0.0156371,2.53722
7 threads per task
1.99836,0.0294212,0.0134939,2.54141
1.95263,0.0213449,0.0212516,2.50255
1.9855,0.0239705,0.019409,2.53909
1.94411,0.0285319,0.00913193,2.48899
1.94845,0.00647247,0.0323947,2.4918
1.94641,0.0164122,0.0193025,2.48033
1.95082,0.0148024,0.0241195,2.48742
1.98332,0.0246469,0.0163508,2.52273
1.98436,0.00993717,0.0275776,2.51837
1.95749,0.0148095,0.0244317,2.49401
1.96681,0.0260975,0.0130632,2.50987
1.95638,0.0193219,0.0153473,2.50905
1.97117,0.00988736,0.0219951,2.51359
1.96187,0.00988293,0.0276544,2.49758
1.95613,0.0164211,0.019729,2.49005
1.95847,0.0147698,0.0238067,2.49855
1.9524,0.0108827,0.0291587,2.4939
1.94746,0.0164573,0.0213369,2.48664
1.96985,0.0310302,0.00338322,2.50282
1.96241,0.0237696,0.0136971,2.49631
1.94415,0.01806,0.0272418,2.48721
8 threads per task
2.18818,0.0196512,0.0230551,2.72975
1.95185,0.0196654,0.0250939,2.53854
1.97244,0.0339076,0.00558013,2.51838
1.94556,0.02123,0.0282135,2.49355
1.94877,0.0147856,0.0258813,2.49797
1.96131,0.0148744,0.0284249,2.50243
1.95942,0.0213144,0.0158252,2.50352
2.00978,0.0229206,0.0226,2.55693
1.97595,0.0147481,0.0252414,2.51481
1.98054,0.0212474,0.0187758,2.52101
1.94561,0.0228734,0.0186672,2.48969
1.96158,0.0241475,0.0171369,2.51401
1.94393,0.0386598,0.00170413,2.48348
1.94698,0.0228111,0.0267162,2.4983
1.97919,0.0198749,0.0208017,2.52174
1.96054,0.0369325,0.00316901,2.51417
1.95676,0.0406159,0.00175479,2.49762
2.0017,0.0212827,0.018128,2.54112
1.97927,0.0131254,0.0304736,2.52351
1.96299,0.0309442,0.0138685,2.50579
1.97096,0.0164004,0.0737607,2.56213
