Bash version 4.2.46(1)-release...
1 tasks per node
1 threads per task
4.27025,0.00151191,5.32326
3.88391,0.000972444,4.93429
3.84451,0.000927769,4.89723
3.85922,0.00103542,4.91149
3.82969,0.00105527,4.88374
3.90109,0.000977203,4.95138
3.88319,0.000984985,4.93446
3.8836,0.00100813,4.93542
3.89669,0.000963824,4.94839
3.8699,0.000919878,4.91896
3.8415,0.000986224,4.8899
3.93494,0.00103472,4.98633
3.88495,0.000989689,4.93317
3.8994,0.00100886,4.94965
3.89149,0.000957513,4.94033
3.90502,0.000971487,4.95579
3.83368,0.00115545,4.88283
3.98958,0.000993861,5.04139
3.89184,0.000872103,4.94473
3.91167,0.000981178,4.95987
3.81051,0.000936773,4.85916
3.82533,0.0010419,4.87616
3.83098,0.00104781,4.87906
3.86725,0.00102672,4.9155
3.95014,0.00111457,5.00015
3.94595,0.00103679,4.99417
3.94259,0.000961898,4.99452
3.81716,0.00104411,4.86722
3.85194,0.00104527,4.90293
3.8185,0.000953157,4.87123
3.83977,0.00150327,4.8908
3.96071,0.00100559,5.01061
3.80356,0.00104664,4.85279
3.9003,0.00105277,4.9514
3.92288,0.000886627,4.97326
3.87692,0.00103039,4.92878
3.93159,0.0010989,4.98405
3.81398,0.000995358,4.86341
3.88282,0.000987202,4.93039
3.86519,0.00101285,4.91394
3.8708,0.000958905,4.92345
3.85142,0.000988238,4.9017
3.91662,0.00099271,4.96825
3.82175,0.00103974,4.87442
3.81947,0.000964927,4.86655
3.8492,0.000861395,4.90267
3.83306,0.00104615,4.8824
3.82186,0.00103065,4.87194
3.83054,0.00105444,4.8825
3.85603,0.000871586,4.9059
3.88434,0.00101965,4.93469
2 threads per task
3.88614,0.000972895,4.93342
3.99049,0.000745889,5.03951
3.88271,0.000753341,4.93497
3.91403,0.000849683,4.96436
3.82269,0.000935325,4.87145
3.94315,0.000688113,4.99422
3.90814,0.000751212,4.95877
3.88381,0.000731142,4.93499
3.88385,0.00080888,4.93366
3.85043,0.000947002,4.89928
3.84969,0.000727631,4.90132
3.86332,0.000668503,4.915
3.84892,0.000762777,4.90069
3.83905,0.000760097,4.88977
3.88536,0.000814797,4.93665
3.84245,0.000714608,4.89209
3.93442,0.000702383,4.98554
3.93278,0.000725571,4.98348
3.83217,0.000749275,4.88191
3.81785,0.000586592,4.86792
3.89688,0.000730369,4.94879
3.91239,0.000876069,4.95982
3.89478,0.000828588,4.94376
3.92291,0.000755981,4.97138
3.89763,0.000774896,4.9506
3.87704,0.000752686,4.92729
3.86767,0.000682533,4.91699
3.81262,0.000600876,4.86258
3.83023,0.000773678,4.88104
3.84131,0.000799021,4.89274
3.82837,0.000754394,4.87965
3.85282,0.000714481,4.90146
3.90749,0.000687053,4.95842
3.87922,0.000723191,4.92857
3.81906,0.000950009,4.86951
3.8947,0.000731789,4.94757
3.9098,0.000640873,4.95973
3.83974,0.000811705,4.89118
3.90915,0.000755498,4.96107
3.89268,0.00071805,4.94265
3.83399,0.000689916,4.88203
3.84737,0.000865171,4.89565
3.91599,0.000692366,4.96546
3.88646,0.000586288,4.93724
3.81962,0.000821553,4.86905
4.05993,0.000827769,5.11021
3.80471,0.00080361,4.85422
3.81626,0.00103417,4.86366
3.87761,0.000776097,4.93024
3.88187,0.000926996,4.93477
3.891,0.000730645,4.94114
3 threads per task
3.89376,0.000679864,4.94286
3.81374,0.000820694,4.86527
3.7655,0.000739753,4.81494
3.88059,0.000777762,4.93093
3.92172,0.00069231,4.97107
3.82597,0.000822365,4.87674
3.94939,0.000988623,5.00059
3.94517,0.00100892,4.99553
3.88808,0.000639271,4.93777
3.79357,0.000870429,4.84385
3.97063,0.000647264,5.02296
3.89221,0.000751587,4.94602
3.82518,0.000778174,4.87535
3.8436,0.001118,4.89141
3.82589,0.00071002,4.87572
3.82511,0.000837483,4.87374
3.87613,0.000690581,4.92898
3.91169,0.00064287,4.96183
3.80399,0.000713615,4.85373
3.92106,0.000699515,4.97138
3.84084,0.000674408,4.89327
3.79424,0.000690844,4.84504
3.93716,0.0008894,4.98681
3.93018,0.000630245,4.98302
3.91054,0.000738857,4.96243
3.89126,0.000661833,4.94402
3.83609,0.000739843,4.88386
3.83433,0.000779727,4.8863
3.85626,0.000722358,4.90775
3.8228,0.00064634,4.87069
3.85018,0.000896655,4.90067
3.83657,0.00059039,4.88655
3.92749,0.000757715,4.97684
3.94619,0.00087961,4.99577
3.89452,0.000701305,4.94271
3.9048,0.000632983,4.95459
3.81504,0.000742702,4.86359
3.89283,0.000923462,4.94281
3.8934,0.000683416,4.94542
3.90909,0.000730665,4.96097
3.87435,0.000784636,4.9274
3.88169,0.00073267,4.93039
3.83332,0.000693828,4.88138
3.86178,0.00118476,4.91217
3.83522,0.00074398,4.88705
3.84833,0.000694795,4.89848
3.88281,0.000663452,4.93294
3.86224,0.000706913,4.91337
3.91246,0.00107118,4.96268
3.89585,0.000691861,4.94638
3.8456,0.000703231,4.89455
4 threads per task
3.89145,0.000627164,4.94251
3.88629,0.000785569,4.93612
3.83498,0.000527335,4.88323
3.93947,0.000647381,4.99007
3.81712,0.000594983,4.86435
3.82095,0.00060755,4.87229
3.90073,0.000714671,4.95175
3.81769,0.000676993,4.86715
3.85096,0.000674674,4.90302
3.90409,0.000492934,4.95716
3.97025,0.000589477,5.02117
3.86137,0.000618385,4.90932
3.88294,0.000609485,4.93109
3.83582,0.000568375,4.88778
3.89382,0.000564927,4.94409
3.85615,0.000471385,4.90397
3.89208,0.000542795,4.94258
3.94191,0.000767866,4.9922
3.89177,0.000749314,4.93982
3.90641,0.000792051,4.95653
3.89368,0.000624035,4.9437
3.89119,0.000659391,4.94535
3.86316,0.000557255,4.91494
3.91786,0.000570305,4.96736
3.95772,0.000625672,5.00653
3.87823,0.000729399,4.92957
3.8836,0.000627412,4.93381
3.80908,0.000750417,4.86002
3.81526,0.000647945,4.86529
3.881,0.000904478,4.92998
3.81232,0.000851698,4.86173
3.95899,0.000659082,5.00905
3.84597,0.000754427,4.89604
3.8287,0.000674084,4.8771
3.96131,0.000649961,5.01417
3.91081,0.000729376,4.95988
3.87151,0.000657137,4.91921
3.88242,0.000469593,4.93052
3.90431,0.00123946,4.95526
3.84402,0.000891441,4.8934
3.88024,0.0007091,4.93155
3.82659,0.00045684,4.87552
3.88886,0.000582937,4.94013
3.81799,0.000688508,4.86518
3.87849,0.000840297,4.92955
4.00197,0.000439761,5.05229
3.82101,0.000739738,4.86953
3.87979,0.000727452,4.93164
3.89183,0.000593657,4.94315
3.83725,0.000878045,4.88739
3.88914,0.000590434,4.93886
5 threads per task
3.89915,0.000756267,4.94844
3.93551,0.000566212,4.98535
3.91013,0.000537539,4.95852
3.83689,0.000802273,4.88438
3.89854,0.00067419,4.95174
3.83055,0.000465721,4.88239
3.89689,0.000817327,4.94614
3.89158,0.000721749,4.94356
3.90439,0.000924435,4.95597
3.8782,0.000530886,4.92929
3.82926,0.00100188,4.88315
3.89196,0.000515364,4.94152
3.81478,0.00104347,4.86499
3.8848,0.000536932,4.93492
3.91283,0.00070093,4.96679
3.93119,0.000843838,4.98141
3.87971,0.000796666,4.93087
3.8869,0.0007015,4.93923
3.8003,0.000896895,4.85139
3.81297,0.000767471,4.86452
3.88524,0.000649612,4.93602
3.87885,0.000590753,4.92767
3.87717,0.000677845,4.92694
3.84584,0.000558408,4.89449
3.87615,0.000719547,4.924
3.82296,0.000491729,4.87423
3.88268,0.000552133,4.93633
3.90557,0.000846807,4.95364
3.81878,0.000594746,4.8676
3.82882,0.000634937,4.87986
3.83912,0.000708697,4.88607
3.83029,0.000580426,4.88067
3.89617,0.0008053,4.94615
3.9133,0.000708207,4.96284
3.99251,0.000604874,5.04422
3.8771,0.000556445,4.92611
3.82079,0.000713553,4.87061
3.91324,0.000769123,4.96425
3.81219,0.000791607,4.86199
3.83623,0.000637311,4.88571
3.88536,0.00079775,4.93547
3.80882,0.000605328,4.86033
3.80038,0.000627177,4.84939
4.00858,0.000793973,5.0578
3.91228,0.000584977,4.96125
3.8952,0.000521965,4.9439
3.84892,0.000530276,4.89971
3.81943,0.000591347,4.8685
3.89324,0.00057942,4.94375
3.90169,0.000598999,4.95329
3.9589,0.000543073,5.01038
6 threads per task
3.82543,0.00110793,4.87608
3.84362,0.000631943,4.89405
3.85024,0.000644997,4.90087
3.83077,0.000859633,4.88162
3.8144,0.00104637,4.86447
3.89054,0.000530455,4.94076
3.82194,0.000849895,4.87077
3.90087,0.000694916,4.95124
3.89863,0.00084872,4.94729
3.81729,0.000526875,4.86927
3.89667,0.000590963,4.94584
3.83158,0.000581304,4.8802
3.93681,0.000484193,4.98695
3.89147,0.000635454,4.94377
3.86356,0.000605611,4.91578
3.91201,0.000612637,4.96215
3.83005,0.000526605,4.87911
3.83018,0.000563316,4.88235
3.96704,0.000578018,5.01756
3.95724,0.000573605,5.00872
3.83103,0.000924205,4.88319
3.96786,0.000565806,5.01808
3.80964,0.000575114,4.85779
3.77155,0.000652056,4.81981
3.83302,0.000707587,4.88502
3.8955,0.000717685,4.9479
3.91948,0.000609841,4.96826
3.83627,0.000744322,4.88616
3.97267,0.000932198,5.02087
3.90109,0.000815632,4.94981
3.81887,0.000783201,4.86878
3.88654,0.000683354,4.93645
3.87816,0.000645518,4.9287
3.94949,0.000584614,4.99853
3.84806,0.000681689,4.89788
4.0089,0.00081812,5.06099
3.91849,0.000845293,4.96723
3.87938,0.000739507,4.93212
3.82707,0.000568133,4.87642
3.98825,0.000750504,5.03617
3.79687,0.000791991,4.84581
3.84432,0.00061217,4.8921
3.83959,0.000735128,4.89077
3.83014,0.000878129,4.88281
3.89397,0.000682747,4.94464
3.99785,0.000582905,5.0487
3.89734,0.000616392,4.94697
3.81875,0.000484575,4.8687
3.8176,0.000636101,4.86878
3.77779,0.000658503,4.82821
3.8746,0.000671934,4.92402
7 threads per task
3.83358,0.000988174,4.88461
4.05853,0.000555545,5.10971
3.88404,0.000811039,4.93584
3.88552,0.000925975,4.93736
3.83461,0.000520999,4.88431
3.82692,0.000711396,4.87732
3.91938,0.000617852,4.96963
3.85996,0.000666674,4.90914
3.90629,0.000581285,4.95758
3.90325,0.000649242,4.95432
3.82401,0.000608334,4.8752
3.89664,0.000736171,4.94464
3.92794,0.000829304,4.97853
3.83363,0.000702444,4.886
3.83296,0.000909017,4.8823
3.95229,0.000985349,5.00158
3.83346,0.000627562,4.88387
3.82497,0.000582263,4.87412
3.85174,0.000414604,4.90049
3.88711,0.00116505,4.93839
3.81971,0.000711689,4.87164
3.83521,0.000614194,4.88615
3.91575,0.000820104,4.96948
3.96752,0.000606788,5.01981
3.88471,0.000758247,4.93304
3.88517,0.00063543,4.93539
3.83792,0.000464033,4.88982
3.90642,0.000904404,4.95743
3.83363,0.000656176,4.88169
3.86831,0.000901287,4.91823
3.81872,0.00099515,4.86866
3.85287,0.000662725,4.9034
3.79894,0.00122094,4.84907
3.8805,0.000846151,4.93198
3.82401,0.000708733,4.87549
3.91296,0.000934072,4.96393
3.91385,0.000739956,5.00539
3.88838,0.000679838,4.93861
3.92282,0.000576867,4.97103
3.81787,0.00040815,4.86841
3.90216,0.000863522,4.95331
3.90487,0.000662783,4.95309
3.88395,0.000735041,4.93452
3.95271,0.000610296,5.00321
3.82593,0.000843622,4.87493
3.89211,0.000961777,4.9417
3.81339,0.000698887,4.86429
3.8199,0.000538094,4.87207
3.82068,0.000500314,4.87252
3.88804,0.000639793,4.93824
3.88215,0.000580449,4.93421
8 threads per task
3.8169,0.00363058,4.86661
3.92174,0.000574879,4.97307
3.85505,0.000876011,4.90497
3.82161,0.000927139,4.87214
3.86831,0.000571413,4.91579
3.89035,0.000590852,4.93895
3.82157,0.000585526,4.87122
3.91079,0.000700062,4.95965
3.89456,0.000876509,4.94609
3.8866,0.00115657,4.94023
3.84562,0.000624351,4.89473
3.77479,0.000675855,4.82275
3.81729,0.00140912,4.87004
3.81846,0.000812288,4.86771
3.82475,0.00084058,4.87515
3.82012,0.000526238,4.8717
3.81388,0.000596546,4.86498
3.93457,0.000647841,4.9823
3.88204,0.000633394,4.93201
3.88078,0.000550518,4.93031
3.80966,0.000624646,4.86025
3.87576,0.000765756,4.92747
3.90283,0.000516059,4.95176
3.82636,0.000930788,4.87946
3.90882,0.00083435,4.96043
3.94775,0.000586273,4.99788
3.90519,0.000830552,4.95605
3.84992,0.000626616,4.89936
3.96344,0.000542946,5.01211
3.90037,0.000574727,4.9504
3.88098,0.000770563,4.93191
3.91645,0.000590695,4.96688
3.99063,0.000634506,5.03855
3.87107,0.000670401,4.92143
3.88459,0.000588104,4.93444
3.88114,0.00431977,4.93526
3.98535,0.000867495,5.03771
3.85555,0.000642465,4.90483
3.89447,0.00344864,4.94731
3.88772,0.000686847,4.93561
3.8225,0.000707725,4.87274
3.9041,0.00109704,4.95741
3.8199,0.000509553,4.87062
3.8188,0.000678968,4.86801
3.91125,0.000573358,4.95989
3.87948,0.000799587,4.93084
3.81509,0.000565231,4.86632
3.88866,0.000807287,4.94045
3.89128,0.000623027,4.93923
3.88556,0.00132675,4.93681
3.90739,0.000498723,4.95851
