Bash version 4.2.46(1)-release...
5 tasks per node
1 threads per task
1.07605,0.000595276,1.54488
1.06616,0.000407793,1.53294
1.05272,0.000413748,1.52379
1.04605,0.000418321,1.51568
1.07335,0.000556114,1.54422
1.07102,0.00044764,1.54088
1.08909,0.000522556,1.56014
1.08865,0.000525301,1.56203
1.09545,0.000433901,1.57066
1.07117,0.000562884,1.548
1.08384,0.000451522,1.55885
1.04851,0.00043832,1.51889
1.07994,0.000536127,1.54664
1.09339,0.000501322,1.56208
1.06682,0.000516614,1.5399
1.06753,0.000556832,1.54239
1.04638,0.000534421,1.51615
1.09219,0.000429525,1.56678
1.06273,0.000593579,1.53816
1.05643,0.000446147,1.52415
1.08269,0.000504381,1.55363
1.07803,0.000529665,1.54454
1.07118,0.000500577,1.54523
1.0678,0.000480606,1.53974
1.05866,0.000473467,1.53137
1.06789,0.000413407,1.53471
1.0625,0.000464286,1.52198
1.06409,0.000539591,1.53478
1.0393,0.000449675,1.51307
1.0922,0.000542779,1.5539
1.05986,0.000485339,1.53071
1.07345,0.000490591,1.54389
1.08281,0.000571195,1.55601
1.06615,0.000426398,1.5369
1.06962,0.000491984,1.54801
1.0726,0.000527459,1.54661
1.08972,0.000428258,1.55828
1.0489,0.000644575,1.50902
1.04622,0.000521175,1.51759
1.08121,0.000505378,1.55333
1.08488,0.000494208,1.55594
1.05774,0.000561941,1.52802
1.05324,0.000486287,1.52324
1.0991,0.000490759,1.56782
1.11018,0.00044586,1.58471
1.09918,0.000542837,1.56791
1.05431,0.000514965,1.52717
1.06901,0.000466454,1.54015
1.05827,0.000436507,1.52738
1.04421,0.000499446,1.51516
1.06586,0.000574049,1.53705
2 threads per task
1.10499,0.00117163,1.57799
1.05374,0.000473376,1.52817
1.06546,0.000577448,1.53966
1.06412,0.000458249,1.53706
1.07205,0.00191197,1.54512
1.05905,0.000383506,1.53212
1.07256,0.00135068,1.54714
1.17048,0.000871252,1.65023
1.06961,0.000413233,1.53996
1.07214,0.00104591,1.54597
1.06935,0.00104841,1.539
1.04643,0.000440175,1.51467
1.04968,0.00048913,1.52138
1.05515,0.000555846,1.52736
1.05855,0.000595679,1.53574
1.1437,0.000467447,1.61872
1.05709,0.000452064,1.52942
1.05559,0.000756106,1.53373
1.06572,0.000485694,1.54278
1.07705,0.00155374,1.55368
1.06278,0.00200767,1.5382
1.07252,0.000505983,1.5451
1.06703,0.000459806,1.53807
1.05919,0.00149328,1.53604
1.04709,0.000832773,1.51988
1.1185,0.000833745,1.59245
1.05478,0.000970386,1.52626
1.07828,0.00107426,1.54884
1.06087,0.00123597,1.53526
1.04821,0.000385436,1.52098
1.04856,0.000776514,1.52178
1.12325,0.00032934,1.59348
1.06286,0.000475139,1.54709
1.07578,0.00105176,1.53968
1.10854,0.000628818,1.57759
1.03942,0.00216253,1.51114
1.0436,0.000866057,1.51278
1.08263,0.00128852,1.5532
1.07736,0.000581937,1.54829
1.1169,0.000513354,1.58661
1.03876,0.000639521,1.50955
1.06069,0.000449409,1.53246
1.06523,0.00101749,1.53639
1.10456,0.000467613,1.57685
1.04471,0.000678592,1.51819
1.08286,0.000618132,1.55227
1.07444,0.000553599,1.54349
1.10854,0.000448128,1.57965
1.11471,0.000743577,1.58773
1.04235,0.00135363,1.5126
1.06597,0.000491773,1.5355
3 threads per task
1.05855,0.0035341,1.53243
1.07821,0.00357419,1.55525
1.07385,0.00362734,1.54748
1.08331,0.00360297,1.55674
1.07795,0.00354556,1.54987
1.08421,0.00359266,1.55773
1.04569,0.00362685,1.52284
1.09441,0.00364689,1.56626
1.08956,0.00359893,1.56316
1.07291,0.00362737,1.54809
1.05434,0.0036059,1.53041
1.08194,0.00367052,1.56637
1.1002,0.00270972,1.57485
1.04979,0.00193185,1.52164
1.05358,0.003681,1.52672
1.10394,0.00359429,1.57409
1.05044,0.00371941,1.52426
1.07774,0.00193135,1.54848
1.08424,0.00363227,1.55895
1.04496,0.00367785,1.50568
1.08262,0.00364291,1.55546
1.05417,0.00188556,1.52673
1.06382,0.00370554,1.53687
1.09534,0.00194353,1.56992
1.11657,0.00197188,1.58569
1.09384,0.00355978,1.56747
1.08399,0.0019763,1.5669
1.04325,0.00365521,1.51525
1.06486,0.00207055,1.53726
1.05685,0.00299342,1.52695
1.04301,0.00357046,1.51922
1.07496,0.00205554,1.54668
1.08217,0.00361065,1.55697
1.05704,0.00365546,1.52956
1.04682,0.00364431,1.5236
1.10523,0.00361136,1.57949
1.07657,0.00352886,1.55031
1.0755,0.00355748,1.55251
1.0469,0.00200472,1.51827
1.0778,0.00363177,1.55288
1.09197,0.00361439,1.55279
1.07528,0.00361092,1.55201
1.05249,0.00362896,1.52298
1.08698,0.00207499,1.55552
1.06887,0.00368643,1.54482
1.07377,0.00356372,1.55299
1.0753,0.00286222,1.54639
1.06498,0.00307865,1.53435
1.08132,0.00362623,1.55434
1.04334,0.00360163,1.52478
1.04918,0.00359227,1.5195
4 threads per task
1.06277,0.00395872,1.5354
1.08234,0.00378438,1.55779
1.04974,0.00516116,1.52939
1.07341,0.00356016,1.54772
1.07027,0.00368403,1.54043
1.08243,0.00671345,1.56133
1.11786,0.0035275,1.59642
1.10497,0.00363734,1.58051
1.09821,0.00362444,1.57549
1.06045,0.00361547,1.53364
1.04198,0.00514915,1.51604
1.09754,0.00366016,1.57409
1.04716,0.00357471,1.52027
1.05076,0.00369362,1.52322
1.06182,0.00372207,1.54081
1.06226,0.00364049,1.53601
1.06683,0.00380909,1.54442
1.08606,0.0135884,1.56868
1.09383,0.00365165,1.56901
1.12626,0.00698823,1.60558
1.0616,0.0134932,1.5516
1.06689,0.00376966,1.54005
1.0645,0.00361866,1.53868
1.06707,0.00377151,1.54544
1.04031,0.00372334,1.5164
1.06313,0.00578358,1.53748
1.06547,0.0036624,1.54093
1.09465,0.0136147,1.57048
1.07995,0.00433057,1.54545
1.06181,0.00522819,1.53956
1.05163,0.014327,1.54963
1.06388,0.00360423,1.5366
1.0691,0.00528563,1.55036
1.08784,0.00367788,1.5637
1.08816,0.00516782,1.56038
1.08442,0.00363065,1.56634
1.07729,0.00441195,1.55263
1.04546,0.00529837,1.52471
1.0581,0.00367525,1.53253
1.1412,0.00370307,1.61548
1.06919,0.00362285,1.55031
1.06286,0.00521937,1.53805
1.05467,0.00518564,1.52878
1.06637,0.0037539,1.54029
1.05552,0.00361468,1.53383
1.08015,0.00361606,1.55292
1.04779,0.00367077,1.52379
1.07094,0.00362013,1.55429
1.0593,0.00518963,1.53438
1.06809,0.00369472,1.54415
1.13399,0.00517916,1.6122
5 threads per task
1.05178,0.0161765,1.53531
1.07051,0.0052264,1.5489
1.09027,0.00539132,1.56703
1.06856,0.00510067,1.54647
1.09295,0.00506429,1.57273
1.05994,0.0153683,1.54997
1.0548,0.0146809,1.54031
1.07084,0.00507839,1.54694
1.08859,0.00523543,1.5652
1.05642,0.00529556,1.53299
1.04497,0.0122815,1.53089
1.0622,0.00594403,1.53928
1.0782,0.00527618,1.54466
1.10054,0.00683656,1.57921
1.08775,0.00523585,1.56866
1.10576,0.014266,1.59091
1.08193,0.00500884,1.56056
1.08057,0.00526009,1.55621
1.11182,0.00505484,1.59231
1.09981,0.0105494,1.58538
1.05571,0.0163664,1.55697
1.06253,0.00512944,1.53762
1.06425,0.00515192,1.54286
1.09156,0.0151253,1.5774
1.07573,0.00515757,1.54968
1.09792,0.00701621,1.57376
1.04194,0.00521014,1.51799
1.09014,0.0057248,1.56544
1.11519,0.00511505,1.58908
1.05685,0.00537165,1.52321
1.07602,0.00525024,1.55119
1.10482,0.00697003,1.58603
1.09539,0.00516993,1.57515
1.07514,0.00512347,1.55358
1.05481,0.00534741,1.53116
1.06155,0.00524974,1.53954
1.081,0.00359439,1.5518
1.06855,0.00833607,1.55013
1.05458,0.00740947,1.53562
1.08701,0.0178412,1.57433
1.06854,0.0156985,1.55097
1.08131,0.00531209,1.55551
1.10309,0.0052428,1.58052
1.0496,0.0135149,1.53501
1.04657,0.0132086,1.53183
1.09566,0.00535617,1.5731
1.04927,0.00519721,1.52264
1.08155,0.00687725,1.56119
1.06509,0.00515592,1.53446
1.10679,0.0153943,1.59253
1.10921,0.00702668,1.58432
6 threads per task
1.07199,0.00695624,1.55014
1.0547,0.00686244,1.52933
1.06639,0.0090865,1.54589
1.11313,0.00883475,1.59335
1.1391,0.00848077,1.61736
1.06673,0.00722523,1.54079
1.07081,0.0142838,1.5659
1.1127,0.00537535,1.59194
1.07292,0.0133595,1.55646
1.0741,0.00529347,1.54156
1.0947,0.0151054,1.58352
1.06863,0.0149027,1.55974
1.04983,0.00839435,1.53329
1.04995,0.0067903,1.52448
1.0669,0.00917631,1.55135
1.05944,0.00686825,1.53768
1.05176,0.00782947,1.53149
1.08748,0.00690256,1.57143
1.07423,0.00690334,1.55288
1.04272,0.00717217,1.52054
1.06339,0.00704501,1.54441
1.10717,0.0068451,1.58753
1.07352,0.00687711,1.55538
1.06426,0.0110507,1.54204
1.09026,0.00856829,1.57199
1.09196,0.0134965,1.56801
1.04781,0.0135012,1.5361
1.09488,0.0137526,1.56814
1.04462,0.00844434,1.5228
1.05511,0.0137993,1.54509
1.0524,0.00685604,1.52987
1.06934,0.0068591,1.54704
1.08155,0.0085168,1.56205
1.0982,0.00686601,1.5785
1.07733,0.00683093,1.55647
1.05438,0.00671208,1.53333
1.09382,0.0141992,1.57976
1.06279,0.00693041,1.54085
1.1074,0.0141582,1.59475
1.04518,0.0133377,1.53225
1.04684,0.00699227,1.51204
1.08813,0.00597867,1.55689
1.05452,0.00921701,1.53649
1.04414,0.00685612,1.51266
1.08638,0.00685952,1.56487
1.06965,0.0127134,1.5557
1.06145,0.0175509,1.54832
1.07054,0.00680244,1.55068
1.06628,0.008497,1.54584
1.07379,0.00844899,1.55536
1.04184,0.00683694,1.51926
7 threads per task
1.04447,0.0084797,1.52676
1.0437,0.0083705,1.52219
1.0828,0.00682529,1.56161
1.06982,0.0100831,1.55372
1.08179,0.0100093,1.55762
1.04913,0.00865103,1.52995
1.09606,0.00855534,1.57696
1.10348,0.00855697,1.58342
1.06323,0.0100585,1.54253
1.06536,0.01158,1.5482
1.08917,0.00841007,1.56829
1.10263,0.00841056,1.57246
1.13936,0.00847094,1.62047
1.08073,0.00822528,1.56109
1.07397,0.00835985,1.55535
1.06671,0.00840348,1.54435
1.05769,0.0102384,1.53361
1.04459,0.0070717,1.52293
1.15786,0.00852817,1.63546
1.05958,0.00767136,1.52819
1.04733,0.00707696,1.52464
1.07944,0.0100175,1.57194
1.06662,0.00891089,1.54532
1.11181,0.0100002,1.59377
1.06833,0.0101146,1.54888
1.06199,0.0100089,1.54368
1.10623,0.0094713,1.58521
1.05758,0.0100472,1.54081
1.05909,0.00997629,1.52989
1.07113,0.0195583,1.6045
1.06529,0.00843733,1.54774
1.07144,0.00993271,1.54907
1.10632,0.0101279,1.59049
1.11952,0.00995057,1.60468
1.10427,0.00720945,1.58455
1.08124,0.0109065,1.56124
1.07296,0.0117895,1.558
1.08181,0.0100162,1.55865
1.06487,0.0157069,1.78492
1.04676,0.00999766,1.51655
1.05661,0.00836546,1.53232
1.08977,0.00836477,1.57174
1.10253,0.00840434,1.58436
1.10605,0.0144064,1.59085
1.04633,0.0103191,1.52466
1.0629,0.00848608,1.5415
1.09096,0.0101916,1.57035
1.09407,0.00686411,1.57459
1.05542,0.0139632,1.54002
1.10633,0.0099782,1.59483
1.0974,0.0131204,1.58238
8 threads per task
1.08156,0.00853876,1.5583
1.05535,0.0117559,1.53201
1.45011,0.0101011,1.93257
1.09858,0.010209,1.57959
1.07214,0.0100901,1.55491
1.11536,0.0117306,1.59866
1.05674,0.00999772,1.53531
1.05246,0.0154816,1.53883
1.10584,0.0117425,1.58634
1.06243,0.0116263,1.54134
1.04338,0.0100918,1.52316
1.05601,0.00842173,1.53421
1.05369,0.010049,1.5365
1.08085,0.0101806,1.5643
1.04584,0.00991508,1.52617
1.06938,0.0116917,1.55243
1.052,0.010184,1.54055
1.07976,0.00842748,1.55797
1.06824,0.0101729,1.55031
1.07772,0.0100519,1.55874
1.05491,0.0148713,1.54526
1.09584,0.0100238,1.58133
1.07606,0.0101761,1.55737
1.04888,0.0117824,1.52941
1.06428,0.0117313,1.54625
1.05187,0.0102061,1.53734
1.16103,0.0100146,1.64648
1.07378,0.0100033,1.55489
1.06641,0.0118517,1.55229
1.04439,0.00842648,1.52242
1.07667,0.0117066,1.55757
1.06725,0.00991305,1.54853
1.09624,0.0100691,1.57969
1.05668,0.00999418,1.53891
1.09333,0.0116699,1.57655
1.04226,0.0148771,1.52869
1.05784,0.00995476,1.54209
1.07531,0.0117154,1.54904
1.07219,0.0117249,1.5615
1.12334,0.0100573,1.60638
1.05066,0.0131813,1.53427
1.06438,0.0116623,1.55253
1.06244,0.0084947,1.54521
1.05986,0.0149885,1.54814
1.08244,0.0117396,1.56364
1.06864,0.014925,1.55706
1.10281,0.00844937,1.5778
1.067,0.0100744,1.54862
1.081,0.0154363,1.56984
1.06231,0.0100148,1.54423
1.04126,0.0116919,1.52481
