Bash version 4.2.46(1)-release...
15 tasks per node
1 threads per task
4.16155,0.00217432,4.6887
2.6326,0.00185159,3.17171
2.64136,0.00211611,3.1689
2.59613,0.00160316,3.12373
2.58583,0.00212875,3.12523
2.67735,0.00164745,3.20607
2.59614,0.00280392,3.13377
2.64305,0.00182495,3.18005
2.623,0.00187681,3.15244
2.63567,0.00208449,3.1635
2.63119,0.0016799,3.15922
2.63241,0.00202274,3.16124
2.63698,0.00163268,3.16694
2.65521,0.00212999,3.18317
2.72976,0.00170257,3.25912
2.72157,0.00200404,3.24962
2.68634,0.00206911,3.21475
2.64238,0.00192745,3.17229
2.59481,0.00179285,3.12341
2.67504,0.00168633,3.2044
2.65256,0.00171704,3.18244
2.64197,0.00184109,3.17349
2.73342,0.00175166,3.27263
2.87589,0.0017464,3.40467
2.58979,0.00184662,3.12051
2.64096,0.00193894,3.17092
2.62604,0.00174677,3.16634
2.63521,0.00173806,3.17544
3.30415,0.00183028,3.8445
2.58992,0.00174225,3.11929
2.60074,0.00175435,3.13986
2.59383,0.00173294,3.12088
2.59979,0.00191477,3.12883
2.6887,0.00166666,3.21787
2.72094,0.00177155,3.2602
2.602,0.00169161,3.13106
2.59393,0.00159758,3.12387
2.62175,0.00174594,3.15135
2.68137,0.00168692,3.20873
2.63173,0.0016381,3.16921
2.64595,0.00218094,3.17334
2.64093,0.00175948,3.18092
2.5913,0.00160648,3.13093
2.62187,0.00167527,3.15044
2.68364,0.00169062,3.22376
2.5859,0.00198764,3.11636
2.58771,0.00197997,3.1262
2.61203,0.00188527,3.14007
2.65497,0.00204152,3.18296
2.64119,0.00174239,3.17002
2.60387,0.00162369,3.14195
2 threads per task
2.63273,0.00600741,3.16631
2.68149,0.00722766,3.21624
2.63804,0.00662888,3.17307
2.62359,0.00498181,3.16542
2.63165,0.0053971,3.16434
2.57978,0.00681328,3.11505
2.66141,0.00682233,3.19601
2.63511,0.00577026,3.16902
2.58403,0.0057831,3.12614
2.63466,0.00553763,3.17629
2.62938,0.00658476,3.1626
2.58205,0.00538654,3.11338
2.61944,0.00501306,3.16044
2.59263,0.00686438,3.12842
2.5968,0.00506576,3.12854
2.64331,0.00593875,3.17544
2.60197,0.0144447,3.14527
2.64032,0.00547811,3.17247
2.60067,0.00897603,3.1376
2.57881,0.00616302,3.11274
2.58512,0.00500823,3.11803
2.65545,0.00485056,3.18948
2.59065,0.00531218,3.12405
2.59666,0.00503744,3.12988
2.60376,0.0142617,3.14763
2.58137,0.00483369,3.11146
2.6184,0.00782159,3.15385
2.58997,0.00652712,3.12364
2.72074,0.00487945,3.261
2.65262,0.00498983,3.18501
2.59853,0.00508244,3.13078
2.63506,0.00512407,3.16666
2.63035,0.00586636,3.16308
2.58836,0.00639442,3.1226
3.29827,0.00524401,3.8317
2.58379,0.00594882,3.11852
2.628,0.00612918,3.16228
2.6272,0.00523114,3.16744
2.63601,0.00834327,3.18292
2.59349,0.00726626,3.13031
2.69298,0.0138392,3.24336
2.62814,0.00647567,3.16166
2.57772,0.00538811,3.11082
2.61161,0.0053842,3.14242
2.58698,0.00502986,3.11948
2.63063,0.0049851,3.16676
2.59547,0.00507658,3.12934
2.59419,0.00545317,3.1257
2.59374,0.00668653,3.12717
2.62172,0.00525656,3.16692
2.63716,0.00608359,3.17066
3 threads per task
2.57797,0.023416,3.13803
2.64367,0.0210629,3.19264
2.58477,0.0191689,3.14756
2.63744,0.0210607,3.18801
2.5817,0.017878,3.13768
2.6589,0.0270161,3.22438
2.64783,0.0319061,3.20828
2.63666,0.0257035,3.19913
2.6428,0.0153335,3.19639
2.65931,0.0206516,3.22481
2.6579,0.0210867,3.21311
2.6564,0.0194839,3.20462
2.59256,0.0172917,3.14494
2.582,0.0187969,3.12819
2.62221,0.0285811,3.1773
2.68414,0.0175344,3.23756
2.64236,0.0221341,3.19763
2.59904,0.0202909,3.15439
2.63279,0.0215774,3.18437
2.62594,0.0171507,3.17235
2.58319,0.0191457,3.13045
2.62908,0.0225249,3.17902
2.62716,0.0178382,3.18093
2.61378,0.0220164,3.16228
2.68112,0.0251999,3.2822
2.6472,0.0184443,3.20275
2.59798,0.0368576,3.23217
2.69285,0.0190844,3.24071
2.6062,0.0208221,3.1575
2.5891,0.0242519,3.14284
2.64805,0.014366,3.19317
2.59381,0.0215755,3.14308
2.61273,0.0216896,3.17115
2.66383,0.0277562,3.22021
2.61895,0.0268143,3.22934
2.64421,0.0248068,3.19381
2.63504,0.0225847,3.18583
2.63467,0.0189283,3.19069
2.66204,0.0179978,3.21199
2.58379,0.02752,3.13709
2.64551,0.0239767,3.20902
2.63644,0.0167755,3.2271
2.58645,0.0195688,3.13079
2.65505,0.0173698,3.20257
2.62963,0.0177414,3.17454
2.62477,0.0195981,3.17247
2.6399,0.0202498,3.18725
2.64554,0.0172839,3.19176
2.65792,0.021148,3.20606
2.60028,0.0306564,3.15744
2.63695,0.0277424,3.19237
4 threads per task
2.63323,0.0261792,3.19872
2.58623,0.0273339,3.13834
2.62942,0.030714,3.18569
2.67783,0.0247603,3.23292
2.71184,0.0219115,3.26263
2.61959,0.0233834,3.17349
2.63799,0.0281929,3.19913
2.71287,0.0226901,3.26112
2.62754,0.0252177,3.18875
2.63695,0.0256806,3.20276
2.66776,0.027086,3.23485
2.77634,0.0251579,3.32976
2.66415,0.0268841,3.21836
2.63103,0.0323645,3.20184
2.58716,0.0260699,3.15107
2.59306,0.0300201,3.17264
2.68135,0.0223654,3.24209
2.63569,0.0233416,3.18617
3.54073,0.0291216,4.10557
2.60441,0.0253613,3.16779
2.63108,0.0259485,3.19518
2.73652,0.0326773,3.29602
2.68328,0.0399502,3.2777
2.64025,0.0225703,3.19265
2.68652,0.0217265,3.24341
2.59419,0.0334162,3.17378
2.62451,0.0245508,3.18273
2.63897,0.0241932,3.19588
2.63831,0.0289801,3.19457
2.58635,0.0306306,3.14712
2.62385,0.0247101,3.17819
2.57681,0.0253495,3.13925
2.7061,0.023538,3.2556
2.6876,0.0250318,3.24867
2.66754,0.0351123,3.25045
2.62582,0.0241016,3.18667
2.6421,0.0268254,3.19471
2.62366,0.0261108,3.17639
2.63369,0.0296489,3.19109
2.68148,0.023979,3.23516
2.66431,0.0213834,3.22779
2.58776,0.0293866,3.14472
2.64222,0.0221713,3.19716
2.63392,0.0197476,3.19252
2.62118,0.0259537,3.17534
2.72712,0.0296042,3.28146
2.62208,0.0273715,3.17825
2.67223,0.0211829,3.22497
2.6386,0.0257275,3.19966
2.63208,0.0249982,3.18442
2.65528,0.0258193,3.20916
5 threads per task
2.60579,0.0282554,3.1827
2.62002,0.0372814,3.18466
2.72685,0.0362562,3.29555
2.63139,0.0258112,3.19654
2.65036,0.0352995,3.21947
2.58794,0.0325714,3.14703
2.64861,0.031512,3.20699
2.6295,0.0358609,3.19238
2.63195,0.0276413,3.19702
2.75593,0.0362998,3.33105
2.63478,0.0352157,3.19682
2.65273,0.0286969,3.21971
2.68192,0.0299158,3.24238
2.63479,0.0278265,3.19758
2.64672,0.0287828,3.23678
2.66686,0.0350542,3.23004
2.64317,0.0363767,3.21414
2.59716,0.039704,3.1705
2.58476,0.0316416,3.14817
2.59063,0.0295704,3.1494
2.58271,0.0256643,3.14719
2.64265,0.0243567,3.19925
2.79829,0.0429196,3.41937
2.64446,0.035216,3.22147
2.62833,0.0276006,3.21999
2.58504,0.0357382,3.16422
2.58838,0.0323131,3.14968
2.59654,0.0342501,3.15884
2.64578,0.0310103,3.22309
2.64065,0.0253952,3.19841
2.63451,0.0319621,3.20402
2.60119,0.0282865,3.18114
2.7101,0.044069,3.28112
2.6398,0.0367258,3.21249
2.62254,0.0397785,3.21678
2.5989,0.0303356,3.15521
2.6377,0.0275528,3.21201
2.63139,0.0441479,3.20498
2.6496,0.0296738,3.20737
2.66045,0.0370907,3.22507
2.63479,0.0300463,3.1972
2.58757,0.0356488,3.18276
2.63409,0.0282602,3.20141
2.63152,0.0291783,3.18785
2.59238,0.0319936,3.15412
2.65859,0.0390036,3.22279
2.57762,0.0291714,3.13226
2.61495,0.0302204,3.18484
2.63752,0.0408214,3.22684
2.65441,0.0257685,3.21005
2.63749,0.0339646,3.19646
6 threads per task
2.58933,0.0328826,3.14744
2.59094,0.040971,3.20397
2.63497,0.0280707,3.20912
2.61141,0.0349916,3.18586
2.62283,0.0273573,3.19386
2.6582,0.0370941,3.22247
2.63268,0.0316246,3.19469
2.63042,0.0287625,3.1933
2.62554,0.0333535,3.19903
2.65439,0.0290236,3.24158
2.63742,0.0331723,3.19796
2.64087,0.0317514,3.21234
2.62926,0.0277862,3.23282
2.59049,0.0340341,3.16317
2.63606,0.0421524,3.20412
2.59373,0.0381618,3.16436
2.63411,0.0403437,3.21334
2.63955,0.0354797,3.21325
2.61345,0.0307446,3.17747
2.6303,0.0315621,3.19359
2.65785,0.0339979,3.22286
2.59654,0.0303783,3.15694
2.59741,0.0365826,3.1701
2.62963,0.0269419,3.20535
2.63986,0.0300509,3.25085
2.64046,0.032803,3.21637
2.68383,0.0323291,3.26882
2.73998,0.0293807,3.37184
2.66367,0.0586485,3.25955
2.63824,0.0376803,3.20769
2.68186,0.0332641,3.23902
2.63248,0.0339401,3.20274
2.65845,0.0350257,3.22222
2.65007,0.0289375,3.21572
2.79785,0.0371272,3.37276
2.64614,0.0416267,3.21522
2.64311,0.0329534,3.20621
2.64434,0.0388013,3.24572
2.58258,0.0273468,3.14327
2.60795,0.0443229,3.18019
2.63974,0.0283773,3.20678
2.58656,0.042519,3.15788
2.68535,0.032975,3.24951
2.59283,0.0321685,3.15214
2.63711,0.0398488,3.212
2.58636,0.0305597,3.15978
2.58545,0.0364007,3.15947
2.64728,0.0276678,3.22294
2.63372,0.0361762,3.19863
2.65333,0.0348374,3.21561
2.63572,0.0318532,3.22456
7 threads per task
2.72256,0.0400012,3.29076
2.59267,0.0502969,3.18168
2.63379,0.0342423,3.20251
2.6823,0.0429123,3.26637
2.6321,0.0509094,3.21155
2.63067,0.0338368,3.19692
2.64563,0.0380391,3.24651
2.76087,0.0373944,3.32875
2.63213,0.0334748,3.19394
2.67116,0.0384708,3.23851
2.61823,0.0498916,3.19744
2.63924,0.0356092,3.20574
2.58617,0.0500716,3.16149
2.61354,0.033975,3.19321
2.59117,0.0431466,3.17371
2.6479,0.0396641,3.21468
2.63407,0.0348931,3.2159
2.63865,0.0406703,3.20605
2.58533,0.0365907,3.15263
2.57887,0.0434779,3.18436
2.60238,0.0439155,3.17289
2.64338,0.0461893,3.22858
2.60169,0.0410825,3.18797
2.64877,0.0388454,3.2336
2.79885,0.0394408,3.3633
2.64737,0.0356587,3.21771
2.58173,0.0334923,3.16225
2.72098,0.0323239,3.30899
2.59987,0.031443,3.176
2.6226,0.0487934,3.21919
2.62341,0.0364485,3.19174
2.66088,0.0447341,3.26423
2.58785,0.0401304,3.17563
2.59298,0.0330658,3.15543
2.64337,0.038639,3.22296
2.67612,0.0359391,3.28683
2.63597,0.0381448,3.19638
2.63846,0.0440814,3.20816
2.6272,0.041593,3.19559
2.61438,0.0408324,3.18659
2.63932,0.0342792,3.20593
2.58669,0.0436668,3.15962
2.59517,0.0418517,3.16885
2.62808,0.0379466,3.19141
2.59772,0.0426244,3.17013
2.65887,0.0341149,3.24739
2.65092,0.0433689,3.22651
2.62328,0.0423804,3.19342
2.66429,0.0365047,3.23061
2.63174,0.034396,3.22215
2.63854,0.0413419,3.21585
8 threads per task
2.6645,0.0421436,3.23961
2.62964,0.0393599,3.22467
2.63067,0.0415595,3.21059
2.63957,0.0435311,3.23177
2.63761,0.0392203,3.28427
2.67647,0.0375467,3.26387
2.63843,0.0493276,3.27586
2.63508,0.0355063,3.21713
2.58946,0.0441592,3.1618
2.68111,0.0375408,3.24997
2.62313,0.0429976,3.20159
2.65028,0.0458886,3.22188
2.62411,0.0444214,3.20659
2.64105,0.0457216,3.25219
2.6119,0.0395906,3.18491
2.71898,0.0470384,3.30378
2.60665,0.0446779,3.17956
2.66906,0.0436568,3.24577
2.59021,0.0368288,3.17519
2.64196,0.0434729,3.24408
2.64317,0.0446949,3.21633
2.63074,0.0407924,3.20371
2.7391,0.0407235,3.3119
2.62729,0.0458387,3.20006
2.59699,0.0525916,3.20333
2.63007,0.0516888,3.22974
2.65445,0.0445173,3.22502
2.5973,0.0376423,3.16686
2.63231,0.044056,3.20506
2.64294,0.0485224,3.24646
2.58691,0.0485983,3.1627
2.6235,0.056437,3.20624
2.5906,0.0359115,3.16419
2.64587,0.041859,3.21704
2.61592,0.0441222,3.20635
2.59198,0.0480684,3.17912
2.63423,0.0540311,3.25253
2.73192,0.046997,3.30621
2.63591,0.0534402,3.21814
2.63504,0.0343417,3.199
2.64962,0.0376484,3.2444
2.64773,0.0450288,3.22175
2.6435,0.035717,3.22261
2.63339,0.0460692,3.2166
2.61765,0.0322298,3.19476
2.63178,0.0443203,3.20754
2.65518,0.040905,3.24132
2.70755,0.0440424,3.27749
2.63534,0.0401924,3.21152
2.6333,0.0506383,3.21426
2.64944,0.0471064,3.22959
