Bash version 4.2.46(1)-release...
5 tasks per node
1 threads per task
8.93374,0.00197215,0.000569157,10.1645
5.27871,0.00175844,0.000899227,6.50171
5.29587,0.00201992,0.000472473,6.55999
5.31261,0.0017483,0.00103645,6.5031
5.38908,0.00209174,0.0004646,6.65298
5.31184,0.0020306,0.000525761,6.56425
5.34901,0.00196351,0.000804599,6.61328
5.3216,0.00175165,0.000735758,6.54729
5.73898,0.00186163,0.000814989,6.99112
5.28635,0.0017773,0.000856372,6.55182
5.32543,0.00198518,0.000722673,6.57197
5.33447,0.00197857,0.000439662,6.58999
5.25148,0.00203499,0.00061808,6.47594
5.26978,0.00175226,0.000733292,6.53544
5.34437,0.00196486,0.000873864,6.57247
5.28953,0.00199368,0.000627086,6.50376
5.32239,0.001751,0.000890346,6.5469
5.26633,0.00197413,0.000648472,6.51418
5.27866,0.00202314,0.000608619,6.51425
5.28034,0.00172669,0.000891645,6.51514
5.26138,0.00204595,0.00110889,6.51822
2 threads per task
5.35637,0.000984875,0.00165145,6.54047
5.33461,0.00108934,0.00156373,6.59984
5.28343,0.00122534,0.00147142,6.50069
5.27483,0.00124966,0.00145625,6.50328
5.3972,0.00101442,0.00156493,6.62368
5.2659,0.00126369,0.00131175,6.49493
5.28295,0.0010205,0.00148207,6.5491
5.35357,0.00129979,0.00140983,6.55861
5.34128,0.00107701,0.00148159,6.55376
5.2978,0.00104538,0.00149992,6.54604
5.26958,0.00161192,0.00121707,6.49697
5.45309,0.00147837,0.0013614,6.70169
5.28519,0.00112065,0.00158585,6.5368
5.30442,0.00122583,0.00172174,6.49687
5.33689,0.00126612,0.00109685,6.56367
5.34134,0.00123606,0.00147435,6.58095
5.29028,0.00126047,0.00139738,6.55274
5.31234,0.00117127,0.00162075,6.55188
5.3041,0.00122771,0.00169211,6.53239
5.27438,0.00122458,0.00215244,6.50695
5.27607,0.00105315,0.00168886,6.53553
3 threads per task
5.83949,0.000748171,0.00299441,7.03611
5.35991,0.000755649,0.00514979,6.57702
5.33452,0.000727965,0.0033978,6.55648
5.34879,0.000799114,0.00170136,6.57682
5.27584,0.000774458,0.00361198,6.48419
5.29404,0.000920707,0.00397258,6.51985
5.28696,0.000955904,0.00399619,6.51393
5.35924,0.000935286,0.00154591,6.58402
5.3555,0.000796223,0.00427062,6.58459
5.25513,0.000734307,0.00368919,6.48341
5.40768,0.000729958,0.00390404,6.67088
5.39508,0.000950821,0.00409767,6.64117
5.26632,0.000941813,0.00181616,6.48194
5.40831,0.0024101,0.00249462,6.67795
5.27142,0.000940833,0.004411,6.52112
5.37066,0.000955112,0.00495995,6.61964
5.43169,0.00069949,0.00493975,6.6617
5.3154,0.00474503,0.000349371,6.42703
5.33806,0.000961008,0.00497518,6.56396
5.29804,0.000792807,0.00497097,6.5094
5.40966,0.000971017,0.00516212,6.63806
4 threads per task
5.297,0.00378679,0.00322367,6.56504
5.26906,0.00426864,0.00141373,6.50627
5.28008,0.00420609,0.000352008,6.50612
5.33839,0.00454969,0.000346662,6.43921
5.38287,0.00611335,0.000365799,6.61049
5.31923,0.00446253,0.00146728,6.56824
5.29175,0.000604002,0.00666101,6.55627
5.27165,0.00380606,0.00145001,6.50396
5.29715,0.00382894,0.00185119,6.55365
5.26962,0.00503313,0.00157104,6.51149
5.28934,0.00405455,0.0019765,6.53906
5.41561,0.00712801,0.000348609,6.65854
5.29343,0.0044608,0.00145841,6.48293
5.26786,0.00447802,0.0012013,6.53767
5.35875,0.00432231,0.00372681,6.60218
5.42397,0.00420785,0.00266511,6.64592
5.31501,0.00418192,0.00165681,6.57355
5.26799,0.000649145,0.00432975,6.49782
5.3511,0.000828044,0.00523096,6.58787
5.38094,0.0043914,0.00141194,6.6087
5.47157,0.00221528,0.00358235,6.75921
5 threads per task
5.27749,0.00374449,0.00236829,6.54679
5.27044,0.00371366,0.00203425,6.49642
5.29109,0.00218483,0.00536499,6.52984
5.29124,0.00403555,0.00282986,6.56354
5.26255,0.0057411,0.0366585,6.53484
5.28362,0.00431645,0.0028383,6.51281
5.26196,0.00400284,0.00346611,6.5615
5.29743,0.00544384,0.000313209,6.56488
5.27574,0.00695694,0.000340955,6.53585
5.32352,0.00557986,0.000331203,6.59471
5.3413,0.0041848,0.00170142,6.61018
5.2709,0.00431041,0.00309297,6.51737
5.3932,0.00375084,0.00224479,6.62361
5.36747,0.00566832,0.00572205,6.62088
5.30998,0.00215132,0.00679973,6.5282
5.29749,0.00525399,0.000398021,6.53403
5.43764,0.00625549,0.000351707,6.70483
5.275,0.00403521,0.0016646,6.54249
5.27908,0.0040368,0.00195679,6.55207
5.29113,0.00532752,0.00228729,6.56213
5.25344,0.00665141,0.00033704,6.51258
6 threads per task
5.33368,0.00584028,0.00332775,6.57806
5.41822,0.00967219,0.000340857,6.65522
5.39221,0.00418726,0.00492236,6.51045
5.30305,0.00883103,0.000319567,6.56907
5.28017,0.00513748,0.0035386,6.48569
5.28203,0.00518495,0.0036451,6.51331
5.26111,0.00687728,0.00161538,6.49486
5.33704,0.00723633,0.00178988,6.45445
5.33928,0.00397867,0.00980832,6.61646
5.29248,0.00574769,0.00323805,6.56271
5.29185,0.00400591,0.00457733,6.52372
5.30885,0.0040268,0.00513997,6.54357
5.28633,0.00851475,0.000333767,6.51894
5.26285,0.00405545,0.00434024,6.46176
5.31942,0.00714,0.000331065,6.55026
5.35073,0.00562982,0.00550365,6.55667
5.31821,0.00562859,0.00326096,6.57574
5.26355,0.00848078,0.00236064,6.53078
5.33093,0.00846286,0.000324644,6.55994
5.34332,0.00538891,0.00205168,6.59231
5.33522,0.00695285,0.00196628,6.59695
7 threads per task
5.28441,0.00727138,0.00250983,6.5169
5.27585,0.00996878,0.000348469,6.54779
5.25691,0.00743059,0.00236978,6.48913
5.25773,0.00565742,0.00908166,6.49341
5.32965,0.00520268,0.00539434,6.54159
5.28581,0.006962,0.00433447,6.52093
5.27537,0.0041011,0.00776211,6.49737
5.28911,0.00910803,0.000342047,6.56612
5.27128,0.0101102,0.000400018,6.50475
5.34291,0.00561509,0.00357339,6.46079
5.29242,0.00725436,0.00360298,6.56322
5.40284,0.00755063,0.000373121,6.63772
5.25973,0.00861681,0.000348022,6.47391
5.27208,0.0104019,0.00197261,6.5051
5.42507,0.00690104,0.00189099,6.54382
5.34186,0.00420313,0.00929044,6.57929
5.28253,0.00919963,0.00559647,6.51837
5.26359,0.00412607,0.00807107,6.531
5.25588,0.00756231,0.00319463,6.5331
5.29487,0.0107548,0.000379153,6.55969
5.26555,0.00716775,0.00321802,6.4867
8 threads per task
5.30001,0.0100945,0.00142371,6.57594
5.41981,0.00872094,0.00289062,6.66746
5.39748,0.0100597,0.000337347,6.66601
5.30809,0.00851071,0.00137757,6.55601
5.27786,0.00704035,0.00632405,6.48573
5.26023,0.00724738,0.00770527,6.51803
5.27424,0.00984987,0.00564663,6.50218
5.27537,0.0100512,0.000338148,6.50954
5.41367,0.0073377,0.00501644,6.67424
5.27047,0.00717836,0.00513275,6.54443
5.30887,0.00709163,0.00312545,6.54274
5.30093,0.00707347,0.00526116,6.56257
5.28035,0.0098504,0.00514962,6.54533
5.27576,0.00731873,0.0028104,6.51341
5.28609,0.0109609,0.000335786,6.50364
5.39017,0.00691413,0.00629573,6.62308
5.31456,0.00728075,0.00336418,6.59326
5.30644,0.00763748,0.00409331,6.53142
5.26906,0.0107615,0.0010902,6.49492
5.31458,0.00904899,0.00164565,6.59062
5.32906,0.0117785,0.000398157,6.56409
