Bash version 4.2.46(1)-release...
10 tasks per node
1 threads per task
10.5919,0.00248741,11.6446
7.17703,0.00185553,8.2288
7.01429,0.00201724,8.05711
7.02056,0.00207335,8.06381
7.08729,0.00190817,8.12702
7.03143,0.00202239,8.07455
7.1289,0.00196729,8.16887
7.03636,0.00209334,8.07601
7.00085,0.0020295,8.04301
6.9891,0.00216436,8.02945
7.03933,0.00201023,8.08154
6.98981,0.00201981,8.03219
6.94617,0.0019371,7.98848
6.94366,0.0020353,7.98769
7.04679,0.00240763,8.09117
6.90746,0.0020585,7.95192
7.29755,0.0022669,8.33847
7.01033,0.00228753,8.05141
6.89743,0.00195989,7.94108
6.89193,0.00204828,7.93118
7.01121,0.00194751,8.05662
6.98908,0.00219246,8.02856
7.01402,0.00198084,8.05739
6.89218,0.00184372,7.93382
7.0418,0.0018642,8.08198
7.02601,0.00184297,8.0695
7.01779,0.00188616,8.05983
7.62998,0.00190468,8.67295
6.94918,0.00189571,7.99108
7.04217,0.0020204,8.08458
6.88929,0.00193322,7.93057
6.9093,0.00219902,7.9531
6.98152,0.00192089,8.02171
6.99802,0.00189752,8.04119
7.12955,0.00201696,8.17595
6.97714,0.00201707,8.01705
7.01694,0.00214623,8.05668
7.01572,0.00223192,8.05524
7.05798,0.00215695,8.09905
7.03144,0.00184009,8.06992
6.90431,0.00185251,7.94521
7.01991,0.00190208,8.06121
6.99924,0.00200701,8.04981
7.08636,0.00187512,8.12597
6.99404,0.00194297,8.0336
6.98308,0.00226092,8.02537
7.10558,0.00204332,8.14536
6.89779,0.00211282,7.93818
7.03162,0.00229173,8.0707
7.01943,0.00192748,8.0595
7.03576,0.00236296,8.07678
2 threads per task
6.96635,0.00472569,8.0131
7.02248,0.00471818,8.06673
7.03958,0.00382742,8.08353
7.05074,0.00530314,8.09628
6.89079,0.00356743,7.94297
6.89528,0.00354169,7.93859
6.92637,0.0141271,7.98859
6.89184,0.00420251,7.93417
7.05659,0.0034448,8.10643
7.002,0.00369581,8.04766
7.05663,0.00455526,8.10057
6.9946,0.00455982,8.03808
7.0808,0.00481056,8.12751
6.99697,0.00369174,8.04058
6.87566,0.00510233,7.91819
7.00947,0.00535965,8.05349
7.0002,0.00348067,8.04417
7.04185,0.00485191,8.0836
7.10962,0.00513399,8.15248
6.95888,0.00363525,8.00081
7.00763,0.00546546,8.0547
6.93791,0.00365186,7.98238
6.90679,0.00453991,7.9516
6.98826,0.0045407,8.0323
6.89176,0.00328488,7.93167
6.92661,0.00376366,7.97944
7.24019,0.00459822,8.28291
6.9773,0.0037503,8.01766
7.08021,0.00367461,8.12308
6.95697,0.00468019,8.00464
6.95434,0.00465579,7.99886
6.89475,0.0043882,7.9376
7.04679,0.00328168,8.0896
7.25243,0.00312131,8.29296
7.05222,0.00274272,8.09377
6.89989,0.00374671,7.94223
7.03021,0.00391829,8.07171
7.0137,0.00485686,8.05956
6.85476,0.00527245,7.90093
7.11491,0.0033214,8.15738
6.97337,0.00288203,8.01531
6.93407,0.00321592,7.98764
6.95092,0.0034884,7.99126
6.86406,0.00485056,7.90653
6.92283,0.00502034,7.96856
7.26409,0.00264227,8.30762
7.01997,0.00367203,8.06424
7.0112,0.00495117,8.0564
6.85483,0.00547603,7.90071
7.04944,0.00295076,8.09063
7.136,0.00305135,8.1779
3 threads per task
7.03738,0.00697996,8.08226
6.91937,0.0140037,7.97455
7.01072,0.00620168,8.05475
7.06567,0.00751237,8.1129
6.97919,0.00629797,8.02308
7.00705,0.00744797,8.0557
6.98336,0.00821747,8.02915
7.04425,0.00721593,8.10158
6.8728,0.00569928,7.9166
7.01699,0.00671292,8.06295
6.92898,0.00666205,7.97452
7.02001,0.00717604,8.06481
6.94363,0.00838395,7.9916
7.06648,0.00734946,8.11501
7.00974,0.0127116,8.06074
7.05462,0.0070495,8.1009
7.03829,0.0139327,8.09325
6.97984,0.00700814,8.02611
7.05888,0.00568452,8.10337
6.92446,0.00601953,7.96814
7.02255,0.00642767,8.06802
7.01841,0.00705657,8.06821
7.02365,0.0102046,8.07095
6.91413,0.00674283,7.96095
6.99831,0.00588936,8.04571
6.9181,0.00712126,7.97679
6.89378,0.00718526,7.94101
6.86292,0.00705253,7.90978
7.24828,0.0168174,8.30313
6.99674,0.00755294,8.04527
7.02697,0.00916751,8.07402
6.94945,0.00638429,7.99308
6.94851,0.00637275,7.99381
7.05044,0.0144737,8.10326
6.89347,0.0166128,7.9575
7.00291,0.00868374,8.05358
7.11273,0.00820545,8.1581
6.87317,0.00613801,7.91861
7.09823,0.00894272,8.14448
7.08171,0.00784798,8.13132
6.91493,0.00729997,7.96219
7.08202,0.00600839,8.12883
7.09811,0.0132176,8.17043
7.01689,0.00685509,8.06372
6.95264,0.00723067,8.00014
7.22897,0.00648814,8.28273
7.01234,0.00575421,8.05684
6.98276,0.00544781,8.02814
6.90759,0.00783577,7.9562
7.02884,0.00710395,8.07555
6.90912,0.00648215,7.9539
4 threads per task
7.00618,0.0144074,8.05824
6.95726,0.0142873,8.00922
6.86609,0.016504,7.92131
7.1138,0.0102471,8.16654
6.90279,0.00985417,7.9507
6.87299,0.0137395,7.92409
7.28299,0.0162119,8.33874
7.01512,0.00894727,8.06132
6.90358,0.00996816,7.95146
6.8952,0.0108738,7.94397
7.01592,0.010318,8.06731
7.06347,0.00962493,8.12163
7.04414,0.0159761,8.09547
6.8713,0.0177624,7.92815
6.88947,0.0105986,7.94023
7.02657,0.00931532,8.08586
6.95502,0.00996623,8.00464
6.94714,0.00955435,7.99352
6.97284,0.0102233,8.02436
7.02007,0.0102668,8.06787
7.03777,0.0114743,8.08989
7.0761,0.00861334,8.1241
7.03167,0.00894405,8.07977
6.93591,0.0108281,7.98565
6.90387,0.0141572,7.96687
6.98869,0.0136648,8.03974
7.04784,0.0089436,8.09765
6.86983,0.00898733,7.91946
6.95143,0.0101682,8.00175
7.00697,0.00985389,8.05832
7.25063,0.00926261,8.30043
6.8407,0.01082,7.88862
7.02971,0.00934107,8.0789
7.04036,0.00877639,8.0882
6.93631,0.0107922,7.98688
7.04272,0.0090618,8.09404
7.01911,0.00982766,8.07762
6.9859,0.00947285,8.03558
7.11569,0.00983094,8.16315
7.02243,0.00888583,8.06928
6.92587,0.0142923,7.97895
6.96163,0.00886567,8.00783
6.96317,0.0159017,8.01693
7.02191,0.0103359,8.07393
7.00998,0.011573,8.06231
7.01456,0.0138269,8.0668
7.25543,0.0103913,8.30674
6.99549,0.00955099,8.04569
6.91902,0.00926924,7.96669
7.1816,0.0088954,8.23096
7.20832,0.0140995,8.26147
5 threads per task
7.01118,0.0123454,8.07291
6.88248,0.0132517,7.94647
7.22785,0.0123591,8.28073
7.00389,0.0163693,8.05533
6.86777,0.0146425,7.92162
6.91458,0.0123062,7.96664
6.93973,0.0179504,7.99645
6.89196,0.0132807,7.94266
6.88314,0.0143403,7.93507
6.99933,0.0134181,8.05068
6.88941,0.0147499,7.9444
6.90034,0.0134299,7.96183
7.02726,0.0135681,8.07833
6.89992,0.0146127,7.96431
7.00626,0.014462,8.05839
6.95647,0.016419,8.01477
6.87339,0.0134213,7.92544
6.90803,0.0258675,7.96999
6.99916,0.0122304,8.04868
7.24824,0.0134454,8.30084
7.01416,0.0119009,8.06572
6.98454,0.0153467,8.04184
6.98393,0.0156411,8.03951
7.02551,0.0119879,8.07767
7.01863,0.0135174,8.07325
6.89548,0.0135888,7.94859
7.0108,0.0137539,8.06525
7.05218,0.0135655,8.10402
6.91345,0.0215531,7.97554
7.06444,0.0150084,8.11918
6.98468,0.0148007,8.04335
7.00963,0.0133991,8.06098
7.0248,0.0128525,8.07537
6.92522,0.0133597,7.9799
7.01398,0.0149455,8.06716
6.99674,0.0128849,8.08721
7.0343,0.0133045,8.08561
7.01711,0.0151778,8.07105
6.95977,0.0155005,8.01602
7.03168,0.0135729,8.08522
6.89841,0.0134956,7.94917
6.86313,0.012357,7.91666
6.90867,0.0140032,7.95991
6.96222,0.0124814,8.01457
6.88039,0.0129383,7.93121
7.23653,0.01918,8.2927
6.89301,0.0128155,7.94425
6.96314,0.01409,8.0219
6.94979,0.0154844,8.00454
6.92356,0.0138711,7.97438
6.97932,0.0136702,8.03128
6 threads per task
7.01158,0.0200147,8.07245
7.11299,0.0186428,8.17888
6.88972,0.0183101,7.94724
7.04004,0.019247,8.09836
6.87797,0.0194228,7.93762
6.90511,0.0194785,7.96634
6.90014,0.0185143,7.9565
7.35799,0.0165636,8.41174
6.90057,0.0166795,7.95831
6.95358,0.0164401,8.00888
7.13263,0.0152004,8.18758
7.00157,0.0155588,8.06501
6.96491,0.0170935,8.01914
6.89093,0.0187513,7.95125
7.00025,0.0156562,8.05825
7.05206,0.016534,8.11702
6.94022,0.0172271,8.00057
6.97132,0.0167769,8.02615
6.89184,0.0153706,7.94644
6.90738,0.0189011,7.96687
7.04487,0.018541,8.10054
7.03014,0.0169793,8.08364
6.88094,0.018713,7.93958
7.0031,0.0169546,8.06137
6.9651,0.0162864,8.02121
6.89602,0.0151055,7.95054
6.90581,0.017291,7.9642
7.00415,0.0158345,8.05918
6.94862,0.0188785,8.0092
6.87204,0.0181551,7.9276
7.02118,0.0157721,8.07729
7.10694,0.0154679,8.16118
7.00088,0.0194943,8.06108
6.95656,0.0155966,8.01279
6.97586,0.0156356,8.03069
6.99624,0.0180489,8.0543
6.88772,0.0167254,7.94498
6.90419,0.0172803,7.96166
7.02163,0.0184354,8.07945
7.3054,0.0183743,8.36616
7.00341,0.0170354,8.06002
6.95,0.0157578,8.02117
7.03173,0.0151139,8.08777
6.92596,0.016994,7.98333
7.00523,0.0198718,8.0637
6.94756,0.0185046,8.00681
6.94532,0.0180005,8.00169
6.92365,0.0157689,7.97884
7.05466,0.0153343,8.10799
7.11156,0.0167558,8.17903
7.0103,0.0186635,8.06915
7 threads per task
7.03339,0.0186148,8.09124
7.04143,0.0175256,8.10829
6.88991,0.0169275,7.94877
7.06954,0.0237304,8.13119
6.96943,0.0168506,8.03659
6.86958,0.0218677,7.93071
7.04922,0.0187343,8.10841
7.03625,0.018181,8.09134
7.03812,0.0200378,8.09528
7.0135,0.0216517,8.0765
7.06579,0.0193892,8.12563
7.04911,0.0183591,8.10877
6.88123,0.0229783,7.94095
6.95342,0.0176033,8.01312
6.88821,0.0234156,7.9501
6.94795,0.0213086,8.01001
7.00883,0.0200544,8.07414
6.96617,0.0246247,8.03063
6.98836,0.0195862,8.04934
7.25532,0.0199037,8.31371
7.00603,0.0193183,8.06453
6.88226,0.0217855,7.94485
6.88908,0.018804,7.9498
7.24434,0.0197967,8.30014
6.96513,0.0197554,8.02596
6.96812,0.0229686,8.02968
7.00246,0.0245023,8.06439
6.92726,0.0229381,7.98952
7.11039,0.02295,8.17335
7.04889,0.0212004,8.11899
6.94832,0.0228194,8.01128
6.89674,0.0181193,7.95687
6.93375,0.0197384,7.99191
7.0153,0.0220345,8.0744
7.07598,0.0207011,8.13713
6.93005,0.0201742,7.987
7.01729,0.0209885,8.07844
6.98795,0.0202844,8.0481
7.00942,0.0171454,8.06694
6.94097,0.0210029,7.99906
6.97528,0.01812,8.03462
7.00556,0.0237925,8.06713
7.04969,0.0228478,8.11172
6.94723,0.0184651,8.0087
6.8648,0.0197026,7.92553
7.0237,0.0184125,8.07994
7.04453,0.0201009,8.10203
6.87539,0.023191,7.93504
7.01315,0.0193251,8.07383
9.23947,0.0202045,10.3002
7.03154,0.0184748,8.09157
8 threads per task
6.89246,0.0241129,7.9543
6.94204,0.0252611,8.00676
7.02225,0.0214545,8.08831
6.93533,0.0228607,8.00122
6.95634,0.0222117,8.01788
7.03999,0.022596,8.1048
7.00782,0.024891,8.07001
6.92053,0.0252905,7.98301
6.8716,0.0244022,7.93291
7.04028,0.024958,8.10429
6.92524,0.0217743,7.98732
6.89036,0.0255076,7.95147
7.0404,0.023594,8.1187
6.88565,0.0256959,7.95146
6.96568,0.0265265,8.03122
6.87314,0.0239213,7.93825
7.01816,0.0231575,8.08133
7.29354,0.0265776,8.3582
6.96878,0.0217822,8.03321
7.04143,0.0217889,8.1013
6.8601,0.0210058,7.91926
6.97662,0.0243728,8.044
6.88858,0.0243049,7.95504
6.90028,0.0214696,7.96264
7.06525,0.022587,8.12695
6.94958,0.0229504,8.01864
7.27066,0.0232965,8.33436
7.11058,0.023305,8.18023
7.06987,0.022613,8.13287
7.01275,0.0270181,8.07776
6.89715,0.020987,7.96112
6.99345,0.023938,8.0566
6.8947,0.0247968,7.96028
7.05471,0.0265862,8.12344
7.03141,0.0270667,8.09609
7.01835,0.0249276,8.08603
7.08029,0.0201961,8.14253
6.96696,0.0232843,8.02743
7.17993,0.0203897,8.2464
7.03347,0.0242192,8.10773
7.06174,0.0232325,8.12274
7.14052,0.0286217,8.20713
7.05777,0.0275868,8.12452
7.29083,0.0257043,8.35645
7.09386,0.0244297,8.15618
6.87075,0.0258058,7.94385
6.99448,0.024384,8.0559
6.8701,0.0218688,7.93058
7.10853,0.0199976,8.16866
6.96397,0.0255809,8.03003
7.05374,0.0248678,8.12739
