Bash version 4.2.46(1)-release...
9 tasks per node
1 threads per task
4.41556,0.00116442,5.19136
4.32292,0.00133404,5.10967
4.32096,0.00106511,5.10713
4.31292,0.00118497,5.10058
4.43504,0.00125904,5.22058
4.2958,0.000918027,5.08706
4.34393,0.00101007,5.13424
4.38983,0.00118821,5.17995
4.38799,0.00109883,5.17514
4.33633,0.00109669,5.1255
4.29688,0.000998702,5.08199
4.31113,0.00101083,5.09827
4.30303,0.00114653,5.08872
4.4,0.00117347,5.18836
4.35633,0.00112686,5.14257
4.33958,0.000987008,5.12508
4.28649,0.00125356,5.07253
4.36586,0.00116388,5.15124
4.31395,0.0011715,5.10227
4.32331,0.00103733,5.11153
4.35916,0.00104054,5.14613
4.39193,0.00109853,5.17961
4.3698,0.00113075,5.15657
4.40379,0.00102961,5.18983
4.3992,0.00104775,5.18794
4.30131,0.000894481,5.08712
4.45849,0.00114183,5.23429
4.36219,0.00119124,5.15737
4.38807,0.00104702,5.17331
4.40722,0.00107189,5.18333
4.38852,0.00105091,5.17502
4.31334,0.00102463,5.10072
4.39161,0.00108066,5.17933
4.38069,0.000990557,5.16681
4.37241,0.00108368,5.1622
4.38834,0.00113657,5.16376
4.3792,0.00125849,5.16906
4.33474,0.00117451,5.11221
4.36766,0.00112459,5.16089
4.31483,0.00116549,5.10139
4.44555,0.000990076,5.22169
4.35996,0.00111168,5.13635
4.36152,0.00114439,5.14942
4.29323,0.00106576,5.06914
4.36416,0.00115437,5.15183
4.39464,0.00104347,5.17204
4.37668,0.00102522,5.16241
4.30895,0.00133326,5.09616
4.3081,0.00111014,5.08487
4.30699,0.000986097,5.08292
4.34638,0.000984808,5.12292
2 threads per task
4.40539,0.00400296,5.19666
4.39418,0.00403597,5.18611
4.37013,0.00365684,5.15957
4.41893,0.00428374,5.20889
4.40587,0.00387156,5.19544
4.3005,0.00388195,5.08119
4.31513,0.00376243,5.1049
4.30822,0.00415431,5.10374
4.30749,0.00415151,5.10177
4.36896,0.00402994,5.14763
4.32969,0.00432231,5.11242
4.29663,0.00422925,5.08581
4.29434,0.00379337,5.08334
4.27765,0.00413565,5.0663
4.31778,0.0041929,5.11055
4.40333,0.00392874,5.18259
4.40863,0.00415781,5.20503
4.47392,0.00404442,5.26438
4.28949,0.00405663,5.07744
4.44407,0.00372134,5.23331
4.38679,0.00405227,5.16947
4.30185,0.00400581,5.08037
4.30681,0.00436996,5.09607
4.363,0.00396617,5.15185
4.36625,0.00427061,5.15725
4.31579,0.00383386,5.10592
4.31465,0.00404725,5.10334
4.38919,0.00428623,5.1807
4.35452,0.00438594,5.13415
4.36348,0.00471674,5.14439
4.32357,0.00409765,5.11435
4.30848,0.0266995,5.15434
4.29072,0.00403922,5.0818
4.37763,0.00396385,5.16586
4.3622,0.00408504,5.15118
4.37229,0.00446548,5.16501
4.36985,0.00451657,5.15276
4.45685,0.00378932,5.25052
4.40576,0.0041172,5.19789
4.28976,0.00421397,5.08546
4.36751,0.00427956,5.15823
4.36934,0.00402608,5.14813
4.38021,0.00365743,5.15866
4.35735,0.00394106,5.14661
4.29239,0.00385914,5.07326
4.46358,0.0041244,5.25437
4.37247,0.00409478,5.16338
4.28176,0.0136326,5.0727
4.38937,0.0037934,5.1798
4.29802,0.00549123,5.09009
4.37336,0.00393509,5.16272
3 threads per task
4.32173,0.00776221,5.10815
4.30944,0.0133111,5.09849
4.33985,0.00589956,5.13085
4.3238,0.00637894,5.11724
4.30662,0.006727,5.09889
4.35833,0.00679708,5.15244
4.39688,0.0136198,5.19967
4.30919,0.00744975,5.09458
4.31048,0.00780604,5.104
4.59085,0.0102275,5.38899
4.41354,0.0128911,5.21169
4.30393,0.00738458,5.09892
4.39662,0.0112713,5.19538
4.39587,0.0163698,5.20016
5.83183,0.00714261,6.6235
4.40957,0.0110949,5.19515
4.38787,0.00664287,5.17217
4.36014,0.00867101,5.15477
4.42753,0.0141089,5.221
4.39162,0.0138761,5.19007
4.31407,0.00703229,5.11053
4.32667,0.00825066,5.12427
4.33444,0.00733676,5.11745
4.29533,0.0163751,5.09809
4.38211,0.00722438,5.1766
4.35671,0.00811846,5.14148
4.31694,0.0142211,5.11681
4.32174,0.00887796,5.10638
4.29092,0.0058109,5.08223
4.2537,0.0134933,5.05344
4.29843,0.00591027,5.09247
4.38529,0.00840986,5.18405
4.82467,0.00673843,5.61692
4.3279,0.00881599,5.12403
4.29058,0.00761082,5.07374
4.31635,0.00913665,5.10307
4.29992,0.0173616,5.09608
4.79659,0.00685014,5.5914
4.30786,0.00677073,5.0996
4.40654,0.0113918,5.20444
4.32739,0.0106243,5.12645
4.38545,0.00678855,5.17999
4.45224,0.00678972,5.23353
4.37666,0.0115028,5.17518
4.36491,0.00811911,5.15841
4.36908,0.00601407,5.16239
4.3859,0.0078115,5.1781
4.47086,0.00672273,5.25479
4.29066,0.00651961,5.07338
4.28345,0.0136908,5.08308
4.31057,0.00695081,5.10248
4 threads per task
4.29006,0.00858565,5.08413
4.35531,0.008866,5.1403
4.37991,0.0179161,5.17369
4.28578,0.0149177,5.08536
4.42331,0.00997891,5.21189
4.31198,0.010024,5.10788
4.34714,0.00882794,5.13105
4.42808,0.0161566,5.22033
4.38152,0.00995359,5.17614
4.30782,0.0100025,5.10207
4.37341,0.0117191,5.17231
4.38291,0.0085806,5.17834
4.39197,0.0140236,5.19361
4.2983,0.01796,5.09443
4.47425,0.0117829,5.27182
4.3488,0.0164202,5.15257
4.32061,0.00854756,5.10719
4.37634,0.0087698,5.16103
4.37639,0.0149748,5.17698
4.31548,0.0120966,5.11351
4.29915,0.0107828,5.09606
4.39412,0.0180746,5.19705
4.36931,0.00995496,5.1571
4.31287,0.0137349,5.11371
4.36127,0.0088626,5.14548
4.38844,0.00926789,5.18243
4.37935,0.0176582,5.18736
4.37515,0.0148968,5.1911
4.39425,0.00877602,5.1903
4.30827,0.0137121,5.10972
4.28686,0.0100842,5.07418
4.45159,0.0103901,5.23983
4.36563,0.00874095,5.15211
4.47028,0.0106345,5.26702
4.4121,0.00992161,5.20891
4.37443,0.0118048,5.16094
4.31,0.0106162,5.0959
4.29173,0.00865211,5.07656
4.43697,0.0159233,5.22879
4.29496,0.0154687,5.09742
4.30581,0.0103266,5.10089
4.36395,0.0196338,5.16899
4.38144,0.0176953,5.18713
4.29184,0.0165055,5.0936
4.36475,0.00873289,5.15837
4.33528,0.00889564,5.12735
4.4793,0.0118837,5.27815
4.30582,0.0142223,5.10623
4.3706,0.00919004,5.15466
4.38154,0.00885164,5.17585
4.41572,0.00874572,5.1995
5 threads per task
4.31742,0.0125803,5.11502
4.31241,0.0212539,5.11942
4.36454,0.0127721,5.16256
4.3007,0.0135992,5.10642
4.39544,0.0132955,5.18478
4.31329,0.014399,5.11561
4.30234,0.0141547,5.10167
4.38866,0.0119023,5.17604
4.3251,0.0212997,5.1243
4.40207,0.0119561,5.20156
4.31888,0.0121287,5.11931
4.46193,0.0156285,5.2635
4.36396,0.0228583,5.17149
4.29445,0.0150599,5.08764
4.45068,0.0120606,5.23811
4.28545,0.0145387,5.26759
4.41582,0.0225373,5.21581
4.33265,0.0118636,5.13082
4.2845,0.0122894,5.07197
4.32396,0.0166835,5.12819
4.36137,0.0165495,5.16531
4.31209,0.0123581,5.11735
4.59339,0.0107182,5.38067
4.28617,0.0132713,5.08794
4.44513,0.0152219,5.23552
4.31367,0.0148681,5.10333
4.37847,0.0138203,5.17718
4.31679,0.0131095,5.10456
4.36169,0.0209406,5.17131
4.48127,0.0138122,5.27987
4.41019,0.0227027,5.21839
4.36796,0.0120182,5.16696
4.39299,0.0138276,5.19463
4.30831,0.011987,5.10778
4.32701,0.0208598,5.12597
4.37108,0.0132445,5.17159
4.29138,0.0192888,5.0964
4.42835,0.0134577,5.22979
4.37957,0.0166121,5.18172
4.3658,0.016637,5.16952
4.39807,0.0150406,5.1997
4.34222,0.0168725,5.1439
4.29971,0.0154156,5.10007
4.30054,0.0115148,5.0968
4.32235,0.0230725,5.12778
4.29152,0.0156376,5.0838
4.4344,0.0194323,5.23857
4.37813,0.0190134,5.18376
4.44243,0.0160313,5.24374
4.33044,0.0133534,5.12389
4.35333,0.0197226,5.15954
6 threads per task
4.36292,0.0197168,5.15757
4.39511,0.0212655,5.20479
4.37759,0.0210259,5.17411
4.38802,0.0171963,5.19025
4.3298,0.0206111,5.12687
4.37584,0.0293251,5.18916
4.32694,0.0213378,5.13311
4.33771,0.016349,5.12794
4.34216,0.0255347,5.14539
4.39162,0.0218853,5.2038
4.46609,0.0209736,5.27266
4.28545,0.0164126,5.07786
4.33284,0.028414,5.13197
4.30832,0.0172459,5.10951
4.36747,0.0194943,5.16498
4.30145,0.0185617,5.10493
4.33462,0.0290108,5.14874
4.30307,0.0165229,5.10891
4.37156,0.0214459,5.17746
4.44663,0.0153494,5.24931
4.41274,0.0251954,5.22577
4.48907,0.0229161,5.29699
4.41741,0.0147605,5.21735
4.31398,0.0198776,5.10896
4.32276,0.015672,5.12439
4.41115,0.0194095,5.20761
4.3923,0.0166028,5.19832
4.44161,0.0207221,5.24249
4.38594,0.0183199,5.19039
4.31845,0.0159736,5.12619
4.39284,0.0224999,5.19992
4.39378,0.0209578,5.19984
4.3257,0.0150039,5.12434
4.37878,0.0216753,5.17543
4.32186,0.0252943,5.13269
4.34752,0.0170978,5.14916
4.31959,0.0183304,5.11319
4.29058,0.0197807,5.08463
4.35694,0.0210717,5.16528
4.32249,0.024577,5.12504
4.30377,0.019757,5.11136
4.33863,0.0259184,5.13985
4.36336,0.0209087,5.17322
4.29145,0.017355,5.09974
4.40144,0.0159417,5.20462
4.42576,0.0203284,5.23745
4.36459,0.016577,5.15651
4.43493,0.0226563,5.24325
4.41215,0.0274762,5.21304
4.31712,0.0148615,5.10688
4.27025,0.0198822,5.07838
7 threads per task
4.41335,0.0194376,5.21052
4.29283,0.0213319,5.10006
4.3635,0.0204234,5.15978
4.35854,0.0211161,5.15392
4.2716,0.0245102,5.08256
4.3741,0.0277868,5.18761
4.29075,0.0214278,5.09741
4.35614,0.0267382,5.16811
4.40476,0.0247112,5.20443
4.44015,0.0217924,5.24685
4.35696,0.0239504,5.16544
4.3615,0.0228189,5.16412
4.39594,0.023039,5.20395
4.42457,0.0227748,5.23051
4.31252,0.0211489,5.11841
4.29491,0.0243346,5.11522
4.37354,0.0212532,5.18139
4.31045,0.0242681,5.12247
4.30739,0.0214721,5.11514
4.37517,0.0233155,5.1865
4.35912,0.0248243,5.16752
4.29639,0.0206895,5.10409
4.38677,0.0205685,5.18497
4.39902,0.0216869,5.21027
4.29512,0.0253324,5.10096
4.2905,0.0214683,5.08913
4.45769,0.0214542,5.26385
4.36565,0.0231062,5.16328
4.46429,0.0314868,5.28085
4.29178,0.0263016,5.10859
4.30569,0.0262668,5.11614
4.38258,0.022976,5.18242
4.47157,0.0219656,5.27962
4.46375,0.0181778,5.26146
4.39089,0.0264563,5.20543
4.40563,0.0201427,5.2016
4.49812,0.0228588,5.30661
4.43226,0.0202204,5.2377
4.3721,0.0253209,5.18108
4.37827,0.0216196,5.17674
4.28033,0.0216648,5.08732
4.466,0.0234932,5.2777
4.29532,0.0199928,5.10378
4.38206,0.0227584,5.17938
4.36538,0.0222972,5.17365
4.35319,0.0231715,5.15088
4.36766,0.0182462,5.18073
4.35329,0.0208635,5.16033
4.42542,0.0215078,5.23222
4.31021,0.0217235,5.11736
4.32119,0.0201204,5.12705
8 threads per task
4.3916,0.0274083,5.20584
4.38048,0.0258995,5.18772
4.37847,0.0232741,5.18424
4.37735,0.0229986,5.18563
4.35788,0.0247197,5.16921
4.38099,0.0264359,5.1997
4.31717,0.0281614,5.11993
4.36058,0.0275353,5.17552
4.40742,0.0263058,5.21937
4.38561,0.0262332,5.1865
4.30673,0.0225084,5.11602
4.40082,0.0258361,5.21321
4.39793,0.0243666,5.22245
4.40109,0.0383538,5.21597
4.41607,0.0267208,5.22866
4.29941,0.0281708,5.11388
4.29491,0.0247355,5.10434
4.37317,0.026481,5.17664
4.29879,0.0250467,5.10243
4.38252,0.0263027,5.19345
4.30026,0.0250499,5.11168
4.30535,0.0262895,5.11672
4.31692,0.0280528,5.13142
4.3785,0.0340353,5.18847
4.26663,0.0230536,5.06644
4.31058,0.0248435,5.12801
4.34494,0.0263385,5.1544
4.29238,0.024909,5.11654
4.32603,0.0251796,5.14008
4.36068,0.0278129,5.17362
4.39962,0.0246443,5.2201
4.45744,0.0235379,5.26549
4.41804,0.0263819,5.23022
4.30156,0.0262581,5.11205
4.28875,0.0252916,5.10347
4.37581,0.0246509,5.22406
4.3142,0.0246618,5.12866
4.31626,0.0266405,5.11745
4.31922,0.0233352,5.13723
4.42223,0.025114,5.23455
4.46808,0.0291773,5.2844
4.34968,0.0256454,5.15359
4.38396,0.0259119,5.1849
4.31205,0.024846,5.12326
4.3235,0.0231972,5.13173
4.3345,0.0248309,5.13602
4.39174,0.0267024,5.20349
4.30645,0.0249793,5.10805
4.29589,0.0364931,5.10656
4.34501,0.0250791,5.15398
4.4807,0.0250574,5.29314
