Bash version 4.2.46(1)-release...
10 tasks per node
1 threads per task
4.29215,0.00128299,5.05638
4.31435,0.00121687,5.07797
4.2775,0.00129453,5.04343
4.42015,0.00187155,5.18338
4.29776,0.00148538,5.06202
4.42016,0.00119382,5.18424
4.38083,0.00131795,5.14728
4.37168,0.0012135,5.13524
4.31616,0.00106534,5.08126
4.29226,0.00112765,5.0598
4.31675,0.00121518,5.08085
4.30368,0.00127513,5.0723
4.30148,0.00125719,5.06951
4.29553,0.00124461,5.05865
4.37223,0.000962328,5.13914
4.30097,0.00155389,5.06406
4.26686,0.00116827,5.03006
4.36331,0.00124937,5.12867
4.3736,0.00119213,5.14107
4.35943,0.00158047,5.12394
4.29983,0.00154269,5.06365
4.29837,0.00111376,5.06301
4.31147,0.00158599,5.07968
4.30465,0.00115685,5.07462
4.29778,0.00121954,5.0639
4.41035,0.00116142,5.17703
4.28539,0.00126885,5.04815
4.33199,0.0012081,5.09471
4.39048,0.00121344,5.153
4.48433,0.00115384,5.25107
4.36777,0.00117763,5.13288
4.29607,0.00123382,5.05932
4.37839,0.00161304,5.14602
4.28852,0.0011084,5.05237
4.29663,0.00143528,5.06185
4.35079,0.00121286,5.11388
4.30359,0.00164895,5.06906
4.30579,0.00155004,5.06915
4.37468,0.00119744,5.14177
4.40434,0.00121591,5.1717
4.33105,0.00154219,5.09596
4.41355,0.00119607,5.18259
4.32365,0.00124189,5.08817
4.29037,0.00120032,5.05879
4.30943,0.0015638,5.07539
4.30331,0.00150666,5.06717
4.42663,0.00122764,5.19592
4.28441,0.00121782,5.04901
4.36249,0.00119848,5.12592
4.37247,0.00150377,5.1385
4.4194,0.0011518,5.18612
2 threads per task
4.3743,0.00433425,5.14174
4.35872,0.00451792,5.1282
4.37326,0.00395493,5.13866
4.43828,0.00453643,5.2049
4.35848,0.00439201,5.12741
4.3775,0.00374442,5.1446
4.38716,0.00415473,5.15537
4.29624,0.00418916,5.06192
4.29092,0.00462436,5.05953
4.31578,0.00446425,5.08356
4.29802,0.00434644,5.06416
4.30376,0.00409515,5.06917
4.37827,0.00452235,5.14441
4.35359,0.00413637,5.1227
4.31052,0.0039481,5.0782
4.3713,0.00405031,5.13905
4.32755,0.00430033,5.09758
4.39608,0.00447172,5.16518
4.38844,0.00425582,5.1556
4.32996,0.00448224,5.09884
4.29546,0.00415155,5.0617
4.30965,0.00479042,5.0769
4.28508,0.00441242,5.05266
4.3785,0.0148908,5.15599
4.30077,0.00451581,5.07137
4.42838,0.00431775,5.19454
4.40046,0.00391548,5.17109
4.37676,0.00438809,5.1467
4.38263,0.00411742,5.14774
4.38211,0.00406713,5.14937
4.30517,0.00455696,5.08092
4.45381,0.00451241,5.22037
4.32884,0.00441364,5.09526
4.35916,0.00454725,5.1261
4.36985,0.00437855,5.13889
4.31129,0.00457565,5.07741
4.3136,0.00432796,5.07907
4.37653,0.015332,5.16146
4.36056,0.00810412,5.13149
4.38817,0.00450702,5.15955
4.36634,0.00396289,5.13665
4.29726,0.00455003,5.06581
4.29572,0.00457754,5.06414
4.33842,0.00434023,5.10783
4.36692,0.00622482,5.13457
4.37721,0.00478376,5.14296
4.37489,0.00431379,5.14624
4.29608,0.00435871,5.06431
4.32693,0.00444077,5.0929
4.33779,0.00445933,5.10598
4.35302,0.00436431,5.12044
3 threads per task
4.41708,0.00683552,5.18869
4.28713,0.00700561,5.05727
4.2724,0.0144904,5.05078
4.30282,0.00697001,5.07502
4.34486,0.0113447,5.11828
4.36821,0.00856697,5.14038
4.36005,0.0079197,5.12939
4.29994,0.00941254,5.0737
4.37995,0.00704903,5.14936
4.36322,0.00714979,5.13751
4.42336,0.0119689,5.20469
4.3622,0.00740475,5.13388
4.37033,0.00840111,5.14165
4.37161,0.00905569,5.14239
4.3284,0.0068864,5.09999
4.38482,0.0118904,5.16111
4.36502,0.00689026,5.13619
4.30176,0.0068494,5.07291
4.55791,0.0135072,5.33631
4.33814,0.0144612,5.12088
4.29208,0.00764182,5.06707
4.29826,0.00986514,5.07072
4.26774,0.00744923,5.03815
4.28986,0.00670229,5.06541
4.32527,0.0071648,5.09453
4.29546,0.00685736,5.06535
4.29052,0.00795045,5.06207
4.33114,0.00675395,5.10216
4.32172,0.00857274,5.10294
4.36533,0.00689643,5.13411
4.28555,0.00662854,5.05391
4.28928,0.00719082,5.05774
4.37566,0.00982776,5.1529
4.29437,0.00691153,5.06178
4.51998,0.00962838,5.29422
4.30507,0.00737002,5.07515
4.36707,0.00844493,5.14019
4.33617,0.00737705,5.10781
4.34887,0.0092705,5.11865
4.28633,0.00706955,5.05765
4.36608,0.00674008,5.13717
4.31992,0.00691247,5.09114
4.37581,0.00740675,5.14886
4.30476,0.0165247,5.12941
4.28768,0.00718419,5.0555
4.66268,0.00957082,5.43805
4.3764,0.00704715,5.1483
4.37577,0.00561812,5.14661
4.47541,0.00713842,5.25182
4.36621,0.00695504,5.13784
4.34735,0.00738088,5.11774
4 threads per task
4.35455,0.0117218,5.12897
4.37407,0.0116349,5.15035
4.29884,0.010249,5.07453
4.33178,0.0116328,5.10948
4.32453,0.00873573,5.10047
4.41348,0.012534,5.19201
4.35573,0.012203,5.13015
4.29199,0.0106166,5.06487
4.36933,0.0101214,5.14222
4.29774,0.0104017,5.07052
4.3087,0.011469,5.08616
4.39731,0.0182726,5.18123
4.30986,0.0116081,5.09145
4.2968,0.010397,5.06969
4.36433,0.0100777,5.14532
4.28725,0.0161779,5.06767
4.33216,0.010512,5.10428
4.38859,0.0144531,5.16504
4.40972,0.0101981,5.18239
4.3594,0.0103729,5.13415
4.30156,0.020585,5.08189
4.36534,0.0104668,5.13664
4.31188,0.0132934,5.08779
4.36336,0.00987541,5.14029
4.38401,0.0100977,5.16262
4.29025,0.0117361,5.06603
4.29379,0.00866622,5.06687
4.30414,0.010297,5.07756
4.37592,0.0116825,5.14945
4.27483,0.0115927,5.04884
4.28674,0.0102355,5.05849
4.28253,0.0115328,5.0575
4.4318,0.0106562,5.20909
4.35443,0.0101352,5.12941
4.35178,0.0102041,5.12786
4.3534,0.0106078,5.12635
4.28577,0.0150903,5.06468
4.37526,0.0117508,5.15707
4.38137,0.00983039,5.156
4.41033,0.0224866,5.19609
4.33717,0.0121566,5.11856
4.27437,0.0119609,5.04781
4.40018,0.010099,5.17214
4.35607,0.00856447,5.12597
4.29466,0.00858374,5.06709
4.30636,0.0134661,5.08625
4.39495,0.0101467,5.16735
4.28433,0.0101883,5.05682
4.36584,0.00928564,5.1399
4.29581,0.0109483,5.08083
4.39588,0.0166041,5.17714
5 threads per task
4.29797,0.0132674,5.07844
4.29278,0.0133193,5.06921
4.36769,0.0131415,5.14218
4.37734,0.0131949,5.16124
4.40724,0.0152273,5.18458
4.36567,0.0133431,5.14435
4.31017,0.0165447,5.08858
4.38091,0.0209937,5.17042
4.36891,0.0148992,5.15059
4.39684,0.0152102,5.17814
4.30289,0.01505,5.07865
4.34284,0.013772,5.12187
4.41262,0.0119975,5.18761
4.37088,0.0183009,5.15093
4.37126,0.0151661,5.14861
4.36785,0.0141808,5.14513
4.35452,0.0154429,5.13486
4.29438,0.0134576,5.07017
4.41917,0.0132974,5.20579
4.37659,0.0148677,5.15674
4.2938,0.0155263,5.07995
4.30042,0.0147078,5.08035
4.37477,0.0123982,5.1521
4.35553,0.0165131,5.14339
4.3705,0.0155859,5.14907
4.37444,0.0175659,5.15357
4.32293,0.0147473,5.09932
4.39143,0.0145302,5.16757
4.29412,0.0135575,5.07294
4.32956,0.013392,5.10818
4.41837,0.0122196,5.19751
4.39716,0.0149186,5.17685
4.43787,0.014893,5.21871
4.38926,0.0164799,5.16978
4.30486,0.0198232,5.10026
4.41717,0.0148969,5.19823
4.40806,0.0148529,5.18531
4.29313,0.0163633,5.07475
4.3034,0.0138202,5.07938
4.29294,0.0152592,5.06943
4.32715,0.0164462,5.10724
4.37431,0.0136067,5.14945
4.32512,0.013835,5.10839
4.37558,0.0147466,5.15517
4.28321,0.015629,5.06106
4.31209,0.0203023,5.09486
4.3005,0.0133957,5.07926
4.40455,0.0165617,5.1836
4.43837,0.0149415,5.21481
4.38583,0.0152272,5.16202
4.3046,0.0149547,5.08199
6 threads per task
4.35849,0.0177581,5.13485
4.30566,0.0163942,5.08873
4.29656,0.0204724,5.08854
4.41137,0.019817,5.19424
4.36422,0.0198791,5.14819
4.36024,0.0199424,5.14217
4.36688,0.0183501,5.14658
4.37373,0.0181325,5.15892
4.30896,0.0200175,5.09468
4.30248,0.0202143,5.08323
4.30596,0.0184231,5.09054
4.353,0.019796,5.13845
4.30205,0.0166877,5.08746
4.3728,0.0180529,5.15869
4.29079,0.0252183,5.07866
4.3279,0.0165238,5.10768
4.33257,0.0183009,5.11429
4.3635,0.0179876,5.14645
4.32874,0.0205367,5.11123
4.47516,0.021552,5.25913
4.42039,0.0166767,5.20292
4.34396,0.0247043,5.14129
4.37957,0.019911,5.16421
4.39122,0.0203214,5.17284
4.28982,0.0215703,5.07183
4.4747,0.0165637,5.25658
4.35778,0.0180547,5.13827
4.30026,0.0172409,5.08111
4.3538,0.0182042,5.13545
4.36771,0.0196277,5.14899
4.30396,0.0198484,5.08854
4.36596,0.0183631,5.1479
4.30604,0.0185054,5.09038
4.39391,0.0202033,5.18874
4.29431,0.0197103,5.07917
4.30522,0.0213745,5.08794
4.38557,0.0182012,5.17329
4.36977,0.0181709,5.15174
4.27861,0.0203312,5.06172
4.3004,0.0220641,5.08266
4.4285,0.0181168,5.2106
4.36139,0.0198314,5.14407
4.2854,0.0229308,5.07469
4.31709,0.0183813,5.09965
4.30533,0.0189512,5.09063
4.36174,0.0198232,5.14412
4.32551,0.018294,5.10621
4.28488,0.0195059,5.06617
4.36471,0.0166766,5.14411
4.29722,0.0186217,5.07756
4.3049,0.0196817,5.08975
7 threads per task
4.30633,0.0203737,5.09103
4.34471,0.0229663,5.13853
4.36363,0.0229558,5.1506
4.29397,0.0230593,5.0801
4.27938,0.0208448,5.06453
4.3545,0.0243993,5.14508
4.29573,0.024562,5.08205
4.36519,0.0244285,5.15392
4.38401,0.0261511,5.1704
4.2919,0.0197593,5.07942
4.47802,0.0234345,5.26499
4.37443,0.0203921,5.1587
4.3319,0.025565,5.131
4.29595,0.0231668,5.0814
4.36616,0.0197842,5.15068
4.30675,0.0247325,5.09669
4.2318,0.0351434,5.03346
4.30014,0.0230772,5.08837
4.36292,0.0256656,5.14835
4.33044,0.0215687,5.11788
4.36727,0.0254309,5.1532
4.38883,0.0220385,5.17296
4.32086,0.0241207,5.10858
4.30436,0.0235203,5.09395
4.46866,0.0210464,5.32361
4.29926,0.0229945,5.08383
4.30984,0.0231094,5.10049
4.31131,0.0232045,5.10614
4.40092,0.0252796,5.18867
4.42648,0.0284967,5.22549
4.36426,0.0226589,5.14993
4.37893,0.0232348,5.16425
4.32991,0.0232358,5.11615
4.37293,0.0218042,5.15901
4.24305,0.0251927,5.03225
4.29475,0.0229265,5.081
4.30195,0.0243076,5.08851
4.36114,0.0296384,5.15998
4.44763,0.0216055,5.23278
4.29772,0.0232074,5.08364
4.32501,0.0228207,5.11894
4.29335,0.0247742,5.09019
4.4529,0.0223854,5.23699
4.30747,0.0246554,5.0978
4.32333,0.0230215,5.1069
4.36218,0.0232893,5.14913
4.29019,0.023207,5.08304
4.29247,0.0237561,5.07856
4.30711,0.0243933,5.0956
4.29713,0.0247302,5.08396
4.35481,0.0206195,5.13636
8 threads per task
4.29843,0.0297958,5.09421
4.41833,0.0277885,5.21368
4.35885,0.0254399,5.14955
4.30185,0.0279332,5.09366
4.3808,0.0248609,5.17154
4.36918,0.0261462,5.15639
4.37216,0.0263267,5.15597
4.36497,0.0263444,5.15603
4.29638,0.0247025,5.08617
4.37037,0.027011,5.16128
4.3794,0.0262811,5.17155
4.35489,0.0276501,5.14231
4.29888,0.0266382,5.0903
4.42758,0.0248989,5.21404
4.36604,0.02622,5.15782
4.3025,0.0248243,5.09111
4.35108,0.025366,5.13814
4.28168,0.0256939,5.07076
4.28302,0.0277064,5.07891
4.3116,0.0277125,5.09946
4.26727,0.0262687,5.05875
4.35477,0.0308097,5.14663
4.37107,0.0243588,5.15757
4.28267,0.0264729,5.0739
4.34228,0.0261042,5.13067
4.34719,0.0282698,5.14055
4.37103,0.0269493,5.15852
4.30282,0.0263267,5.09358
4.35311,0.0263861,5.14127
4.36467,0.0295875,5.1552
4.30001,0.0262079,5.08798
4.30462,0.0232302,5.08884
4.35892,0.0269323,5.15135
4.36753,0.0265329,5.16219
4.36034,0.0246038,5.14625
4.38017,0.0247269,5.17004
4.36455,0.026422,5.15323
4.28974,0.028035,5.07992
4.29908,0.0248545,5.0864
4.28882,0.02804,5.07846
4.35992,0.0267209,5.14713
4.4069,0.0280277,5.2004
4.38517,0.0263675,5.1735
4.29896,0.0258675,5.09305
4.30906,0.0263631,5.09713
4.31049,0.0272624,5.0985
4.4223,0.0274824,5.25545
4.39444,0.0276481,5.18412
4.36625,0.0266017,5.15388
4.37951,0.0281274,5.17202
4.42107,0.0264716,5.20757
