Bash version 4.2.46(1)-release...
13 tasks per node
1 threads per task
7.25713,0.00045206,0.000190683,8.01357
4.35513,0.0005465,0.000576738,5.1002
4.37055,0.000459978,0.000209065,5.11544
4.38704,0.000446713,0.000355255,5.13484
4.31038,0.000431264,0.000185281,5.05413
4.32702,0.000453254,0.00018944,5.08312
4.38461,0.000404289,0.000220239,5.14493
4.32397,0.000434188,0.00032852,5.07144
4.37528,0.000434445,0.000181686,5.1228
4.4222,0.000427168,0.000211643,5.17009
4.39729,0.000411678,0.000345059,5.14624
4.3515,0.00043764,0.000269236,5.09655
4.48267,0.000424825,0.000283001,5.24026
4.32284,0.000410078,0.000306182,5.06955
4.33528,0.000415999,0.000421839,5.08494
4.37652,0.000405036,0.00020358,5.13496
4.50098,0.00042483,0.000225091,5.24573
4.3417,0.000418132,0.000256378,5.09645
4.30316,0.000422852,0.000191148,5.05935
4.34432,0.000418756,0.000209808,5.10317
4.3738,0.00039167,0.000415081,5.12243
2 threads per task
4.32274,0.000275912,0.00379158,5.07575
4.80272,0.00384113,0.000202697,5.55368
4.34964,0.0036936,0.000185676,5.10561
4.36502,0.000277152,0.00559959,5.12541
4.35899,0.00368438,0.000182321,5.10608
4.48468,0.00365132,0.00200836,5.24724
4.42284,0.00366306,0.000206148,5.17573
4.31813,0.00370213,0.00067436,5.07086
4.33402,0.00369844,0.00023382,5.09801
4.43756,0.00355287,0.00172252,5.19064
4.44527,0.0036914,0.000251113,5.19439
4.35588,0.00369786,0.000249406,5.10856
4.41492,0.000349727,0.00457108,5.16365
4.34196,0.00365377,0.00029172,5.09287
4.36246,0.0018729,0.0031921,5.11683
4.42014,0.00368411,0.000332637,5.16926
4.37236,0.00369248,0.000228124,5.13417
4.48583,0.00367696,0.000219516,5.23391
4.38804,0.000310689,0.00484768,5.1366
4.38827,0.00369455,0.000189194,5.15115
4.3498,0.00369383,0.000356825,5.11054
3 threads per task
4.35232,0.00691223,0.000197504,5.10504
4.38068,0.00530664,0.0298518,5.15803
4.3346,0.00364275,0.00374854,5.09369
4.38563,0.00517723,0.0045889,5.1544
4.42535,0.00356548,0.00425619,5.18206
4.48533,0.00533676,0.00509398,5.24165
4.33974,0.00354838,0.00730957,5.09699
4.33181,0.0051655,0.00395722,5.09626
4.31604,0.00696943,0.000190364,5.07779
4.33606,0.00530235,0.00274468,5.08904
4.51745,0.00372475,0.00631584,5.27835
4.50167,0.00526873,0.00186197,5.25444
4.33235,0.00356305,0.00504542,5.08784
4.3992,0.00898403,0.000190381,5.16951
4.32097,0.00539393,0.000186473,5.0867
4.38297,0.00690923,0.00018231,5.13919
4.3593,0.00531751,0.00020864,5.11762
4.50579,0.00357673,0.00363952,5.26787
4.32678,0.0119487,0.000185153,5.09662
4.51902,0.00549304,0.00464086,5.27958
4.37668,0.00361005,0.0052453,5.13378
4 threads per task
4.4837,0.00675385,0.00510111,5.245
4.42981,0.0132736,0.00324059,5.20784
4.38009,0.00687724,0.00867251,5.13808
4.3515,0.009866,0.00713738,5.11435
4.44937,0.0120125,0.00766924,5.21616
4.3873,0.0117668,0.00339596,5.14805
4.40968,0.00692113,0.00586892,5.19028
4.34199,0.0139189,0.000189895,5.11222
4.3479,0.00831967,0.00668384,5.10733
4.34743,0.00511331,0.0135926,5.22672
4.33117,0.0232025,0.000189012,5.098
4.32685,0.0068248,0.0111347,5.10065
4.33159,0.0049377,0.0127608,5.10243
4.56059,0.00846665,0.00724565,5.32142
4.33553,0.0101963,0.00839245,5.1098
4.336,0.0100021,0.00395347,5.1079
4.37298,0.00843169,0.0109274,5.14703
4.35805,0.0158358,0.000183122,5.15618
4.33699,0.0163382,0.000187827,5.09601
4.3692,0.0151367,0.00315357,5.1331
4.37493,0.00676737,0.00912355,5.14212
5 threads per task
4.33791,0.00674429,0.0195446,5.11384
4.38905,0.0101472,0.0130209,5.16466
4.34648,0.00356606,0.0258576,5.12222
4.32997,0.0118092,0.0118013,5.10103
4.33598,0.00511889,0.0169523,5.11536
4.33682,0.013783,0.00580516,5.10599
4.33555,0.0139853,0.000227232,5.1087
4.33069,0.016745,0.078175,5.16978
4.7645,0.0100411,0.00972181,5.53441
4.3466,0.0100594,0.0132162,5.14297
4.33649,0.0225258,0.00338536,5.1175
4.36212,0.00836774,0.0154369,5.13334
4.33991,0.0102234,0.0121986,5.10932
4.44005,0.0189889,0.000749273,5.21561
4.31875,0.00831348,0.019032,5.09275
4.32688,0.00586984,0.0167464,5.09493
4.5075,0.0198318,0.00213557,5.27881
4.3276,0.0249491,0.00136217,5.12379
4.47967,0.0118704,0.01169,5.256
4.37139,0.0100547,0.0139045,5.14185
4.32256,0.0101198,0.0116227,5.10067
6 threads per task
4.33884,0.0133384,0.0168059,5.11403
4.41589,0.0136588,0.0141385,5.19713
4.38014,0.0181759,0.0102743,5.19727
4.50804,0.00840172,0.0164152,5.3805
4.60583,0.0183799,0.0119602,5.38522
4.37035,0.0150833,0.0149801,5.15781
4.34155,0.0149324,0.00949324,5.12228
4.3545,0.0182727,0.00836788,5.12795
4.51839,0.0100059,0.0132966,5.32382
4.37052,0.0101128,0.0195445,5.15907
4.33933,0.026974,0.004857,5.12291
4.32862,0.0134665,0.00815144,5.10595
4.3561,0.0100018,0.0166294,5.12946
4.35407,0.00508043,0.0219456,5.12664
4.32625,0.0213474,0.00312018,5.10603
4.31104,0.0335415,0.000187311,5.08988
4.36266,0.0132156,0.00520676,5.18033
4.37817,0.011627,0.0181025,5.16312
4.40997,0.0261136,0.0192047,5.20175
4.5914,0.0188866,0.00881585,5.38012
4.37789,0.00981648,0.0228045,5.16524
7 threads per task
4.56389,0.0215776,0.016183,5.47197
4.45413,0.0183499,0.00829943,5.23808
4.51473,0.0115995,0.0187178,5.29652
4.32263,0.0149596,0.0206423,5.11116
4.36999,0.0202668,0.0182627,5.1857
4.33979,0.0136316,0.0194568,5.12317
4.65636,0.0133217,0.0160417,5.44762
4.44054,0.0296528,0.000197519,5.22024
4.33389,0.0225725,0.0124728,5.11576
4.53672,0.0168848,0.0133976,5.3196
4.31954,0.0179987,0.0133281,5.09632
4.34081,0.0100128,0.0221812,5.12128
4.43801,0.00657069,0.0193882,5.22492
4.32045,0.023128,0.00332504,5.11119
4.34444,0.0203407,0.00707998,5.12599
4.40861,0.0218554,0.00620947,5.19989
4.5299,0.0352858,0.000716452,5.31577
4.3231,0.0130623,0.0218156,5.10496
4.38125,0.0132088,0.0167975,5.15759
4.373,0.0199113,0.0117955,5.1568
4.31503,0.0251671,0.00907931,5.10116
8 threads per task
4.40903,0.031708,0.000189131,5.1928
4.33387,0.0281725,0.00639826,5.12503
4.31268,0.0181567,0.0189582,5.11402
4.41912,0.0148074,0.0192595,5.20867
4.30987,0.0327508,0.00702391,5.09684
4.31399,0.0334049,0.000184352,5.09838
4.32439,0.0329531,0.00490162,5.11051
4.32016,0.0409921,0.0016042,5.10977
4.32692,0.0216467,0.00992103,5.13399
4.42113,0.0134637,0.0195404,5.21205
4.39554,0.0363534,0.00317601,5.18948
4.33565,0.0228221,0.025334,5.13984
4.33492,0.0165252,0.0172266,5.11509
4.38594,0.0353489,0.00148531,5.17765
4.43799,0.021354,0.017049,5.22653
4.36924,0.0148088,0.0221025,5.14898
4.41522,0.0242784,0.00514073,5.20735
4.35156,0.029743,0.00842975,5.13785
4.28921,0.0181188,0.0183151,5.07344
4.37251,0.019675,0.0179933,5.15865
4.365,0.0132708,0.0223576,5.16534
