Bash version 4.2.46(1)-release...
5 tasks per node
1 threads per task
4.13927,0.00104507,5.15408
4.12949,0.00109178,5.13419
4.23481,0.00101728,5.24177
4.15739,0.00109949,5.1591
4.14141,0.00111716,5.14388
4.16014,0.00105933,5.17236
4.12201,0.00107077,5.12551
4.10569,0.00103675,5.11069
4.14265,0.0010363,5.1554
4.20406,0.00108656,5.21579
4.2743,0.00104462,5.27789
4.17397,0.00101682,5.17703
4.15315,0.00102943,5.1578
4.19216,0.00113633,5.20562
4.18458,0.00110871,5.18514
4.19591,0.0011305,5.21096
4.24089,0.0012167,5.24029
4.26045,0.00113126,5.26509
4.19599,0.00104748,5.20918
4.17979,0.00183085,5.18121
4.11383,0.00120445,5.12275
4.13929,0.00103677,5.14481
4.20481,0.000986837,5.22563
4.19563,0.000994658,5.19548
4.12921,0.00109605,5.12997
4.38569,0.00121389,5.39249
4.19451,0.00113492,5.20449
4.22297,0.00119334,5.22375
4.2175,0.00115057,5.21866
4.27804,0.00100346,5.2863
4.13966,0.00109315,5.15151
4.10884,0.00110378,5.11835
4.16207,0.00104642,5.16413
4.20861,0.00107315,5.21761
4.20888,0.00122994,5.21073
4.15355,0.00110268,5.16963
4.17775,0.00123733,5.17912
4.10768,0.00115184,5.10834
4.10802,0.00205388,5.11164
4.18291,0.00112578,5.18486
4.18382,0.00109189,5.18652
4.20059,0.00111567,5.20532
4.13082,0.00109618,5.14329
4.20144,0.00129828,5.21075
4.17859,0.00125496,5.19658
4.14445,0.000840768,5.15027
4.2943,0.00111307,5.30353
4.14053,0.000810849,5.14834
4.18063,0.00104963,5.1812
4.17752,0.00122706,5.18169
4.15457,0.00105057,5.1599
2 threads per task
4.19172,0.00185399,5.19794
4.13929,0.00118788,5.14726
4.18361,0.0019023,5.19919
4.10607,0.00119572,5.11366
4.15838,0.00114747,5.16505
4.18927,0.00134042,5.19287
4.17568,0.000779355,5.17652
4.21616,0.00190172,5.22458
4.18075,0.00198533,5.19116
4.08914,0.000794522,5.0978
4.1756,0.000992158,5.1836
4.10548,0.00142261,5.11747
4.17321,0.000815703,5.18518
4.12645,0.000924429,5.13572
4.13459,0.00118078,5.13535
4.20193,0.000799794,5.21781
4.19718,0.00220902,5.20752
4.12137,0.000757288,5.13104
4.12259,0.000867872,5.13426
4.23715,0.00207169,5.2398
4.21697,0.000829857,5.22546
4.16914,0.0012155,5.17129
4.11307,0.000733156,5.10514
4.23796,0.00201883,5.23847
4.16876,0.00092232,5.17935
4.18433,0.000634924,5.18684
4.07549,0.00222618,5.08163
4.12453,0.000888184,5.11754
4.19008,0.00120282,5.19139
4.19062,0.00111374,5.20087
4.12686,0.00197114,5.12861
4.18994,0.00196725,5.20521
4.174,0.00187744,5.18506
4.13414,0.00195769,5.14335
4.24582,0.000669735,5.26902
4.33267,0.000959294,5.34384
4.27143,0.00221457,5.28276
4.11349,0.000983905,5.11887
4.17859,0.00126853,5.19567
4.14296,0.00140576,5.14818
4.14621,0.000916909,5.15021
4.2046,0.00134854,5.21465
4.18137,0.00104759,5.19686
4.20652,0.000927156,5.22391
4.12147,0.00137759,5.12167
4.10199,0.00105952,5.11187
4.17946,0.00139362,5.17814
4.20587,0.000980649,5.20975
4.26168,0.00138249,5.26123
4.18255,0.000777384,5.18512
4.22387,0.00182464,5.23689
3 threads per task
4.23551,0.00397343,5.24032
4.22724,0.0039983,5.23338
4.23846,0.00390177,5.24072
4.17731,0.00408927,5.19817
4.13663,0.00399741,5.1522
4.22056,0.00369367,5.22695
4.13007,0.00368907,5.13286
4.23526,0.00378183,5.24647
4.34926,0.00400999,5.3538
4.18269,0.00369621,5.18524
4.09808,0.00375085,5.11407
4.12401,0.00404076,5.14026
4.19344,0.00393824,5.19775
4.28598,0.00367436,5.29224
4.17068,0.00374686,5.19604
4.19748,0.00398148,5.21382
4.08321,0.00414893,5.0999
4.15545,0.00401292,5.16141
4.1788,0.00374875,5.19507
4.21118,0.00369456,5.21773
4.17432,0.00372921,5.18343
4.12972,0.00377989,5.13469
4.17574,0.00390054,5.187
4.15566,0.00408562,5.16719
4.2304,0.00379921,5.23653
4.20668,0.00366781,5.2193
4.09302,0.00393614,5.11157
4.13676,0.00404674,5.14467
4.17843,0.00370946,5.18361
4.17429,0.00372105,5.18505
4.22042,0.00460373,5.23745
4.11331,0.0040644,5.1207
4.1178,0.00400597,5.14292
4.11245,0.00394161,5.11545
4.17582,0.00371452,5.19048
4.15668,0.00388714,5.16092
4.15413,0.00384491,5.16089
4.12233,0.00394904,5.14494
4.12532,0.00385368,5.12946
4.15717,0.00368127,5.16014
4.08775,0.00372186,5.09386
4.09234,0.00370687,5.10407
4.20197,0.00387965,5.21489
4.21389,0.0038693,5.23225
4.18693,0.00375271,5.1979
4.17054,0.00361473,5.18414
4.1346,0.00378489,5.14043
4.09604,0.00377287,5.10702
4.22275,0.00375782,5.23263
4.19124,0.00367661,5.19506
4.56212,0.00393332,5.57094
4 threads per task
4.18688,0.00571404,5.20245
4.25166,0.00534683,5.25882
4.1616,0.00914386,5.17161
4.1246,0.00522315,5.13618
4.28235,0.00510744,5.29283
4.07835,0.0149884,5.10195
4.19201,0.00526608,5.20341
4.10815,0.00524847,5.12129
4.18349,0.00519858,5.20216
4.10413,0.00529097,5.11524
4.17863,0.0053497,5.18717
4.11291,0.00504483,5.11996
4.10977,0.00542005,5.11575
4.17392,0.008815,5.18328
4.12271,0.0136354,5.13907
4.33923,0.00522753,5.35418
4.0968,0.00515898,5.1111
4.17478,0.0155714,5.19255
4.19447,0.0040093,5.20273
4.19947,0.0149745,5.21639
4.15053,0.00514623,5.16216
4.22027,0.0112245,5.24868
4.21807,0.00922621,5.23447
4.11972,0.00520979,5.14049
4.24987,0.0152791,5.27519
4.10046,0.00435962,5.12193
4.11872,0.0057148,5.12556
4.13017,0.0155687,5.1491
4.10304,0.0052688,5.11278
4.17927,0.0090834,5.24013
4.15436,0.00524126,5.16869
4.1772,0.00915517,5.19882
4.21154,0.0148705,5.23993
4.47522,0.00536263,5.49425
4.2871,0.0084617,5.30154
4.14537,0.00511054,5.15124
4.15584,0.00671179,5.16374
4.16211,0.0136795,5.17572
4.09538,0.0053854,5.11503
4.09782,0.00523275,5.11128
4.23579,0.00677724,5.24726
4.16697,0.00504285,5.18171
4.1372,0.0152356,5.17231
4.09437,0.00553808,5.10943
4.14103,0.00587433,5.15627
4.2164,0.00928495,5.22484
4.18313,0.00440978,5.19677
4.11031,0.00880435,5.125
4.16232,0.0153575,5.18802
4.25767,0.00519036,5.2674
4.18562,0.00542867,5.18374
5 threads per task
4.08636,0.00687162,5.11314
4.17934,0.0164578,5.19535
4.16738,0.00685161,5.18153
4.18616,0.0156826,5.40563
4.14723,0.0158726,5.16065
4.13356,0.0159612,5.14859
4.2936,0.0158984,5.31273
4.18793,0.00883029,5.20246
4.13905,0.00916153,5.14064
4.16404,0.00683745,5.17812
4.08524,0.00715389,5.09315
4.11704,0.00540385,5.11767
4.17173,0.00539432,5.18497
4.21407,0.0095777,5.2261
4.14063,0.00914509,5.16141
4.12904,0.011396,5.14308
4.20735,0.00588978,5.22224
4.09233,0.00813429,5.10858
4.21424,0.00546247,5.23694
4.16994,0.0141076,5.18231
4.19423,0.00675795,5.21351
4.10851,0.0160934,5.13855
4.11577,0.00689725,5.14785
4.13982,0.0053949,5.14613
4.10585,0.0126192,5.12728
4.16418,0.00899446,5.17354
4.18987,0.00534105,5.20798
4.24366,0.00542269,5.25416
4.23508,0.00531423,5.24739
4.1436,0.0136064,5.16681
4.11041,0.0124455,5.124
4.26109,0.00537769,5.26648
4.32047,0.00679799,5.32624
4.13384,0.0191459,5.15837
4.04423,0.0164433,5.07776
4.12309,0.00761905,5.19544
4.13278,0.00871142,5.1391
4.17015,0.00535448,5.19059
4.20003,0.00839061,5.21219
4.13374,0.00851131,5.15905
4.28643,0.00680281,5.29646
4.10653,0.0087127,5.12552
4.12615,0.00531429,5.13474
4.18571,0.00695381,5.19394
4.09863,0.00581488,5.10339
4.17796,0.00824581,5.19479
4.11019,0.00697366,5.11729
4.11807,0.00899891,5.13392
4.16804,0.0154902,5.19264
4.21589,0.00865165,5.23485
4.176,0.0114534,5.18874
6 threads per task
4.22728,0.00857953,5.23958
4.24368,0.00854787,5.25079
4.1167,0.00861721,5.12521
4.09897,0.00827234,5.10622
4.11393,0.0177644,5.13226
4.12312,0.00861206,5.14631
4.13978,0.0163212,5.15591
4.111,0.0122,5.12976
4.19625,0.00899566,5.21799
4.16462,0.0142702,5.19797
4.19617,0.00856343,5.21464
4.18051,0.00905702,5.17925
4.12297,0.00851552,5.13663
4.18834,0.00834474,5.2046
4.12679,0.0196638,5.14811
4.37257,0.0158865,5.39558
4.13041,0.00844607,5.13905
4.1754,0.0101564,5.18378
4.10597,0.0161381,5.11938
4.18886,0.00853582,5.18883
4.1318,0.0118821,5.15844
4.17266,0.00887204,5.1986
4.14303,0.0102672,5.17536
4.15196,0.00928429,5.15873
4.17157,0.010078,5.18377
4.18463,0.00864033,5.19408
4.14376,0.0192911,5.35107
4.11568,0.0160386,5.14434
4.20324,0.00869182,5.21698
4.19095,0.0171296,5.39523
4.24319,0.00838468,5.25109
4.20403,0.00852199,5.21338
4.167,0.0157762,5.19048
4.17429,0.0140466,5.19042
4.21829,0.00842312,5.23296
4.21326,0.0159548,5.24633
4.19194,0.00865647,5.20868
4.19169,0.00857897,5.20058
4.12929,0.00873242,5.14016
4.07769,0.00836511,5.09537
4.11432,0.00862711,5.14034
4.2539,0.00870375,5.27069
4.18485,0.0176703,5.2053
4.09922,0.00835374,5.1123
4.12429,0.00850506,5.14673
4.25581,0.0103637,5.26664
4.17578,0.00834783,5.17965
4.1386,0.00836056,5.18215
4.17229,0.0179686,5.19039
4.12198,0.0178716,5.13933
4.10871,0.00879744,5.12679
7 threads per task
4.1844,0.0099786,5.19358
4.23986,0.0102914,5.25057
4.11467,0.00998601,5.14788
4.18507,0.0107485,5.18555
4.16725,0.0113822,5.17964
4.1326,0.0116449,5.15538
4.18232,0.018053,5.20128
4.09591,0.0120784,5.11814
4.17984,0.017331,5.19803
4.13481,0.0159353,5.15017
4.3245,0.0175596,5.34484
4.20882,0.010461,5.22482
4.12869,0.0100333,5.14986
4.20682,0.00989812,5.22231
4.19187,0.0100872,5.20205
4.20065,0.0101429,5.27805
4.17581,0.00996239,5.18594
4.19461,0.00852588,5.20558
4.18984,0.0128294,5.23076
4.13224,0.0196401,5.16892
4.14715,0.0116518,5.16802
4.17788,0.0100062,5.1854
4.09628,0.0116674,5.10784
4.10835,0.015705,5.13519
4.21329,0.0108089,5.23123
4.31795,0.0101208,5.32838
4.11022,0.0100065,5.12078
4.10735,0.0222167,5.13082
4.09402,0.0105794,5.11473
4.10607,0.0101664,5.11502
4.12593,0.00992856,5.14043
4.09383,0.0100435,5.10732
4.13518,0.0146423,5.17121
4.19529,0.0100725,5.21038
4.1087,0.0156638,5.14819
4.15337,0.0103344,5.16879
4.11772,0.00982429,5.1358
4.16702,0.0102177,5.16641
4.09308,0.0115758,5.11837
4.18981,0.00996961,5.21642
4.30159,0.0116399,5.3268
4.16168,0.0100391,5.18329
4.21151,0.0189301,5.24143
4.16468,0.0118945,5.18786
4.11566,0.0100615,5.12747
4.10597,0.0231022,5.1323
4.23632,0.0101235,5.25343
4.1431,0.031045,5.18003
4.11936,0.0100904,5.13652
4.26365,0.0100128,5.30849
4.23833,0.0114728,5.25708
8 threads per task
4.1624,0.0116789,5.17712
4.11051,0.0117127,5.12194
4.14653,0.011656,5.17325
4.29587,0.0118996,5.31197
4.18509,0.011665,5.19805
4.16537,0.0116744,5.17803
4.11389,0.0166568,5.13768
4.11698,0.0116808,5.15039
4.20457,0.015287,5.22677
4.30284,0.0103617,5.31983
4.219,0.0115622,5.23999
4.1149,0.0105543,5.15047
4.10656,0.0116349,5.1269
4.15539,0.0117346,5.17466
4.21246,0.0133391,5.22896
4.12239,0.0115395,5.14213
4.13705,0.0104482,5.14874
4.19443,0.0121234,5.21715
4.20495,0.0116494,5.21579
4.18871,0.0114188,5.21238
4.12068,0.0102335,5.12367
4.18771,0.0102354,5.20949
4.1971,0.0115706,5.224
4.1632,0.0101142,5.18926
4.2277,0.0102075,5.24573
4.17994,0.0123064,5.20233
4.13619,0.0133468,5.16697
4.09941,0.0116626,5.11966
4.16315,0.0113417,5.17185
4.12159,0.0114095,5.13284
4.10634,0.0116531,5.12552
4.20943,0.0116506,5.23585
4.13965,0.0114466,5.15085
4.16646,0.0115221,5.16946
4.17448,0.0102628,5.18469
4.17825,0.0116799,5.19487
4.24203,0.0115504,5.26279
4.31155,0.02073,5.34272
4.17026,0.0224926,5.20052
4.15988,0.0134718,5.18215
4.19539,0.0245141,5.22416
4.2561,0.0116647,5.26742
4.10749,0.0101517,5.11394
4.11171,0.0171782,5.13063
4.2625,0.0194126,5.2837
4.13319,0.0136597,5.15278
4.13267,0.0117712,5.14971
4.19997,0.0104936,5.21188
4.20273,0.0116687,5.22031
4.10742,0.0117037,5.12138
4.18773,0.0136539,5.22397
