Bash version 4.2.46(1)-release...
6 tasks per node
1 threads per task
4.04524,0.000379009,0.00459623,5.01048
4.08506,0.000388213,0.00454663,5.05419
4.11008,0.000380299,0.00470595,5.07752
4.11545,0.000383856,0.004475,5.08321
4.1615,0.00037438,0.00465634,5.13197
4.10393,0.00039038,0.00454684,5.07175
4.06965,0.000446924,0.00466438,5.03809
4.10908,0.000382005,0.0046629,5.08484
4.2397,0.000378639,0.00450649,5.21115
4.10355,0.000355466,0.00441997,5.0726
4.12916,0.000382554,0.00467272,5.10074
4.09847,0.000384058,0.0046626,5.065
4.05986,0.000369541,0.00448182,5.03505
4.33292,0.000480895,0.00458792,5.30174
4.06449,0.000373514,0.00460244,5.03523
4.25534,0.000381527,0.00449427,5.22455
4.06856,0.000385848,0.00465921,5.03763
4.09167,0.000379281,0.00476621,5.05974
4.10601,0.000383468,0.00456863,5.07375
4.08317,0.000376649,0.00459636,5.05282
4.08812,0.000369371,0.00450414,5.05602
2 threads per task
4.11774,0.000306375,0.00458421,5.08777
4.10293,0.000308592,0.00453197,5.07536
4.22543,0.00027741,0.00471402,5.19385
4.10427,0.000300225,0.0045681,5.07655
4.08884,0.000282601,0.00457921,5.05584
4.08979,0.000305385,0.00477585,5.05749
4.12985,0.000293349,0.0044393,5.09961
4.25291,0.00029843,0.00453484,5.22249
4.07176,0.000272553,0.00440407,5.0419
4.14772,0.000311568,0.00469617,5.11527
4.09097,0.00026337,0.00458253,5.05822
4.13084,0.000293579,0.00454686,5.09741
4.09333,0.000306884,0.00461249,5.06481
4.07176,0.000293994,0.00461498,5.04395
4.08368,0.000281733,0.00462944,5.05186
4.07204,0.000294271,0.00465856,5.03914
4.10704,0.000274523,0.00469965,5.07756
4.10149,0.000295383,0.00463062,5.07228
4.10136,0.000300704,0.00444568,5.07211
4.08099,0.00028701,0.00470771,5.0533
4.12376,0.000284441,0.00465082,5.09469
3 threads per task
4.07823,0.00247929,0.00317088,5.04626
4.0839,0.00296667,0.00329821,5.05406
4.072,0.000225618,0.00594453,5.0388
4.07973,0.0035753,0.00299555,5.05372
4.0848,0.00178119,0.00365672,5.05222
4.09739,0.000259666,0.00536132,5.06652
4.06957,0.00023758,0.00639586,5.04345
4.10084,0.000230987,0.0058038,5.0706
4.09984,0.000248382,0.00569754,5.07024
4.12006,0.000264612,0.00561197,5.08939
4.09532,0.000268818,0.00570832,5.06457
4.09466,0.000260665,0.00571042,5.06102
4.09231,0.000233545,0.00598192,5.06404
4.08685,0.000259692,0.00681717,5.0592
4.15955,0.00263146,0.00364146,5.13161
4.11485,0.000235449,0.00554123,5.08898
4.06437,0.000256262,0.00593017,5.03422
4.09562,0.000253881,0.00588909,5.06411
4.07207,0.000246558,0.00608048,5.04499
4.09804,0.000250225,0.00601447,5.0717
4.10194,0.00328629,0.00271941,5.07376
4 threads per task
4.10179,0.00174521,0.00551525,5.07139
4.10829,0.00179521,0.00589113,5.078
4.10954,0.00501347,0.00224271,5.08008
4.09763,0.00352265,0.00438558,5.06756
4.07105,0.00025104,0.00781315,5.04119
4.06208,0.0035352,0.00509448,5.03316
4.08495,0.00350439,0.00421691,5.06188
4.15164,0.00348456,0.00653664,5.12984
4.07496,0.00414795,0.00300582,5.04308
4.10111,0.00342604,0.00430274,5.07319
4.07554,0.00477502,0.00357718,5.04839
4.12791,0.00179585,0.00763451,5.10031
4.132,0.00354253,0.00419597,5.10541
4.03169,0.00404912,0.0136669,5.01629
4.12806,0.00346165,0.00468696,5.09876
4.09889,0.000246106,0.00774118,5.0712
4.10102,0.00502024,0.00261442,5.07241
4.12287,0.005198,0.00210994,5.07132
4.06246,0.00370323,0.00474926,5.03339
4.07462,0.00343246,0.00415759,5.04332
4.09763,0.00345661,0.00378679,5.06634
5 threads per task
4.07586,0.0049665,0.00363835,5.04442
4.08429,0.00348751,0.00567285,5.05531
4.09886,0.00346591,0.00544796,5.07046
4.07121,0.00343919,0.00493076,5.04197
4.10141,0.00353159,0.00495852,5.07652
4.10788,0.00665508,0.00218061,5.08307
4.08242,0.00344248,0.00479249,5.05656
4.12482,0.00347279,0.00486523,5.09838
4.13496,0.00348319,0.00563246,5.10644
4.09241,0.00184907,0.00697562,5.06507
4.09656,0.00518238,0.0122577,5.07723
4.0906,0.00338271,0.00515738,5.06055
4.07149,0.00504777,0.00363355,5.04462
4.12644,0.00350383,0.00516476,5.05911
4.08458,0.00352678,0.00579039,5.05853
4.09213,0.0035032,0.00511675,5.06765
4.13938,0.00505161,0.0137425,5.12424
4.09796,0.00348506,0.00565761,5.07387
4.09186,0.00554849,0.00370906,5.06303
4.09633,0.00510089,0.0637271,5.12934
4.08773,0.00349039,0.00589625,5.06115
6 threads per task
4.12857,0.0034891,0.00656335,5.1052
4.25059,0.00348325,0.00698501,5.22699
4.13863,0.00507542,0.00495901,5.11324
4.0963,0.00822677,0.00199707,5.05028
4.0702,0.00525266,0.00523669,5.0465
4.11541,0.00345601,0.00698694,5.08924
4.27211,0.00498607,0.00682883,5.24898
4.07139,0.00344664,0.00640152,5.04346
4.09618,0.00676688,0.00405585,5.06706
4.08463,0.00350712,0.00698959,5.05981
4.50983,0.00347262,0.00764458,5.48668
4.15914,0.0051101,0.00528931,5.13519
4.08754,0.00663034,0.00435591,5.06282
4.07551,0.00349399,0.0424866,5.0881
4.08366,0.00349914,0.0440342,5.09753
4.08354,0.00672351,0.00356281,5.0602
4.15239,0.00661253,0.00584422,5.12869
4.11951,0.0052104,0.00505956,5.09178
4.08508,0.00347274,0.00766811,5.05972
4.00866,0.00509487,0.0058596,4.98238
4.11396,0.00349569,0.00728564,5.09359
7 threads per task
4.12896,0.00511881,0.00717014,5.10873
4.0832,0.00677049,0.00632817,5.05967
4.09411,0.00836621,0.00399974,5.06885
4.08962,0.00346925,0.00944862,5.06436
4.14804,0.00682633,0.00614851,5.12781
4.13914,0.00986842,0.00272661,5.11385
4.12699,0.00818126,0.00387647,5.10273
4.07391,0.00497815,0.00810947,5.04836
4.11452,0.00666734,0.00536259,5.08856
4.07743,0.00674547,0.00569272,5.04919
4.12032,0.00510622,0.00759106,5.09591
4.12276,0.00657494,0.00581526,5.09782
4.07999,0.00345505,0.00919715,5.05627
4.05503,0.00833712,0.0046402,5.03174
4.07334,0.00830198,0.00515204,5.04897
4.13968,0.00665786,0.0162855,5.12614
4.14126,0.00514735,0.00701135,5.1155
4.26737,0.00672245,0.00502114,5.24206
4.15406,0.00658516,0.00588048,5.12909
4.10458,0.00511944,0.0081664,5.07957
4.10014,0.00832318,0.00484023,5.07978
8 threads per task
4.13578,0.00680705,0.00781395,5.11319
4.10204,0.00678015,0.00685241,5.07845
4.12121,0.00680309,0.00682491,5.10236
4.07661,0.00838604,0.00653435,5.05339
4.17187,0.00823823,0.00496118,5.15156
4.10206,0.0068085,0.00641871,5.08183
4.15973,0.00674677,0.00703219,5.13507
4.12518,0.00676159,0.00644249,5.10155
4.09438,0.00678329,0.00711128,5.07125
4.07832,0.00670185,0.00663227,5.05347
4.11074,0.00998607,0.00339137,5.08619
4.09356,0.00670089,0.00785595,5.0691
4.09014,0.00670817,0.00807005,5.06658
4.07615,0.008339,0.00512219,5.05841
4.08489,0.00673673,0.00723779,5.06173
4.14051,0.0100176,0.00354412,5.11656
4.08844,0.00821486,0.00556628,5.06597
4.08467,0.00670268,0.00763879,5.06595
4.13598,0.00675877,0.00631332,5.11243
4.13577,0.00681613,0.00722723,5.1149
4.0899,0.0100063,0.00302004,5.06632
