Bash version 4.2.46(1)-release...
7 tasks per node
1 threads per task
6.76665,0.00182205,7.99392
6.77964,0.00180043,8.00757
6.74413,0.00217308,7.97124
6.64879,0.00188778,7.87906
6.70921,0.00181154,7.93718
6.7636,0.00209715,7.99148
6.79122,0.00181537,8.02013
6.96901,0.00214613,8.19891
6.66534,0.00197514,7.88324
6.71764,0.0022533,7.9459
6.66859,0.00184797,7.8982
6.59243,0.00184329,7.82002
6.74316,0.00211494,7.97176
6.8164,0.002225,8.04505
6.70594,0.00184176,7.93641
6.78493,0.0019046,8.00459
6.97588,0.00188486,8.20485
6.9504,0.00180713,8.17876
6.63527,0.00241509,7.86821
6.64426,0.00188027,7.87387
6.74764,0.00193117,7.97601
6.77218,0.00178887,8.00085
6.741,0.00211877,7.95913
6.67201,0.00220207,7.89139
6.64096,0.00215997,7.86844
6.86887,0.00185592,8.09778
6.75794,0.00196039,7.98821
6.61094,0.00201133,7.83948
6.90192,0.00192797,8.13134
6.75976,0.00199294,8.0178
6.72613,0.00188824,7.95611
6.59931,0.00184073,7.82669
6.65237,0.00180268,7.88087
6.6417,0.00199252,7.86008
6.74917,0.00213344,7.97686
6.67212,0.0018832,7.89978
6.97695,0.00201241,8.2055
6.77818,0.00187495,8.00699
6.60345,0.0017909,7.83175
6.63139,0.00185128,7.86052
7.02655,0.0018493,8.25545
6.70149,0.00188064,7.93081
6.8645,0.00184355,8.09172
6.8112,0.00217871,8.02816
6.75324,0.00210046,7.98198
6.59156,0.00188705,7.82058
6.76352,0.00222904,7.99194
6.68342,0.00201608,7.91098
6.76309,0.00202024,7.99115
6.7923,0.00188937,8.02218
6.92127,0.00217861,8.14969
2 threads per task
6.60237,0.00156748,7.82967
6.73542,0.00458271,7.96578
6.74521,0.00149459,7.97459
6.77423,0.00228041,8.00392
6.80932,0.0015765,8.03736
6.63779,0.0025466,7.86621
6.61573,0.00261838,7.84443
6.71557,0.00193252,7.94425
6.66439,0.00202362,7.89155
7.03566,0.00238089,8.26584
6.61156,0.00138564,7.84053
6.72822,0.00169209,7.95857
6.75313,0.00207441,7.98411
6.62744,0.00249909,7.85761
6.65506,0.00174923,7.8821
6.72604,0.00221339,7.95573
6.73446,0.00161817,7.96112
6.97768,0.00218488,8.2063
6.59628,0.00147525,7.8232
6.61528,0.00193812,7.84301
6.95821,0.00146686,8.18569
6.61442,0.00147133,7.84492
6.79776,0.00148802,8.02705
6.75864,0.00160351,7.98714
6.61804,0.00232909,7.84761
6.61317,0.00170739,7.84198
6.61652,0.00166027,7.84516
6.67132,0.00238049,7.89951
6.73728,0.00250671,7.96543
6.77351,0.0021254,7.9913
6.75231,0.00149015,7.97973
6.70896,0.00145732,7.93717
6.61844,0.00179395,7.84551
6.74464,0.00240288,7.97212
6.80042,0.00259874,8.02897
6.74892,0.00243062,7.97693
6.73045,0.00182233,7.95852
7.02148,0.002006,8.23954
6.74066,0.0027438,7.971
6.78504,0.002526,8.01609
6.67273,0.00273104,7.90287
6.85575,0.00239995,8.08692
6.68276,0.00289763,7.91147
6.96503,0.0018221,8.19291
6.80565,0.00258513,8.03424
6.6855,0.00149328,7.91252
6.76227,0.00200493,7.99174
6.67999,0.00158473,7.90763
6.63692,0.00275467,7.86824
6.64587,0.00159684,7.87265
6.6272,0.00218603,7.85583
3 threads per task
6.68724,0.0144015,7.92046
6.69092,0.00371256,7.92331
6.64432,0.00438156,7.87434
6.76767,0.00612796,7.99929
6.7618,0.00423961,7.99263
7.02084,0.0046788,8.25352
6.67671,0.0167508,7.92143
6.70323,0.00433982,7.92646
6.82443,0.0038423,8.05391
6.7568,0.00416299,7.98562
6.78512,0.00425341,8.01605
6.71484,0.00380113,7.94578
6.73994,0.00403256,7.97015
6.7307,0.00456724,7.96019
6.62058,0.00423675,7.84025
6.63394,0.00455506,7.86458
6.73152,0.0100912,7.96764
6.82374,0.00412205,8.05314
6.64208,0.0145332,7.89315
6.68669,0.0136651,7.92827
6.74197,0.0135114,7.98358
6.63029,0.00494554,7.85109
6.73143,0.00422217,7.96126
6.63398,0.00460302,7.85501
6.70842,0.00380155,7.93871
6.67876,0.00464199,7.91002
6.76718,0.00375672,7.9967
6.6026,0.00443211,7.83544
6.62481,0.00372898,7.85431
6.75846,0.00504444,7.99006
6.92034,0.00407071,8.14086
6.76615,0.00432769,7.98902
6.75409,0.013215,7.99343
6.72626,0.00437051,7.95636
6.75091,0.00422789,7.9811
6.63418,0.00471328,7.86714
6.86016,0.00524152,8.09306
6.78248,0.0054371,8.01358
6.66205,0.00374432,7.89288
6.7762,0.00406166,8.00549
6.72903,0.0052116,7.96001
6.80856,0.00735564,8.04202
6.76282,0.0154074,7.99359
6.83772,0.00405981,8.06778
6.61805,0.00400591,7.85031
6.60418,0.00465345,7.83553
6.69326,0.003831,7.92308
6.75384,0.00388863,7.98294
6.70074,0.00714793,7.92526
6.6367,0.00372372,7.86625
6.72247,0.0081594,7.94701
4 threads per task
6.70541,0.00773441,7.94065
6.67695,0.00754113,7.91201
6.78689,0.00581805,8.01804
6.66503,0.00844221,7.90125
6.61749,0.0077347,7.85121
6.73484,0.00583136,7.96796
6.8598,0.00641571,8.09434
6.74084,0.00565191,7.97316
6.9047,0.00543051,8.13722
6.59824,0.0157468,7.83192
6.80531,0.00688994,8.03899
6.77028,0.0064188,7.99282
6.73222,0.00738313,7.96494
6.72282,0.013677,7.96517
6.75084,0.00625012,7.98493
6.74831,0.00560127,7.98067
6.73469,0.016583,7.97887
6.6797,0.00551486,7.91055
6.73815,0.00595895,7.97053
6.77312,0.00841888,8.00739
6.67869,0.00738374,7.91273
6.64021,0.00557371,7.872
6.73862,0.0114097,7.97752
6.72802,0.0138329,7.97153
6.67008,0.0146171,7.91507
6.74061,0.0142238,7.98307
6.73912,0.00998213,7.97567
6.74058,0.00673696,7.97402
8.90572,0.00717734,10.1413
6.684,0.00747826,7.9196
6.64514,0.00697462,7.87781
6.73449,0.00607797,7.966
6.63113,0.0115214,7.86863
6.69935,0.00543223,7.93258
6.73576,0.00710378,7.96018
7.02704,0.00615666,8.25921
6.76503,0.00833687,8.00165
6.62955,0.0140849,7.87014
6.74377,0.00707998,7.97941
6.61153,0.00930715,7.84734
6.70115,0.00667791,7.93576
6.76084,0.00550698,7.98255
6.65566,0.00683775,7.88849
6.64502,0.00669165,7.87894
6.79236,0.0144552,8.03602
6.73929,0.0137808,7.9805
6.86407,0.00667017,8.09651
6.63761,0.0139167,7.87754
6.67795,0.0132289,7.91721
6.65082,0.00517133,7.88284
6.90481,0.00608267,8.137
5 threads per task
6.72965,0.00881521,7.96376
6.85829,0.0131027,8.08618
6.73607,0.00926976,7.97199
6.78199,0.00752879,8.01634
6.60153,0.00972534,7.83657
6.76742,0.0109259,8.00375
6.63907,0.0087241,7.87432
6.75307,0.00986811,7.9893
6.86877,0.00861839,8.10541
6.57612,0.00929752,7.81365
6.63729,0.0079089,7.86278
6.8062,0.00701287,8.03852
6.6917,0.00867841,7.91748
6.61708,0.00877432,7.8526
6.6715,0.0085972,7.89782
6.65648,0.0102225,7.89379
6.62462,0.00805363,7.85964
6.75966,0.00996887,7.99599
6.76126,0.00831149,7.99561
6.66789,0.00869646,7.90549
6.86683,0.0185722,8.11371
6.74552,0.00867957,7.98044
6.92424,0.00848727,8.14791
6.84385,0.00861005,8.08057
6.65749,0.00794125,7.89178
6.65879,0.00743626,7.89235
6.76648,0.0140651,8.00707
6.76625,0.0101509,8.00288
6.63442,0.0190085,7.98914
6.73286,0.0116338,7.97271
6.65539,0.0137018,7.89503
6.73678,0.0133924,7.97759
6.74308,0.00846864,7.97997
6.73886,0.0163838,7.98401
6.6546,0.00870473,7.88939
6.62758,0.0100576,7.86332
6.72917,0.00922211,7.96397
6.64798,0.00814536,7.88175
6.71389,0.0101928,7.95011
6.70554,0.00858147,7.94132
6.75269,0.00888484,7.98921
6.68412,0.0139995,7.91358
6.79624,0.00895368,8.03252
6.63535,0.0102628,7.8635
6.75119,0.00718907,7.98447
6.88048,0.0141571,8.12178
6.7473,0.00854302,7.98371
6.69524,0.00896393,7.9302
6.78879,0.0141797,8.03034
9.10355,0.0138767,10.3444
6.8067,0.0150403,8.04776
6 threads per task
6.62639,0.0104223,7.95852
6.63927,0.0168575,7.8839
6.66358,0.0122201,7.90437
6.73524,0.0102188,7.97161
6.69479,0.0148491,7.92575
6.75809,0.0177573,8.01709
6.92651,0.0101638,8.16307
6.77648,0.0139343,8.01711
6.66914,0.0150849,7.90958
6.7612,0.00992948,7.98775
6.95176,0.00991997,8.19025
6.76266,0.0119674,8.00434
6.73975,0.0196558,7.98605
6.75924,0.0101921,7.99516
6.6879,0.0143783,7.9297
7.00065,0.0136085,8.24167
6.65549,0.0135838,7.89553
7.01886,0.0100492,8.25415
6.74164,0.0104271,7.99269
6.81091,0.0113412,8.05234
6.80073,0.0142519,8.03371
6.67249,0.014172,7.91344
6.61367,0.0123676,7.85208
7.00615,0.0149436,8.24779
6.66578,0.0116976,7.90566
6.65941,0.0117035,7.89929
6.70388,0.0116456,7.9408
6.62105,0.00998991,7.85697
6.94758,0.0100535,8.17811
6.70702,0.0159508,7.95111
6.86825,0.0158806,8.11437
6.6894,0.0117389,7.92871
6.71888,0.0103938,7.95579
6.64844,0.011823,7.88718
6.61546,0.0179836,7.90975
6.73488,0.0138698,7.97516
6.60673,0.0103204,7.84442
6.64956,0.0117572,7.87867
7.35493,0.0192947,8.59159
6.6042,0.0101305,7.85069
6.95865,0.0101269,8.19933
6.80867,0.0119025,8.04773
6.7728,0.0100716,8.00143
6.63985,0.0101664,7.87517
6.74339,0.0100002,7.97933
6.70162,0.0136949,7.94393
6.75155,0.0117975,7.98935
6.74213,0.0150691,7.98574
6.79258,0.0128209,8.03336
7.01698,0.0118824,8.25802
6.73041,0.0127473,7.97263
7 threads per task
6.62895,0.0132721,7.86751
6.61588,0.0126904,7.85548
6.7374,0.0170497,7.98384
6.77578,0.0148544,8.01932
6.77968,0.0118992,8.02054
6.61436,0.0132394,7.85259
6.70485,0.0133647,7.94672
6.7525,0.0141214,7.9947
6.78802,0.0136168,8.02956
6.65094,0.0157435,7.89513
6.861,0.0139951,8.10126
6.73823,0.0154889,7.98217
6.58558,0.0151821,7.83093
6.79989,0.0138316,8.03899
6.90705,0.0118306,8.1478
6.70252,0.0120334,7.94101
6.78276,0.0210101,8.03249
6.632,0.0196861,7.87806
6.71955,0.0243878,7.97075
6.69556,0.0120143,7.93404
6.6191,0.0150914,7.86073
6.67607,0.0268777,7.91799
6.86423,0.0167299,8.10996
6.74378,0.0118824,7.98298
6.66516,0.0133752,7.90734
6.85394,0.0165538,8.09808
6.64524,0.0138614,7.87529
6.70636,0.0233101,7.95786
6.76566,0.0204745,8.01624
6.76305,0.0132221,8.00704
6.6382,0.0163485,7.88211
6.62079,0.0144306,7.86514
6.78039,0.0190336,8.02905
6.73609,0.014341,7.97671
6.60379,0.0181228,7.86003
6.78401,0.027467,8.0289
6.66073,0.0133831,7.96778
6.72876,0.0153838,7.97403
6.69792,0.0151976,7.96882
6.74045,0.012685,7.98105
6.77786,0.0237568,8.02891
6.65708,0.014048,7.8983
6.80746,0.0124058,8.04924
6.69896,0.0153149,7.94045
6.76845,0.0130143,8.00799
6.76105,0.0154658,8.00207
6.76706,0.0152301,8.01059
6.75417,0.0121127,7.99221
6.77937,0.0158118,8.02207
6.89128,0.0132804,8.13499
6.8641,0.0153896,8.10596
8 threads per task
6.64127,0.0138744,7.88327
6.71933,0.0134221,7.96037
6.76052,0.0194922,8.0074
6.8883,0.0147227,8.24034
6.81184,0.0162088,8.05386
6.7616,0.0147852,8.00521
6.6478,0.0152563,7.89134
6.79085,0.0171473,8.03748
6.72904,0.0152412,7.97085
6.90477,0.0193918,8.15146
6.61701,0.0136386,7.84997
6.58974,0.0239786,7.84274
6.66106,0.0149314,7.90441
6.60707,0.0135021,7.87184
6.80329,0.0152293,8.04557
6.76052,0.0156701,8.00329
6.73721,0.0210632,8.01321
6.69179,0.0166733,7.93631
6.68888,0.0208099,7.92812
6.80217,0.014961,8.03853
6.75349,0.0175667,7.99775
6.749,0.0148933,7.99031
6.74997,0.0182486,7.99472
6.70879,0.0190285,7.95816
6.75609,0.0294485,8.01209
6.72955,0.0165989,7.9737
6.81986,0.0162138,8.06297
6.62985,0.0175536,7.88394
6.72793,0.0153107,7.97265
6.66744,0.0137825,7.90993
7.05316,0.0225622,8.30262
6.67635,0.0160884,7.92274
6.67874,0.0180602,7.91393
6.61238,0.0147644,7.85389
6.66864,0.0187861,8.05363
6.76095,0.0219316,8.00985
6.90112,0.0163554,8.14435
6.62054,0.0174727,7.86363
6.74874,0.0189258,7.99726
6.77544,0.0167283,8.02175
6.70273,0.0186879,7.94872
6.78541,0.0151174,8.02851
6.64919,0.0164284,7.89729
6.78996,0.0152448,8.03134
6.81014,0.0248224,8.06449
6.69582,0.0256458,7.94879
6.67257,0.0154229,7.91794
6.67858,0.0252308,7.94318
6.75487,0.0171353,8.00667
7.07192,0.0136833,8.31189
6.75754,0.016372,8.00156
