Bash version 4.2.46(1)-release...
6 tasks per node
1 threads per task
2.53486,0.00157325,3.21833
2.49792,0.00166197,3.17379
2.45421,0.00159999,3.12463
2.46713,0.00156415,3.12958
2.53346,0.00210686,3.14714
2.59279,0.00174139,3.27524
2.56254,0.00158194,3.22475
2.45831,0.00172572,3.13325
2.46528,0.00212749,3.07002
2.50052,0.00174323,3.16773
2.48361,0.00156478,3.0887
2.50014,0.00168906,3.15025
2.47936,0.00164015,3.08276
2.48633,0.00159723,3.09084
2.50063,0.00190352,3.10543
2.4971,0.00165009,3.10197
2.50613,0.0016108,3.16527
2.5094,0.00159799,3.11448
2.44969,0.00142887,3.05407
2.45976,0.00163622,3.13124
2.59819,0.00149526,3.22069
2.46425,0.00162788,3.1423
2.53589,0.00162224,3.14046
2.45432,0.00159353,3.13036
2.50564,0.00155532,3.10942
2.49757,0.00158505,3.15389
2.6564,0.00169727,3.26207
2.49025,0.00162519,3.15437
2.51473,0.00161529,3.12169
2.4416,0.0016633,3.04633
2.45299,0.00178737,3.0579
2.55748,0.00141015,3.1616
2.50979,0.00159453,3.11484
2.4914,0.00179395,3.16697
2.57746,0.0016223,3.18287
2.44055,0.00153817,3.08989
2.43512,0.00168449,3.03846
2.45979,0.00171479,3.07254
2.44781,0.00164668,3.0544
2.50967,0.00159205,3.17512
2.4434,0.00156439,3.1224
2.46167,0.00169021,3.14036
2.4363,0.00169569,3.04862
2.46949,0.00160914,3.07448
2.53849,0.00205691,3.14666
2.50248,0.00146804,3.11084
2.43698,0.00159428,3.06345
2.48602,0.00164147,3.09057
2.48841,0.00167273,3.16299
2.48845,0.00149337,3.09333
2.46951,0.00164083,3.14211
2 threads per task
2.51212,0.00109867,3.11651
2.4434,0.00203986,3.04845
2.50317,0.00100947,3.18373
2.49268,0.00111104,3.11345
2.51462,0.00116341,3.18517
2.45252,0.00177191,3.05667
2.54209,0.00119297,3.22297
2.50023,0.00143264,3.17025
2.48521,0.000932375,3.0876
2.4992,0.00108414,3.10396
2.46136,0.00112444,3.13211
2.51408,0.00107856,3.1176
2.49312,0.0011393,3.16103
2.49422,0.00110359,3.09691
2.48878,0.001986,3.14839
2.48959,0.00226615,3.09368
2.4526,0.00194382,3.12913
2.49566,0.0010739,3.09851
2.49841,0.00120867,3.17563
2.54769,0.0012949,3.15151
2.52058,0.0011679,3.20205
2.44359,0.00131449,3.12456
2.58524,0.00132062,3.20482
2.48051,0.00134795,3.08516
2.52878,0.00104078,3.13368
2.49162,0.00137764,3.15691
2.50256,0.001213,3.10592
2.58781,0.00180648,3.19185
2.4598,0.00121866,3.06516
2.5123,0.00104797,3.17874
2.49057,0.00115829,3.13991
2.45969,0.00102281,3.10385
2.49704,0.00108493,3.10012
2.50644,0.00104063,3.11132
2.46794,0.000996336,3.07138
2.54696,0.00133777,3.18123
2.48333,0.00103731,3.16344
2.53304,0.00201598,3.19629
2.4606,0.00168991,3.13916
2.46722,0.00107288,3.09807
2.47842,0.00133425,3.11618
2.45251,0.00116951,3.05535
2.49355,0.000957169,3.10045
2.49704,0.00100129,3.10031
2.52139,0.00215725,3.1263
2.46133,0.00202541,3.1122
2.53871,0.0012285,3.14192
2.537,0.00112996,3.13992
2.45818,0.00190915,3.06285
2.57428,0.00114711,3.19489
2.5028,0.00127998,3.13697
3 threads per task
2.49387,0.00366052,3.15818
2.46811,0.00359764,3.07403
2.45614,0.0024218,3.09412
2.51064,0.0023564,3.19289
2.60378,0.00221444,3.20853
2.48428,0.00354355,3.16628
2.44822,0.00271488,3.13117
2.50146,0.00420279,3.10911
2.52118,0.00233074,3.12636
2.49964,0.00358011,3.10781
2.568,0.00353639,3.2454
2.48507,0.00356247,3.09443
2.50108,0.00190456,3.10616
2.49616,0.00354781,3.14032
2.45763,0.0034832,3.0809
2.51649,0.00279736,3.12201
2.50022,0.00364787,3.10656
2.52302,0.00365467,3.20854
2.50944,0.00347731,3.11682
2.49792,0.00354373,3.16585
2.46517,0.00328349,3.07065
2.52708,0.00271225,3.16968
2.50238,0.00430915,3.10955
2.53449,0.00364924,3.2188
2.48379,0.00234641,3.08889
2.46907,0.00357149,3.15114
2.48821,0.00358661,3.09895
2.47113,0.00360749,3.07976
2.59507,0.00363505,3.2728
2.52269,0.00288483,3.18564
2.45743,0.00349306,3.06501
2.52026,0.00354432,3.12785
2.51854,0.00237017,3.12314
2.45278,0.00397447,3.06077
2.58511,0.00358096,3.19133
2.49393,0.0035667,3.10009
2.49064,0.00370357,3.17095
2.48761,0.00361612,3.15705
2.48961,0.00318999,3.17206
2.48868,0.00247499,3.09353
2.46017,0.00433188,3.06724
2.5076,0.00359085,3.11508
2.4596,0.00345182,3.06514
2.48601,0.00362453,3.10469
2.48853,0.00358071,3.09514
2.45999,0.00417773,3.06779
2.47676,0.00304264,3.08472
2.5471,0.00355883,3.15414
2.51261,0.00351806,3.17661
2.57357,0.00349858,3.20845
2.47961,0.00382361,3.0864
4 threads per task
2.49366,0.00370426,3.13264
2.52596,0.00507905,3.13316
2.46527,0.00448491,3.07377
2.45983,0.00439617,3.0689
2.48233,0.00421441,3.08994
2.47026,0.00352382,3.15515
2.47974,0.00969747,3.17087
2.48815,0.0166384,3.11111
2.49346,0.00522877,3.14878
2.48651,0.00509578,3.15948
2.5244,0.00518546,3.19583
2.4482,0.00507183,3.05716
2.48335,0.0081496,3.09383
2.49004,0.00580551,3.17428
2.56041,0.00465251,3.22274
2.52026,0.00517789,3.20447
2.45715,0.00398382,3.13018
2.44862,0.0041997,3.05505
2.46308,0.00518398,3.13617
2.47642,0.00479183,3.08496
2.44322,0.00396628,3.12222
2.54136,0.00528017,3.15458
2.49058,0.010467,3.12601
2.4768,0.00570175,3.08591
2.43484,0.00499928,3.04326
2.48125,0.0040073,3.16481
2.50545,0.00400701,3.16388
2.4445,0.00537662,3.05489
2.50754,0.00520418,3.17446
2.50944,0.00522051,3.16186
2.46645,0.00426082,3.11173
2.44372,0.00540918,3.05208
2.47416,0.00514095,3.10713
2.49362,0.00441371,3.10109
2.50353,0.00450968,3.11082
2.50646,0.00429867,3.11515
2.47483,0.0037794,3.08276
2.45321,0.00557127,3.12976
2.45566,0.00846398,3.13835
2.53224,0.00996469,3.22102
2.47729,0.00675613,3.0873
2.51212,0.0050718,3.1978
2.49087,0.00400812,3.09789
2.50795,0.00546822,3.18035
2.48728,0.00383122,3.17039
2.44882,0.0039822,3.08516
2.47976,0.00391556,3.09665
3.41163,0.00444678,4.07784
2.43364,0.00521897,3.09906
2.48926,0.0053317,3.12305
2.48988,0.0039946,3.15778
5 threads per task
2.54923,0.00566971,3.22023
2.45316,0.00683271,3.1261
2.49367,0.00783916,3.10758
2.48765,0.00570278,3.09729
2.4978,0.00680384,3.11861
2.45347,0.00732485,3.06462
2.46527,0.0176957,3.15493
2.50294,0.00678336,3.16281
2.49146,0.00648934,3.15777
2.52252,0.0157976,3.18226
2.46685,0.00676877,3.09165
2.45057,0.00683823,3.06002
2.53808,0.00522415,3.20817
2.53216,0.00538637,3.1424
2.53941,0.00523651,3.1483
2.52418,0.00529731,3.21028
2.50883,0.0054229,3.18023
2.53173,0.0164741,3.21772
2.4864,0.0083184,3.11434
2.46654,0.00542069,3.07519
2.49061,0.00518353,3.0986
2.51898,0.00542811,3.20422
2.48903,0.00954063,3.10109
2.5046,0.00583301,3.17905
2.469,0.00538757,3.07735
2.45969,0.00592076,3.12935
2.50344,0.00540198,3.11084
2.50191,0.00538975,3.11017
2.46693,0.00571801,3.07504
2.51445,0.00690868,3.12396
2.50913,0.00684507,3.11875
2.55992,0.00662782,3.2313
2.4856,0.00676619,3.09561
2.46303,0.00542213,3.07376
2.72007,0.0054333,3.37835
2.48365,0.00824326,3.17141
2.50913,0.00600601,3.11798
2.50797,0.0056146,3.11805
2.48763,0.0141998,3.10543
2.46736,0.00532464,3.07525
2.49148,0.00545044,3.09874
2.48518,0.00522641,3.12483
2.49875,0.0168873,3.18478
2.51012,0.00530651,3.11728
2.47578,0.01073,3.15272
2.44469,0.00669814,3.05509
2.59223,0.0133683,3.20939
2.45269,0.00532627,3.06067
2.51331,0.00660173,3.12337
2.44226,0.0136924,3.13452
2.50073,0.0053251,3.1585
6 threads per task
2.49128,0.0086155,3.11543
2.62998,0.00695429,3.23907
2.4626,0.00701565,3.07307
2.49821,0.00869395,3.1087
2.48658,0.00840579,3.13594
2.49615,0.007097,3.10617
2.58159,0.00719902,3.21959
2.51786,0.00892091,3.1291
2.49125,0.00719008,3.17708
2.45406,0.00789888,3.12235
2.4504,0.0069132,3.05901
2.46755,0.00720229,3.14574
2.48119,0.00720178,3.14517
2.49476,0.00840424,3.15979
2.49502,0.00845756,3.1062
2.4484,0.00841994,3.06093
2.47415,0.00701632,3.08745
2.50669,0.008391,3.18615
2.51506,0.00738242,3.12594
2.53993,0.00802947,3.15203
2.50161,0.00685221,3.112
2.47594,0.00836538,3.08771
3.1327,0.00819642,3.74282
2.49468,0.0182071,3.18937
2.46374,0.00868006,3.14657
2.52614,0.00677776,3.21431
2.50227,0.00856104,3.11895
2.4862,0.0088018,3.10084
2.46921,0.00698945,3.13195
2.48189,0.00694419,3.14071
2.6949,0.0068138,3.36253
2.48755,0.00998401,3.16281
2.46314,0.0197965,3.15621
2.54744,0.00868936,3.23242
2.50271,0.00830838,3.11463
2.4756,0.00726939,3.16124
2.45813,0.00854472,3.07187
2.45261,0.00834569,3.09614
2.44843,0.00845422,3.05978
2.46209,0.009222,3.07524
2.50541,0.00845986,3.11667
2.56982,0.00688173,3.24456
2.45537,0.0141556,3.07344
2.49259,0.00686238,3.11422
2.52129,0.00838795,3.20948
2.51501,0.00880466,3.19203
2.53478,0.00711152,3.14503
2.53566,0.00831468,3.14523
2.45247,0.00799656,3.06255
2.47985,0.0098932,3.09277
2.48557,0.00834896,3.16517
7 threads per task
2.45317,0.0103111,3.10466
2.50754,0.00904559,3.12084
2.47885,0.0145844,3.09563
2.51169,0.0101819,3.15839
2.47125,0.010013,3.08375
2.50158,0.0101002,3.11666
2.5005,0.0194486,3.15446
2.49371,0.0100442,3.18288
2.50777,0.010031,3.12015
2.49646,0.00895562,3.16163
2.48536,0.0133563,3.10325
2.48849,0.00871468,3.13824
2.50922,0.00871588,3.12066
2.49298,0.00990253,3.10512
2.48279,0.0103164,3.14635
2.55296,0.00998504,3.21845
2.58867,0.0116613,3.25715
2.52918,0.0158114,3.21618
2.51351,0.0151977,3.19552
2.52379,0.00886504,3.17608
2.50374,0.0104225,3.11623
2.62191,0.0159841,3.31083
2.46312,0.0100283,3.12471
2.57585,0.00875781,3.2552
2.49238,0.0115335,3.10655
2.44608,0.0126729,3.12949
2.46331,0.0103141,3.07645
2.52381,0.00854785,3.13555
2.49971,0.00856192,3.18591
2.45764,0.00994986,3.1369
2.45523,0.0103427,3.06935
2.54756,0.0110032,3.16047
2.52546,0.0101291,3.13946
2.49111,0.010434,3.10437
2.47837,0.00878877,3.16829
2.56684,0.00894152,3.2336
2.45408,0.0165036,3.13697
2.45392,0.0101178,3.06755
2.48931,0.00993229,3.10495
2.45299,0.00887306,3.12754
2.48945,0.0110446,3.106
2.50505,0.00861258,3.11563
2.50687,0.00992746,3.11941
2.44707,0.00999182,3.05939
2.48705,0.0118452,3.16347
2.44668,0.0100827,3.1352
2.44966,0.0101626,3.08843
2.50175,0.0106399,3.12713
2.5057,0.0104703,3.12011
2.45738,0.0105178,3.07131
2.50391,0.00852614,3.1148
8 threads per task
2.48331,0.0115612,3.16049
2.51268,0.0101473,3.12614
2.49649,0.0106937,3.1145
2.55126,0.0103549,3.16496
2.48325,0.0105591,3.16809
2.4756,0.0118201,3.09191
2.50714,0.0132296,3.12603
2.50049,0.0101615,3.11436
2.5566,0.0101428,3.1717
2.55671,0.0101621,3.16835
2.4941,0.0105144,3.10785
2.49544,0.0155756,3.11324
2.46666,0.0132849,3.0826
2.45583,0.0101801,3.06933
2.49372,0.0101675,3.12338
2.52143,0.0105134,3.1994
2.51569,0.0117759,3.20642
2.48394,0.0105379,3.174
2.48178,0.0101559,3.15086
2.48833,0.0116174,3.10166
2.49143,0.0101299,3.10681
2.51556,0.0119452,3.13511
2.46623,0.011604,3.11442
2.50483,0.010804,3.11885
2.50363,0.0124001,3.11985
2.49747,0.0100859,3.11018
2.4981,0.0166527,3.1733
2.51758,0.0117449,3.13226
2.45877,0.0106531,3.13768
2.51845,0.0105118,3.13172
2.4768,0.0100283,3.08843
2.48617,0.0101244,3.09839
2.52966,0.0102976,3.2171
2.4784,0.0099901,3.09108
2.56383,0.0104943,3.18525
2.44871,0.0108636,3.06227
2.48763,0.0116484,3.10232
2.49206,0.0102568,3.1798
2.4925,0.0106822,3.10713
2.44601,0.0118754,3.06292
3.08268,0.0102987,3.69578
2.51429,0.00995432,3.1276
2.47763,0.0118982,3.09075
2.5236,0.0107351,3.13696
2.50223,0.0118548,3.15274
2.56067,0.0194275,3.23723
2.47657,0.00998349,3.15476
2.50537,0.0101741,3.19435
2.48959,0.0101619,3.10347
2.50226,0.0101813,3.11389
2.53416,0.010053,3.25673
