Bash version 4.2.46(1)-release...
1 tasks per node
1 threads per task
6.66079,0.00431009,7.42117
3.82028,0.00423408,4.58047
3.75829,0.00426004,4.51838
3.79441,0.004251,4.55451
3.86906,0.00424832,4.62808
3.85739,0.00437601,4.61758
3.90284,0.0042247,4.66245
3.85268,0.00491851,4.61341
3.81743,0.00423658,4.57717
3.90977,0.00422263,4.67
3.9007,0.00429398,4.66125
3.80878,0.00429451,4.5698
3.87701,0.00422519,4.63689
3.91562,0.00422852,4.67587
3.93172,0.00420231,4.6914
3.88675,0.00427442,4.64716
3.85654,0.00430646,4.61677
3.8714,0.00424355,4.63136
3.87779,0.00422752,4.63755
3.81232,0.00426956,4.57243
3.81397,0.00427928,4.57468
3.79019,0.00424387,4.55075
3.87117,0.00424796,4.63129
3.95197,0.00426784,4.71311
3.90034,0.00432286,4.66046
3.90177,0.00425177,4.6624
3.8702,0.00465378,4.63065
3.85905,0.00424735,4.62098
3.80865,0.00426648,4.56926
3.88698,0.00432571,4.64712
3.87878,0.00423761,4.63838
3.87423,0.00480551,4.63484
3.79308,0.00424733,4.55331
3.82622,0.00425723,4.58767
3.91772,0.00422902,4.67783
3.79619,0.00428563,4.55627
3.81136,0.00426116,4.57147
3.7898,0.00424372,4.54969
3.83068,0.00423484,4.59039
3.89063,0.00423746,4.65099
3.91972,0.00424528,4.67985
3.76885,0.00426293,4.52887
3.88221,0.00429098,4.64214
3.90082,0.00430015,4.66115
3.85594,0.00428659,4.61575
3.92186,0.00446053,4.68212
3.85854,0.0042629,4.6191
3.85517,0.00427901,4.61672
3.80791,0.00424127,4.56789
3.83572,0.00427807,4.59598
3.87612,0.00427904,4.63667
2 threads per task
3.78543,0.0026972,4.54522
3.87966,0.00265215,4.63825
3.80029,0.00267177,4.55828
3.80486,0.00268361,4.56431
3.97393,0.00260449,4.7322
3.81653,0.0025826,4.57428
3.77347,0.00261562,4.53039
3.82602,0.00263299,4.58384
4.00173,0.00260627,4.76007
3.92242,0.00253332,4.68096
3.82552,0.00264896,4.58342
3.81463,0.00257902,4.57343
3.87329,0.00251427,4.63092
3.8673,0.00250842,4.62541
3.88833,0.00262973,4.64742
3.81273,0.00263059,4.5711
3.89935,0.00319182,4.6588
3.85194,0.00264445,4.61007
3.89394,0.00256031,4.65226
3.87275,0.00263394,4.63122
3.80641,0.0025789,4.56334
3.87823,0.00260492,4.63797
3.81613,0.00265524,4.57461
3.87908,0.00263223,4.63728
3.80554,0.00263275,4.56468
3.77977,0.00274645,4.53861
3.78959,0.00262521,4.54882
3.80584,0.00322688,4.56525
3.88598,0.00257221,4.64396
3.96031,0.00261592,4.71886
3.81186,0.00260936,4.5706
3.95379,0.00259207,4.71285
3.80319,0.0026804,4.562
3.92655,0.00263348,4.68483
3.84461,0.00263275,4.60279
3.89636,0.00258962,4.6555
3.87728,0.00265351,4.63668
3.76845,0.00262551,4.52904
3.87263,0.00264141,4.63028
3.79046,0.00354786,4.55055
3.90733,0.0025968,4.66559
3.8711,0.00272484,4.6291
3.91594,0.00260832,4.67476
3.80761,0.00266557,4.56521
3.81074,0.00275461,4.56955
3.80847,0.00264558,4.56762
3.80484,0.00263974,4.56302
3.87578,0.00262605,4.6344
3.79571,0.00260577,4.5546
3.90018,0.00260451,4.65957
3.85685,0.00263896,4.61576
3 threads per task
3.90284,0.0019618,4.66061
3.86851,0.00191904,4.62586
3.87389,0.00195839,4.63193
3.80336,0.00191838,4.56105
3.86684,0.00198,4.62448
3.80677,0.0019189,4.56464
3.87398,0.00184315,4.63153
3.84407,0.00186914,4.60188
3.89096,0.00182733,4.64846
3.78786,0.00192691,4.54625
3.82192,0.00197807,4.58175
3.92246,0.00192393,4.68106
3.80559,0.00185592,4.5645
3.80097,0.00197695,4.55848
3.87403,0.001971,4.63163
3.86403,0.00202901,4.6221
4.06495,0.00232748,4.82264
3.85658,0.00201103,4.61537
3.89676,0.00194212,4.65518
3.87909,0.0018039,4.63697
3.85266,0.00197935,4.61103
3.83145,0.00258473,4.59048
3.78728,0.0026661,4.54543
3.89113,0.00203571,4.64869
3.79049,0.0019882,4.54914
3.8093,0.00188325,4.56693
3.79712,0.00247639,4.55608
3.87462,0.00195765,4.63217
3.93161,0.00184349,4.6898
3.81472,0.00184679,4.57203
3.80191,0.00200969,4.56029
3.87477,0.00194945,4.6335
3.90853,0.00180594,4.66654
3.93159,0.00195424,4.68983
3.79577,0.00193241,4.55182
3.80081,0.00198001,4.55839
3.79627,0.00239545,4.55464
3.85965,0.00196461,4.61702
3.86319,0.00201773,4.62004
3.83107,0.00194495,4.58858
3.80907,0.00190888,4.5673
3.80909,0.00191829,4.56685
3.88052,0.00194512,4.63795
3.87412,0.00301855,4.63325
3.87656,0.00183292,4.63388
3.90476,0.00199907,4.66278
3.84875,0.00195102,4.60748
4.12123,0.00187228,4.87818
3.86033,0.00198629,4.61817
3.88778,0.00191711,4.64524
3.85535,0.00197759,4.61373
4 threads per task
3.87818,0.00153066,4.6356
3.8523,0.00152991,4.60923
3.89264,0.00167464,4.64951
3.80787,0.0015067,4.56579
3.86471,0.0015532,4.62138
3.87483,0.00159372,4.63292
3.89977,0.00152936,4.65611
3.87105,0.00157524,4.62742
3.86455,0.00226978,4.62215
3.79109,0.00151585,4.5477
3.81304,0.00154612,4.5696
3.86582,0.00150039,4.6237
3.85801,0.00152949,4.61494
3.85986,0.00150527,4.61786
3.83269,0.00153679,4.59023
3.87447,0.00159203,4.63192
3.8109,0.00152775,4.56811
3.91453,0.00153056,4.67243
3.8727,0.00153879,4.63003
3.85251,0.00150297,4.60916
3.92275,0.00152505,4.67975
3.88527,0.00159448,4.64343
3.80836,0.00157882,4.56684
4.05786,0.00156464,4.81618
3.84444,0.00152552,4.60142
3.88451,0.00240319,4.64335
3.78955,0.00150374,4.54692
3.91325,0.00153649,4.67003
3.89955,0.00149756,4.65607
3.86846,0.00152192,4.62789
3.86168,0.00157755,4.61913
3.94136,0.0015875,4.69942
3.89702,0.00192621,4.65418
3.93259,0.001499,4.69067
3.81727,0.00154424,4.57389
3.8069,0.00148886,4.56473
3.81455,0.00157895,4.57265
3.88017,0.00148503,4.638
3.92059,0.00153347,4.67748
3.96784,0.00152571,4.72463
3.79162,0.00153072,4.54885
3.82012,0.00145352,4.57715
3.80661,0.00158904,4.56317
3.9148,0.00159302,4.67258
3.79988,0.00154259,4.55706
3.80819,0.00149457,4.56515
3.91852,0.00277354,4.67695
4.26501,0.00161217,5.02229
3.81376,0.0015319,4.57139
3.88394,0.00157898,4.64148
3.81048,0.00154389,4.56816
5 threads per task
3.92414,0.00125117,4.68184
3.85636,0.00128257,4.61375
3.908,0.00144172,4.66536
3.88926,0.0012523,4.64747
3.817,0.00132591,4.5745
3.83369,0.00126505,4.59108
3.81826,0.00125284,4.57492
3.80804,0.00185835,4.5655
3.7695,0.00125737,4.52575
3.86067,0.00129497,4.61826
3.86491,0.00124146,4.62187
3.90438,0.00133013,4.66084
3.82765,0.00126599,4.58496
3.90548,0.00127261,4.66259
3.79565,0.00128809,4.55291
3.87872,0.00129797,4.63645
3.96999,0.00125381,4.72762
3.88056,0.00124993,4.63805
3.95721,0.00126897,4.71487
3.81727,0.00129169,4.57512
3.79811,0.00125095,4.55562
3.82129,0.00126259,4.57771
3.80831,0.00126475,4.56589
3.86832,0.00127214,4.62538
3.93469,0.00127146,4.69155
3.79947,0.00123282,4.55653
3.82893,0.00130361,4.58603
3.88904,0.00126044,4.64599
3.94452,0.00137304,4.70285
3.81182,0.00129149,4.56857
3.88683,0.00126161,4.64498
3.87499,0.00124278,4.63177
3.85563,0.00127975,4.61347
3.852,0.00125629,4.60886
3.89331,0.00130464,4.64997
3.86575,0.00125082,4.62247
3.90729,0.00126181,4.6645
3.86135,0.00129335,4.61964
3.85192,0.00127011,4.6085
3.81164,0.00131443,4.56877
3.79548,0.00198914,4.55415
3.83296,0.00129911,4.58971
3.86449,0.0012579,4.6201
3.86381,0.00124559,4.62112
3.80614,0.00132779,4.5645
3.87172,0.00126377,4.62993
3.8032,0.00142155,4.5603
3.94587,0.00127563,4.70313
3.96092,0.00200469,4.71829
3.92333,0.00126151,4.68093
3.83094,0.00125915,4.58752
6 threads per task
3.81757,0.00111369,4.57479
3.79358,0.00107556,4.5505
3.86217,0.00110135,4.61851
3.79975,0.00111541,4.55678
3.80133,0.00108159,4.5587
3.79677,0.00211159,4.55589
3.82444,0.00107959,4.58133
3.95749,0.00109553,4.71582
3.87612,0.00116601,4.63292
3.86755,0.00102479,4.62557
3.89356,0.0014839,4.64955
3.87054,0.00166319,4.62857
3.98077,0.00109807,4.73891
3.85722,0.00111301,4.61466
3.81563,0.00109402,4.57262
3.8027,0.00109244,4.55914
3.8364,0.00129029,4.59353
3.90612,0.00112422,4.66343
3.88845,0.00184706,4.64601
3.86275,0.00112107,4.62025
3.8911,0.00107777,4.64974
3.81927,0.00157119,4.57688
3.90158,0.00110526,4.65942
3.90748,0.00115022,4.66402
3.81669,0.00109044,4.57326
3.86297,0.00111776,4.61995
3.81153,0.0010805,4.56938
3.76139,0.00109087,4.51787
3.82777,0.0021073,4.58467
3.96846,0.00108119,4.7248
3.79983,0.00112463,4.55606
3.87966,0.00109568,4.63661
3.89788,0.00114698,4.65512
3.80761,0.00108704,4.56555
3.8397,0.00107389,4.59696
3.80872,0.00203251,4.56606
3.95796,0.00108933,4.71573
3.82928,0.00107486,4.58466
3.8169,0.00108318,4.57292
3.8721,0.00111065,4.62846
3.86608,0.00113946,4.62383
3.79999,0.00115041,4.55651
3.79087,0.0011183,4.54668
3.85583,0.00109733,4.61229
3.91583,0.00110012,4.67452
3.86641,0.00210802,4.62345
3.92788,0.0014826,4.68602
3.76921,0.00106831,4.52597
3.84905,0.00111362,4.60484
3.86533,0.00109406,4.62207
4.04311,0.00159721,4.79983
7 threads per task
3.88366,0.0010908,4.64131
3.85573,0.00117976,4.61343
3.85429,0.00192625,4.61076
3.87955,0.00107793,4.63654
3.79451,0.00106762,4.55107
3.81352,0.00108361,4.56905
3.86345,0.00121818,4.62078
3.88617,0.00120303,4.64265
3.85342,0.002204,4.61134
3.88247,0.00108642,4.63835
3.85959,0.00108325,4.61771
3.88306,0.00110807,4.63922
3.90252,0.00110758,4.6579
3.86983,0.00114919,4.62766
3.85463,0.00108207,4.61195
3.83531,0.00226878,4.59374
3.8167,0.00108413,4.57242
3.91356,0.00118317,4.67039
3.79797,0.00215664,4.55584
3.80371,0.00116004,4.55991
3.88277,0.00110074,4.64025
3.87191,0.00107916,4.62841
3.79776,0.00178917,4.55423
3.92733,0.00224853,4.68509
3.84726,0.00108418,4.60431
3.798,0.00112644,4.55514
3.80445,0.00106992,4.56093
3.78752,0.00110797,4.54482
3.79472,0.00108313,4.55138
3.83089,0.00108385,4.58724
3.8528,0.00108507,4.60955
3.79957,0.00134409,4.55745
3.75568,0.00107504,4.5127
3.80034,0.00114929,4.55847
3.88843,0.00107626,4.64476
3.86325,0.00218708,4.62118
3.76248,0.00108338,4.51947
3.79887,0.00114694,4.55538
3.86474,0.00122907,4.62259
3.85179,0.00107786,4.60843
3.79817,0.00106143,4.55531
3.94204,0.00118193,4.69938
3.82633,0.00106964,4.58352
3.87007,0.00111948,4.62857
3.81607,0.0011155,4.57276
3.87495,0.00185303,4.63267
3.87138,0.00114177,4.62825
3.80065,0.00113084,4.5572
3.82362,0.00112131,4.57914
3.96117,0.00114898,4.71824
3.80505,0.00108145,4.56174
8 threads per task
3.93919,0.00100925,4.69541
3.81608,0.00100976,4.57259
3.86254,0.00102352,4.61947
3.87846,0.000983515,4.63467
3.83565,0.00101046,4.59216
3.87521,0.000979217,4.63153
3.79424,0.000974637,4.55056
3.87547,0.000984263,4.63127
3.82203,0.00108618,4.5776
3.81681,0.0010149,4.57374
3.84131,0.000997042,4.59801
3.80539,0.000996494,4.56254
3.87965,0.00138104,4.63731
3.91056,0.0010775,4.6678
3.89018,0.000993563,4.64773
3.83287,0.000980807,4.58978
3.86354,0.00103622,4.62081
3.89835,0.0010385,4.65603
3.85799,0.00102482,4.61439
3.86898,0.00131679,4.62704
3.7572,0.00100585,4.51367
3.86832,0.000999512,4.62451
3.87187,0.000996427,4.62884
3.8856,0.00103569,4.64262
3.9142,0.00104838,4.67226
3.81013,0.00106284,4.56668
3.9396,0.00100987,4.69719
3.89518,0.00103048,4.65271
3.8497,0.00103255,4.60639
3.81863,0.0012278,4.57479
3.93629,0.000988785,4.69253
3.95532,0.00103555,4.71212
3.85795,0.00100057,4.61552
3.75915,0.00157413,4.51658
3.85851,0.000993982,4.61432
3.85043,0.00148666,4.60824
3.78804,0.00102118,4.54493
3.79662,0.000984531,4.55409
3.92424,0.000977284,4.68129
3.80033,0.00105712,4.55552
3.80332,0.00138677,4.56041
3.79609,0.000993109,4.55198
3.85976,0.00133756,4.61634
3.7888,0.000992431,4.54534
3.89294,0.00103281,4.64947
3.86051,0.00106999,4.6172
3.8833,0.00190472,4.64176
3.90761,0.00102276,4.66463
3.82826,0.00129574,4.58709
3.7811,0.000989379,4.53855
3.79348,0.00101547,4.55021
2 tasks per node
1 threads per task
3.86471,0.00420884,4.34324
3.80999,0.00502634,4.28873
3.87335,0.00431071,4.35231
3.85379,0.00417735,4.33188
3.8223,0.00424013,4.30068
3.8214,0.00422674,4.30039
3.8099,0.00426007,4.28879
3.79135,0.00426307,4.26994
3.80118,0.00421724,4.27964
3.816,0.00417603,4.29435
3.82763,0.00420676,4.30566
3.85822,0.00423607,4.33662
3.88674,0.0041927,4.36526
3.90708,0.00427498,4.38612
3.95312,0.00426832,4.43144
3.84107,0.00425304,4.31923
3.87194,0.00427188,4.35071
4.29735,0.00417265,4.77534
3.85728,0.00423735,4.33544
3.8565,0.00420699,4.33482
3.93503,0.00423219,4.41308
3.84485,0.00473081,4.32373
3.99554,0.00417375,4.47398
3.82157,0.00429339,4.30026
3.89801,0.00424578,4.37628
3.87082,0.00476207,4.34919
3.81434,0.00423906,4.29271
3.80291,0.00421776,4.28139
3.91998,0.00541775,4.40043
3.86979,0.00417329,4.34806
3.9256,0.00429488,4.40401
3.85636,0.00426184,4.33449
3.89739,0.00425413,4.37611
3.88037,0.0042387,4.35894
3.82627,0.00422088,4.30478
3.90225,0.0042679,4.38042
3.91961,0.0043621,4.39818
3.82346,0.00423795,4.3016
3.81851,0.00479896,4.29741
3.80449,0.00423255,4.28276
3.87495,0.00421898,4.35325
3.8565,0.00423552,4.33481
3.80021,0.00425727,4.27877
3.80922,0.00419603,4.28811
3.81382,0.00420421,4.29168
3.90051,0.00421696,4.3793
3.80571,0.00529923,4.28488
3.87897,0.00429475,4.3578
3.8133,0.00423281,4.29151
3.86396,0.00420789,4.34225
3.89678,0.00423673,4.37511
2 threads per task
3.87701,0.0025805,4.35369
3.91505,0.00257752,4.39207
3.87098,0.00254815,4.34715
3.84605,0.00259854,4.32383
3.80965,0.00257021,4.28629
3.87268,0.00296128,4.34953
3.86568,0.00256529,4.34292
3.94288,0.00257529,4.41979
3.87685,0.00273456,4.35482
3.84245,0.00256869,4.31859
3.86917,0.00255795,4.34571
3.86906,0.00257686,4.34616
3.81339,0.00256019,4.28998
3.91433,0.00264718,4.39207
3.81539,0.00257626,4.29248
3.89132,0.00257108,4.36918
3.84279,0.00254929,4.3199
3.81375,0.00254467,4.29035
3.88602,0.00258918,4.36334
3.81649,0.00255016,4.29348
3.87066,0.002539,4.34743
3.88031,0.00254612,4.35722
3.84871,0.00255187,4.32542
3.88319,0.00259559,4.35994
3.91352,0.00264517,4.39018
3.80583,0.00254605,4.2826
3.93163,0.00257525,4.40815
3.81187,0.00261247,4.28912
3.8045,0.00259208,4.28118
3.86852,0.0028316,4.34544
3.8702,0.00257677,4.34689
3.8079,0.00260149,4.28515
3.90809,0.00254805,4.38648
3.79745,0.00256397,4.27414
3.80882,0.00256335,4.28566
3.81956,0.00260022,4.29836
3.86958,0.00258283,4.34608
3.90152,0.00255864,4.37838
3.81257,0.00255831,4.28876
3.88396,0.00255126,4.36043
4.01637,0.00254536,4.49374
3.87394,0.00262167,4.35066
3.89224,0.00278776,4.37026
3.81875,0.00255501,4.29551
3.88262,0.00256628,4.35923
3.90052,0.00257605,4.37764
3.95826,0.00318637,4.43527
3.87573,0.00252327,4.35305
3.9198,0.00264536,4.39635
3.91836,0.00254618,4.39483
3.88244,0.00257547,4.3594
3 threads per task
3.80666,0.00183613,4.28316
3.83229,0.00184729,4.30794
3.88825,0.00199554,4.36495
3.87031,0.00252953,4.34659
3.97047,0.00183681,4.44726
3.81121,0.00184132,4.28685
3.86517,0.00184221,4.34112
3.82403,0.0026775,4.30045
3.88408,0.00250478,4.36067
3.91941,0.00186473,4.39604
3.87683,0.00189272,4.35287
3.83898,0.00188116,4.31489
3.92409,0.00185945,4.40031
3.90287,0.00191262,4.37898
3.87082,0.0018483,4.34652
3.89629,0.00188332,4.37234
3.86304,0.00187538,4.33926
3.87449,0.00187328,4.35026
3.79162,0.00191454,4.2677
3.83271,0.00185109,4.30877
3.86987,0.00183233,4.3461
3.89165,0.0027945,4.36925
3.95766,0.00183938,4.43347
3.80904,0.00185226,4.28509
3.94735,0.00190024,4.42396
3.88635,0.00186765,4.36263
3.78063,0.00269633,4.25776
3.80685,0.00185192,4.28369
3.79116,0.00184734,4.26721
3.80516,0.00183625,4.28144
3.91783,0.0018495,4.39458
3.88511,0.00289958,4.36215
3.9085,0.00188695,4.38436
3.80326,0.00185252,4.27892
3.80632,0.00188234,4.28238
3.84599,0.00185813,4.32307
3.88957,0.0040403,4.36773
3.81725,0.0018935,4.29362
3.83826,0.00195228,4.31509
3.85908,0.00186124,4.33536
3.79927,0.00281126,4.27654
3.80215,0.00185591,4.27804
3.94433,0.00185759,4.42045
3.83088,0.00191038,4.30693
3.81363,0.00187039,4.28997
3.81787,0.00184868,4.29425
3.87499,0.00187077,4.35072
3.82059,0.00183824,4.29768
3.8817,0.00252138,4.35824
3.80911,0.00184844,4.28499
3.8798,0.0018598,4.35643
4 threads per task
3.91608,0.00151814,4.39181
3.92665,0.00153453,4.40262
3.80014,0.00152549,4.27532
3.89632,0.00153364,4.37202
3.86246,0.00152989,4.3385
3.88472,0.00152715,4.36018
3.91867,0.00152453,4.39444
3.91051,0.00162393,4.38676
3.88682,0.0015354,4.3638
3.87612,0.00155048,4.35163
3.91098,0.00154844,4.38645
3.87541,0.00153509,4.35067
3.80976,0.00153358,4.28502
3.86597,0.00156076,4.3417
3.82314,0.00153451,4.29875
3.89195,0.0015608,4.36756
3.83738,0.00163694,4.31356
3.81301,0.0015406,4.28848
3.87023,0.00153559,4.34545
3.86668,0.00156721,4.34293
3.90371,0.00205781,4.3801
3.90741,0.00155978,4.38351
3.81078,0.0024298,4.28671
3.88762,0.00151966,4.36334
3.80941,0.00156896,4.28535
3.85464,0.0015216,4.3308
3.82639,0.00155156,4.30242
3.84356,0.00155336,4.31937
3.8042,0.00154755,4.27987
3.80867,0.00154005,4.28461
3.84705,0.00152605,4.32264
3.85865,0.00153994,4.33424
3.92814,0.00152741,4.40434
3.919,0.0015297,4.39447
3.86871,0.00154087,4.34421
3.88037,0.00152209,4.35608
3.80262,0.00157827,4.2786
3.87214,0.00153014,4.3482
3.81388,0.00156241,4.28941
3.92406,0.00153386,4.39982
3.98379,0.00154335,4.45999
3.92237,0.00153935,4.39768
3.91622,0.00152247,4.39215
3.80405,0.00154744,4.27991
3.90942,0.00153459,4.38668
3.9151,0.00154025,4.39124
3.81619,0.00154747,4.29187
3.89027,0.00152497,4.36571
3.916,0.00154698,4.39147
3.81055,0.00153885,4.28599
3.91074,0.00152741,4.38659
5 threads per task
3.84989,0.00133936,4.3251
3.88537,0.00133491,4.36073
3.88562,0.00202256,4.36196
3.82,0.0013273,4.2959
3.8753,0.00132953,4.35076
3.80237,0.00133965,4.27774
3.89765,0.00134452,4.37357
3.89684,0.00230488,4.37299
3.92349,0.00133859,4.39893
3.81798,0.00133503,4.2931
3.92098,0.0013783,4.39691
3.80304,0.00169633,4.27883
3.80488,0.00135087,4.28206
3.84727,0.00134763,4.32273
3.86165,0.00136424,4.33745
3.89219,0.00133748,4.36799
3.88821,0.00134118,4.36406
3.88031,0.00134809,4.35605
3.87396,0.00134702,4.34969
3.8067,0.00135301,4.28205
3.82663,0.00136651,4.30242
3.86844,0.00139857,4.3437
3.84997,0.00138356,4.325
3.92361,0.00135218,4.39891
3.80283,0.0013361,4.27817
3.87943,0.0019296,4.35589
3.87483,0.00133859,4.35049
3.91075,0.00135611,4.38616
3.94899,0.00134798,4.4257
3.81077,0.00134654,4.28664
3.87889,0.002284,4.35619
3.90929,0.00134797,4.38492
3.8218,0.00133887,4.29719
3.90592,0.00134153,4.38125
3.96206,0.00133711,4.43867
3.82736,0.00131972,4.30293
3.89162,0.00133614,4.36783
3.80614,0.00133235,4.28265
3.88171,0.00189271,4.35771
3.92672,0.00134265,4.40215
3.87146,0.00136081,4.34799
3.84247,0.00134027,4.31823
3.89932,0.00135778,4.37512
3.87698,0.00135363,4.35251
3.97094,0.00133458,4.44646
3.87942,0.00134341,4.35466
3.8605,0.00133091,4.33625
3.93355,0.00140155,4.4089
3.80686,0.00136018,4.28198
3.88032,0.00211471,4.35644
3.8556,0.00135694,4.33135
6 threads per task
3.88699,0.00120487,4.36233
3.80834,0.0011749,4.28329
3.8573,0.00116192,4.33291
3.87804,0.00120461,4.35352
3.86502,0.00116663,4.34009
3.96236,0.00114318,4.43791
3.90133,0.00122214,4.37697
4.00148,0.00116408,4.47766
4.00812,0.0011623,4.48402
3.85417,0.00121356,4.32922
3.87591,0.00115371,4.35162
4.01183,0.0011564,4.48703
3.81519,0.00119204,4.29025
3.89248,0.00115995,4.36851
3.90584,0.00116513,4.38116
3.88787,0.00122252,4.36317
3.96077,0.00115359,4.43717
3.87073,0.00119187,4.34624
3.88513,0.00116287,4.36038
3.84094,0.00123128,4.316
3.84785,0.00123818,4.3235
3.88722,0.00122996,4.36251
3.8812,0.00127366,4.3571
3.87129,0.00122049,4.34631
3.81762,0.00119472,4.29287
3.87524,0.0011781,4.35068
3.88366,0.00125249,4.35919
3.81114,0.00117018,4.28676
3.80789,0.00121831,4.28333
3.80631,0.00122643,4.28178
3.86984,0.00124071,4.34503
3.81058,0.00116386,4.28595
3.95885,0.00124918,4.43444
3.81566,0.00120333,4.29093
3.86131,0.0012199,4.3374
3.90773,0.00116309,4.38301
3.86511,0.00121322,4.34063
3.86941,0.00114672,4.34447
3.89553,0.00117516,4.37017
4.00934,0.00116774,4.48513
3.88061,0.0011559,4.35619
3.80363,0.00127742,4.27933
3.92908,0.00116011,4.40498
3.80847,0.00180049,4.28472
3.85332,0.0011675,4.32895
3.85189,0.0012387,4.32725
3.87927,0.00126898,4.35474
3.80434,0.00157679,4.28074
3.80197,0.00130053,4.27842
3.89419,0.00117404,4.36943
3.87417,0.00123427,4.34964
7 threads per task
3.86745,0.00121247,4.3425
3.85557,0.00119749,4.33045
3.91866,0.00118098,4.39427
3.90805,0.00136999,4.38386
3.96748,0.00116709,4.44289
3.88111,0.00118712,4.35765
3.87214,0.00118079,4.347
3.95632,0.00175002,4.43212
3.89308,0.0011766,4.36844
3.90235,0.00119994,4.37817
3.88629,0.00116211,4.3619
3.87082,0.00117756,4.34582
3.88834,0.00118849,4.36394
4.05332,0.00115149,4.52938
3.87315,0.00117659,4.34908
3.79705,0.00116592,4.27231
3.8681,0.00119558,4.34295
3.87393,0.00120452,4.34935
3.91012,0.00115041,4.38664
3.86365,0.00133972,4.33859
3.83396,0.00118218,4.30963
3.92618,0.00118019,4.40116
3.82384,0.00115753,4.30105
3.81051,0.00114426,4.28556
3.893,0.00116743,4.36827
3.87047,0.00117493,4.34627
3.89115,0.00118323,4.3667
3.83746,0.00152346,4.31288
3.80969,0.00116191,4.28475
3.87082,0.00114176,4.34636
3.96146,0.00111785,4.43695
3.87605,0.0011677,4.3514
3.82098,0.00148317,4.29662
3.80936,0.00116744,4.28454
3.81795,0.00117187,4.29315
3.94812,0.0011561,4.42284
3.90493,0.00116673,4.38042
3.89998,0.00118121,4.37623
3.86874,0.00207074,4.34462
3.79741,0.00115776,4.27277
3.86608,0.00117905,4.34206
3.81299,0.00116584,4.2892
3.85824,0.00121697,4.33382
3.83427,0.0011461,4.30965
3.85909,0.00117056,4.33441
3.79955,0.00117732,4.27511
3.9314,0.00115956,4.40652
3.90326,0.00114761,4.37827
3.8409,0.00113717,4.31644
3.87811,0.00115759,4.35397
3.81597,0.00118077,4.29145
8 threads per task
3.86889,0.0010669,4.34423
3.85951,0.00110688,4.33451
3.89883,0.00109223,4.37386
3.85811,0.00108951,4.33318
3.8012,0.00107709,4.27658
3.87192,0.00108615,4.34752
3.88102,0.0010894,4.35614
3.84071,0.00114052,4.31637
3.79741,0.0011036,4.27338
3.8838,0.0015482,4.35986
3.81818,0.00108355,4.29333
3.89401,0.00110679,4.36861
3.88952,0.00107199,4.36514
3.80226,0.0010927,4.27728
3.81513,0.00108781,4.29112
3.87128,0.00112042,4.34636
3.8374,0.0010955,4.3126
3.86722,0.00113663,4.34298
3.87081,0.00112372,4.34677
3.79074,0.00134122,4.26641
3.83512,0.00109365,4.3104
3.87275,0.00106047,4.34809
3.80187,0.00110864,4.27704
3.81968,0.00121101,4.2954
3.84117,0.00110539,4.31611
3.81657,0.00120344,4.29184
3.80764,0.00113196,4.28242
3.88587,0.00108173,4.36089
3.87927,0.00105919,4.35477
3.99204,0.00108708,4.46753
3.85615,0.0010895,4.33137
3.81115,0.00142049,4.28643
3.81699,0.0011024,4.292
3.88951,0.00120158,4.36469
3.86733,0.0010838,4.34271
3.82079,0.00108953,4.29553
3.85617,0.00108974,4.33178
3.90456,0.00110124,4.38008
3.89282,0.00157643,4.36968
3.88345,0.00108939,4.35917
3.87213,0.00117483,4.34725
3.90787,0.0010846,4.38308
3.82046,0.00110158,4.29567
3.84645,0.00109007,4.32138
3.79863,0.00108571,4.27384
3.87302,0.00107794,4.34788
3.82565,0.00106704,4.30128
3.86479,0.00107366,4.34013
3.8242,0.0015425,4.2997
3.90783,0.00109339,4.38446
3.87024,0.00109669,4.34505
3 tasks per node
1 threads per task
4.00794,0.00432091,4.31304
3.98797,0.00427624,4.29265
3.92258,0.00433492,4.22653
3.90733,0.00431324,4.21287
4.05912,0.0042508,4.36415
4.00724,0.00425926,4.31184
3.99572,0.00483795,4.30061
3.95811,0.00483695,4.26258
4.02335,0.00424891,4.32822
3.98715,0.00424635,4.29216
3.97656,0.00428447,4.28226
3.93222,0.00443939,4.23657
4.03244,0.00430213,4.33715
3.98896,0.00428564,4.29347
4.08868,0.00483587,4.39418
4.02675,0.00427693,4.33205
4.01375,0.00433698,4.31891
3.92719,0.004382,4.2314
3.93477,0.00430718,4.23939
4.00597,0.00420928,4.31049
3.96581,0.00430719,4.27047
3.91568,0.00432957,4.21946
3.93031,0.00442065,4.23456
3.93293,0.00427645,4.23772
3.98998,0.00427768,4.29505
3.9674,0.00427628,4.27189
3.92608,0.00435573,4.23049
4.05693,0.0042499,4.36173
3.95077,0.00431076,4.2552
3.94383,0.00432542,4.24887
3.93955,0.00527521,4.24517
4.03144,0.00433833,4.33632
3.98703,0.00433943,4.29212
4.03052,0.00424796,4.33616
4.04635,0.00477872,4.35119
3.99283,0.00423201,4.29747
3.98649,0.00438046,4.29087
3.96221,0.00429479,4.26657
3.91981,0.00432411,4.22471
3.93776,0.00432827,4.24221
3.96013,0.00427247,4.26434
4.0927,0.00427548,4.39676
3.90873,0.00435496,4.2131
4.03332,0.00425634,4.33788
4.03021,0.00425417,4.33483
4.05918,0.00428023,4.36348
4.00335,0.00425756,4.30779
4.00125,0.00425344,4.30549
4.01152,0.00422756,4.31555
4.04472,0.00480324,4.35066
4.01104,0.00427829,4.31592
2 threads per task
3.93079,0.00270415,4.23379
3.9338,0.00264236,4.2368
3.89483,0.00276588,4.19756
4.00277,0.0026213,4.3054
3.90687,0.0026783,4.2093
4.11036,0.00262763,4.41316
3.92829,0.00269595,4.23076
4.08831,0.00262402,4.39123
3.93358,0.00266491,4.23675
4.00332,0.00261599,4.30668
3.92191,0.00270314,4.22442
3.93518,0.00363222,4.23922
3.9491,0.00266952,4.25193
4.17304,0.00265231,4.47733
3.98617,0.00265391,4.28933
4.01507,0.00264897,4.31761
3.94901,0.00273411,4.2526
3.91975,0.00284525,4.2235
4.02525,0.00260562,4.32826
3.93304,0.00273484,4.23547
3.99119,0.0026381,4.29537
4.00698,0.00265697,4.3102
3.96926,0.00261613,4.27287
4.04993,0.00265464,4.35274
4.00496,0.00263169,4.30877
3.97858,0.00261168,4.28218
3.9929,0.00262234,4.29653
4.04114,0.00276002,4.34455
4.02661,0.002707,4.33019
4.00783,0.00263122,4.30998
3.91571,0.00278281,4.21837
3.94224,0.0027168,4.24619
3.99532,0.0026711,4.29882
3.98506,0.00337406,4.28967
3.95273,0.00272485,4.25549
3.93328,0.00275047,4.23564
3.99013,0.00260527,4.2937
4.03476,0.00263258,4.33784
4.04645,0.00264182,4.35012
3.92515,0.00264823,4.22803
4.01028,0.00261083,4.31339
3.96163,0.00263724,4.26388
3.99522,0.00267933,4.29766
4.02682,0.00270807,4.33072
3.92587,0.0038344,4.22986
3.95171,0.00277453,4.25509
3.98285,0.0026443,4.28716
4.03519,0.00262913,4.33816
3.94384,0.00271674,4.24633
3.93273,0.0027145,4.23557
3.99984,0.00261843,4.3029
3 threads per task
4.04389,0.00272097,4.34714
3.91796,0.00188042,4.22007
3.91619,0.00191131,4.21866
3.92494,0.00194488,4.22731
3.93825,0.00188045,4.23989
3.94715,0.00193521,4.24902
3.99556,0.00297553,4.29881
3.93418,0.00193185,4.23732
3.93061,0.0023025,4.2328
4.00337,0.00214183,4.30538
4.0719,0.00187186,4.37371
4.01137,0.00218445,4.31464
4.0344,0.00187813,4.33704
3.99229,0.00231351,4.2949
3.93409,0.00193279,4.23559
3.93265,0.00190721,4.23464
4.05996,0.00188834,4.36186
3.99142,0.00186889,4.29374
4.00797,0.00233543,4.31034
3.92524,0.0027507,4.22803
4.02677,0.00189823,4.32891
3.93678,0.00193107,4.23987
4.05146,0.00285848,4.35481
3.9995,0.00188592,4.30205
3.93321,0.00193302,4.23572
3.92317,0.00200625,4.2249
4.02937,0.00189609,4.33158
4.01696,0.00189012,4.32055
3.93204,0.00228418,4.23425
3.93392,0.00268043,4.23618
4.00766,0.00187756,4.30979
3.93757,0.00192181,4.24017
3.94527,0.00191638,4.24689
3.9388,0.00192504,4.24153
3.94361,0.00190145,4.24515
4.03177,0.00186762,4.33434
4.01799,0.00241174,4.32196
4.00233,0.00187852,4.30442
3.924,0.0019196,4.2267
4.02776,0.00193686,4.33003
3.91969,0.00194528,4.22263
3.92771,0.00191082,4.22982
4.08349,0.00189319,4.38628
4.17555,0.00188274,4.47773
4.03279,0.00230378,4.33589
4.00593,0.00188147,4.30807
3.9309,0.00225572,4.2334
3.95398,0.00268395,4.25703
3.92401,0.00192057,4.22567
4.03382,0.00291016,4.33792
3.91902,0.00188548,4.22124
4 threads per task
3.96715,0.00280903,4.27053
4.0076,0.00303987,4.31216
3.92636,0.00227575,4.22943
3.92815,0.00159128,4.23012
3.96896,0.00166124,4.2708
4.00341,0.0015341,4.30607
4.15111,0.00153732,4.45364
3.9397,0.00279225,4.24304
4.08431,0.00152462,4.38665
4.20653,0.0015458,4.50817
3.9846,0.00154367,4.28681
3.96355,0.00156773,4.26625
3.97006,0.00362488,4.27548
4.04324,0.00275682,4.34598
3.95682,0.00273283,4.26029
3.99392,0.00154436,4.29567
3.99614,0.00303815,4.30098
3.92342,0.00155188,4.22493
4.02616,0.0017532,4.32791
3.93656,0.00154805,4.23823
3.93985,0.0015917,4.24226
3.95727,0.00154517,4.25911
4.04869,0.00152931,4.35075
3.98224,0.00230076,4.28535
3.93375,0.00159295,4.23516
3.93005,0.00158076,4.23122
4.063,0.00186328,4.36519
4.03924,0.00153066,4.34196
3.96487,0.00153434,4.26842
3.91967,0.00309459,4.22261
3.89616,0.00169742,4.19747
3.92513,0.00420001,4.22935
3.93951,0.00273866,4.24253
3.94612,0.00317882,4.24946
4.48612,0.00220852,4.78786
4.06071,0.00154293,4.36307
3.92935,0.00155079,4.23061
4.01393,0.0015865,4.31745
3.9239,0.00204993,4.22689
3.93181,0.00155976,4.23298
4.00428,0.00155069,4.30858
3.9942,0.00197645,4.29609
3.94652,0.00157827,4.2483
4.00545,0.00226556,4.30844
3.91823,0.00154642,4.2192
4.01326,0.00171334,4.31437
4.00421,0.00167278,4.30569
3.89434,0.00160527,4.19573
4.01265,0.00155195,4.31469
4.03334,0.00154199,4.3353
3.97511,0.00160001,4.2782
5 threads per task
3.92861,0.00482427,4.23351
3.92587,0.0048196,4.23114
3.9324,0.0040119,4.23798
3.98741,0.00436194,4.2927
3.9264,0.0172584,4.24168
3.98976,0.00462723,4.29542
3.99029,0.00437292,4.29571
4.00242,0.0151656,4.31952
3.99885,0.00531498,4.30639
3.99659,0.00502046,4.30234
3.99664,0.00488451,4.3021
4.0733,0.00477162,4.37877
4.01948,0.00467678,4.32466
3.96938,0.00578312,4.2761
3.99964,0.00457885,4.30557
4.0002,0.0161885,4.31534
4.0076,0.00487795,4.31305
4.0159,0.00473815,4.32074
4.38005,0.00498532,4.68515
3.90858,0.00513341,4.21446
3.94752,0.00512114,4.25287
4.00296,0.00443939,4.30755
3.9834,0.00358684,4.28775
3.97896,0.00446711,4.28449
4.15579,0.004825,4.46146
4.07554,0.00500152,4.38062
3.9502,0.00491772,4.25631
4.02143,0.00464338,4.32618
3.93294,0.0048348,4.23796
4.00623,0.00358835,4.31067
4.0486,0.0160973,4.36377
3.93263,0.00484099,4.23784
3.92778,0.00526566,4.23327
3.92299,0.00514186,4.2283
3.94871,0.00491231,4.25406
3.89047,0.00453658,4.19687
3.9367,0.00487632,4.24163
4.03703,0.0045269,4.34337
3.98888,0.00442039,4.29403
3.99732,0.00462483,4.30214
3.92155,0.00471065,4.22635
3.92501,0.00489883,4.23064
3.99254,0.00447286,4.29767
4.05732,0.00476819,4.36233
4.16847,0.0166914,4.48469
4.03436,0.00341336,4.33759
4.08466,0.00481522,4.3896
3.93526,0.00483159,4.24043
3.91657,0.00482385,4.22175
3.94632,0.0050163,4.25206
3.99099,0.00460216,4.29658
6 threads per task
3.9121,0.00401248,4.2162
3.93553,0.0064023,4.24205
3.94501,0.00472188,4.24991
4.00792,0.00462516,4.31317
3.98776,0.00455627,4.29337
4.03602,0.00455831,4.34078
4.00185,0.00475304,4.3069
4.04261,0.00611668,4.35021
3.93296,0.00494122,4.23819
4.14591,0.00400827,4.45097
3.99752,0.00464052,4.30239
3.9872,0.00480631,4.29295
3.92335,0.0052395,4.22853
4.00795,0.00449972,4.31306
3.93328,0.00649338,4.24006
4.07786,0.00475563,4.38356
3.94592,0.00468331,4.25013
3.92829,0.00494794,4.23355
3.93069,0.00682852,4.23788
3.91828,0.00513859,4.22349
4.00923,0.00580746,4.31589
3.94823,0.00476928,4.25295
3.93543,0.00491597,4.24056
3.93509,0.00637851,4.24158
4.03575,0.00470373,4.34087
3.99108,0.00629007,4.29785
3.99921,0.00454091,4.30457
4.01038,0.006025,4.31775
3.95531,0.00486603,4.26046
4.00994,0.00481779,4.3155
3.99587,0.00588246,4.3025
4.15298,0.00600168,4.45938
3.91868,0.006403,4.22574
4.01457,0.00587526,4.32106
4.02509,0.0045659,4.33018
4.00849,0.00442383,4.31354
3.93137,0.00481189,4.23738
3.96052,0.00504949,4.26526
3.91859,0.00635406,4.22448
3.88305,0.00493287,4.18811
3.99,0.00674116,4.29711
3.94017,0.00473473,4.24642
3.92839,0.00652302,4.2357
4.03718,0.0046191,4.34185
3.92758,0.00616779,4.23405
3.93042,0.00475533,4.23496
3.92804,0.00472265,4.23264
4.01697,0.00931598,4.3267
3.98949,0.00594669,4.29629
3.98114,0.00604976,4.28816
3.92701,0.00638203,4.23308
7 threads per task
4.00434,0.00632565,4.31126
4.10664,0.00456557,4.41234
3.9957,0.0062781,4.3028
3.91721,0.0065675,4.22394
4.00934,0.00460671,4.31559
3.95036,0.00474571,4.25541
3.99577,0.0063984,4.30381
3.92524,0.00674578,4.23385
3.94094,0.00789124,4.24937
3.92562,0.00655835,4.23247
3.92557,0.00489613,4.23136
3.93197,0.00474223,4.23715
3.93967,0.00460411,4.24502
4.0055,0.00481504,4.31036
3.92762,0.00701569,4.23491
4.04509,0.00609805,4.35125
4.01172,0.00464459,4.31678
3.98766,0.00459909,4.29291
4.00795,0.00503336,4.313
3.99181,0.00779522,4.29971
3.93002,0.00474802,4.23584
3.95485,0.00490247,4.25998
3.98015,0.00497018,4.287
4.05107,0.00457611,4.35553
3.91704,0.00493747,4.22174
3.98988,0.0045832,4.29512
3.93295,0.00612124,4.23988
3.91958,0.00604291,4.22546
3.99743,0.00607674,4.30464
4.0056,0.00448195,4.31046
4.01514,0.00610566,4.32165
3.93145,0.00475602,4.23698
3.9312,0.00738348,4.23846
4.09719,0.00629847,4.40373
3.91225,0.00475043,4.21697
4.04488,0.00457978,4.34995
3.91693,0.00625428,4.22263
3.95373,0.00473588,4.2602
3.92391,0.00475323,4.22808
4.08425,0.00618944,4.39144
3.93141,0.00484973,4.23559
3.99927,0.00459306,4.30683
3.92179,0.00618969,4.22783
3.9372,0.0062398,4.24323
4.02665,0.0061268,4.33327
4.01091,0.00608454,4.3174
3.93269,0.00632675,4.23917
4.05605,0.0062824,4.36226
3.97859,0.00628417,4.28564
3.91767,0.00475818,4.22285
4.05194,0.0046717,4.35723
8 threads per task
4.00365,0.00436345,4.30941
3.993,0.00455545,4.29795
3.93801,0.00453586,4.24268
3.92124,0.0046107,4.22582
4.00121,0.00451136,4.30657
4.09259,0.00449395,4.39767
3.99678,0.00457941,4.30164
3.99948,0.00473879,4.30422
3.91589,0.00447515,4.22085
3.92022,0.004576,4.22539
3.92194,0.00455639,4.22634
3.93028,0.00454978,4.23536
4.00501,0.00446878,4.31031
4.02093,0.00456015,4.32567
3.94083,0.00457469,4.24535
3.93226,0.00453549,4.23652
4.0411,0.00459475,4.34669
3.92775,0.00461252,4.23221
4.08571,0.00447601,4.39024
3.96628,0.00450226,4.27131
3.98706,0.00454429,4.29169
3.93293,0.00458492,4.23765
4.189,0.00450224,4.49442
4.02085,0.00448981,4.32586
3.93901,0.00631641,4.24545
3.95941,0.00442929,4.26373
3.93422,0.00471018,4.23905
4.01019,0.0046313,4.31561
3.99345,0.00462639,4.29859
3.99802,0.00454602,4.30412
3.92472,0.00482279,4.22893
3.98385,0.00457412,4.29081
3.97421,0.00638001,4.2811
4.02707,0.00454384,4.33176
3.95857,0.00453827,4.26299
3.9603,0.0045409,4.26501
4.03736,0.00455026,4.34269
4.01008,0.00467202,4.31531
3.89566,0.004643,4.20081
4.00799,0.00449593,4.31278
4.01468,0.00450092,4.31936
4.02817,0.00606019,4.33434
3.92026,0.00461566,4.22626
3.98817,0.0045418,4.29326
3.92884,0.0046535,4.23373
3.96281,0.00456998,4.2678
4.01705,0.00456119,4.32237
3.92309,0.00458213,4.2287
3.93499,0.00461652,4.23998
4.02881,0.00483598,4.33428
3.94782,0.00457797,4.25216
4 tasks per node
1 threads per task
3.91497,0.00427281,3.95561
3.93467,0.00426883,3.97515
3.9244,0.00427038,3.96536
3.95352,0.00459884,3.99545
3.97251,0.00428211,4.0145
3.97423,0.0042703,4.01571
3.98068,0.0042725,4.02203
3.98816,0.00429137,4.02961
3.99112,0.00426962,4.03248
3.98794,0.00427861,4.02914
3.98128,0.00427555,4.0226
3.98203,0.00427465,4.02335
3.92395,0.00432413,3.96493
3.98126,0.00426175,4.02267
3.89663,0.00436471,3.93779
3.98,0.00427264,4.02162
3.92175,0.00428339,3.96256
3.91356,0.00429471,3.95407
4.02041,0.00428568,4.06107
3.91166,0.00427149,3.95223
3.90838,0.00427515,3.94894
4.04037,0.00432114,4.08141
3.92219,0.00430616,3.96295
3.90251,0.00427221,3.94341
4.00256,0.00426971,4.04436
3.91665,0.00428439,3.95755
4.02196,0.00429092,4.06366
3.95127,0.00440607,3.99246
3.97354,0.00427003,4.01522
3.92238,0.00427081,3.96294
4.02084,0.00430212,4.06168
3.96568,0.00427932,4.00757
4.78671,0.00649108,4.82941
4.01685,0.00428143,4.05784
3.98302,0.0050932,4.02484
4.04442,0.0042693,4.08553
3.94674,0.00524096,3.98832
4.03081,0.00430107,4.07528
3.98088,0.00530266,4.02324
3.97741,0.0054797,4.02025
3.97994,0.00429863,4.02132
4.06,0.00426593,4.10094
3.99974,0.00426648,4.041
3.98648,0.00427497,4.02738
3.92627,0.00427245,3.96677
4.02263,0.00427195,4.06342
3.93055,0.00427857,3.97116
3.91504,0.00426535,3.95608
3.94818,0.00450281,3.98917
3.96511,0.0044162,4.00722
3.9376,0.00531523,3.97916
2 threads per task
3.901,0.00273849,3.94017
3.91311,0.00346603,3.95313
3.9291,0.00314523,3.9687
3.97053,0.00629718,4.01566
4.01884,0.00461736,4.06023
3.96772,0.0062728,4.011
3.9216,0.00625555,3.96434
4.04084,0.00385085,4.08124
3.99172,0.00301023,4.03121
3.91702,0.00618406,3.95951
3.93169,0.00625368,3.97453
3.91987,0.00322007,3.95979
3.98711,0.00272868,4.02654
3.91481,0.00306565,3.95476
3.92786,0.00640383,3.97063
3.9932,0.00623291,4.03639
4.15495,0.00731386,4.19908
4.01538,0.00350757,4.05593
3.91282,0.00363071,3.95314
3.9027,0.00274529,3.94197
3.96593,0.00421993,4.00712
4.02557,0.00622639,4.06891
3.94299,0.00628897,3.98614
3.91565,0.00703554,3.95931
3.94865,0.00399619,3.98941
4.01399,0.0033503,4.05423
3.92992,0.00620326,3.97245
3.99625,0.00647886,4.03913
3.93263,0.00624244,3.97524
4.00161,0.00372526,4.04201
3.91383,0.00381905,3.95435
3.98166,0.0063847,4.02534
3.98291,0.00449665,4.0244
3.93658,0.00331607,3.97607
4.02097,0.00347243,4.06157
3.98316,0.00373586,4.02418
4.12856,0.00624845,4.17167
4.01207,0.00625993,4.0556
3.90009,0.00625401,3.94303
3.98252,0.00328946,4.02361
3.90721,0.0032951,3.94699
3.92872,0.0037067,3.96879
3.9088,0.00275159,3.94827
3.95764,0.00417682,3.99892
3.9759,0.0063327,4.02021
3.92288,0.00301048,3.96267
4.0031,0.00271335,4.04275
3.96524,0.00396806,4.00646
3.91174,0.00297895,3.95077
3.96208,0.00440707,4.00394
3.91481,0.002833,3.95419
3 threads per task
4.35084,0.00258934,4.38982
3.9007,0.00350909,3.94106
3.99247,0.00488147,4.03463
3.94651,0.0026971,3.98587
3.90279,0.00286481,3.94196
4.01332,0.00197033,4.05237
3.88629,0.00541262,3.92883
3.94006,0.00295587,3.97928
3.9228,0.00296543,3.9624
3.96864,0.00501612,4.01104
3.96005,0.00349027,4.00068
3.91756,0.00623234,3.96035
4.00179,0.00482948,4.04318
3.92434,0.00553149,3.96644
4.00104,0.0037679,4.04174
3.93058,0.00489244,3.97177
3.90178,0.00254619,3.94077
3.88679,0.00203102,3.92518
3.97156,0.00246082,4.01226
3.92662,0.00521346,3.96859
4.0305,0.00550258,4.07263
3.92316,0.00234643,3.96176
3.91225,0.00479791,3.95346
3.8967,0.00567752,3.93926
3.98312,0.00350761,4.02347
3.92053,0.00271352,3.95979
3.97613,0.00340961,4.01685
3.93712,0.00248708,3.97593
4.05247,0.00518059,4.09408
3.99619,0.00219787,4.03507
4.03229,0.00266154,4.07182
3.88527,0.00218006,3.92375
3.98528,0.00588174,4.02856
3.97571,0.00233413,4.01549
3.94757,0.00255618,3.98664
4.03996,0.00514484,4.08344
3.90749,0.00210099,3.94587
3.88923,0.00486654,3.93041
4.01538,0.00457628,4.05644
4.00207,0.0020628,4.04045
3.9013,0.00575819,3.94339
3.99389,0.00347985,4.03432
3.95943,0.00572079,4.00287
4.00819,0.00442628,4.04987
3.93386,0.00274935,3.97305
3.93914,0.00280016,3.97834
3.94956,0.00649372,3.99324
3.97355,0.00480321,4.01525
3.90748,0.00264375,3.94683
4.01231,0.0027705,4.05193
4.05111,0.00487747,4.09289
4 threads per task
4.04168,0.00366876,4.08281
4.0111,0.00530163,4.05394
3.98527,0.00450304,4.02638
3.91304,0.001883,3.95142
3.89899,0.00421394,3.93998
3.91708,0.0049821,3.95855
3.97548,0.00328487,4.01592
3.99747,0.00522201,4.03927
3.97074,0.00524907,4.01341
3.99717,0.00321011,4.03786
3.93611,0.00482883,3.97725
3.97552,0.00320704,4.01604
3.98795,0.00244561,4.02756
3.96892,0.00316419,4.00907
3.95434,0.00323781,3.99444
4.00394,0.00389323,4.04496
3.89738,0.00415734,3.93782
3.98818,0.00284916,4.02774
3.89803,0.00324274,3.9379
3.98368,0.00320257,4.02415
4.00299,0.00321724,4.04323
3.91673,0.00478559,3.95798
3.91302,0.00458216,3.95389
3.91804,0.00284235,3.9581
4.04743,0.00500484,4.08976
3.95765,0.00633672,4.00126
4.02965,0.0027855,4.06918
3.95958,0.00533489,4.0021
3.99905,0.00412274,4.04147
3.94426,0.00318697,3.9848
3.91976,0.00344271,3.95954
3.98065,0.00324794,4.02109
3.90712,0.00284276,3.94727
3.97073,0.00495811,4.01347
3.97831,0.00471663,4.02066
4.03837,0.00494572,4.08043
4.0704,0.00273349,4.10988
3.98114,0.00255164,4.02135
4.00633,0.00389196,4.04702
3.9455,0.0063181,3.98816
4.03793,0.00248478,4.07693
3.98494,0.0055097,4.0272
3.97436,0.0032385,4.01472
3.93226,0.00484758,3.97365
3.92703,0.00484104,3.96817
4.03762,0.00459142,4.07921
3.98166,0.00431357,4.02319
3.93877,0.00413651,3.97921
3.947,0.00335984,3.98676
4.0783,0.00347184,4.11856
3.99259,0.00467426,4.03393
5 threads per task
3.99946,0.00539578,4.04193
3.92062,0.00514325,3.96214
3.99539,0.00541895,4.0378
3.99004,0.00446966,4.03151
4.00328,0.00518079,4.04566
3.90886,0.00535423,3.95079
3.97438,0.00518427,4.01682
3.94049,0.00551722,3.98231
3.8749,0.00568586,3.91719
3.90591,0.00518067,3.94759
4.04318,0.00447021,4.08442
3.92372,0.00527504,3.96556
3.91047,0.00447912,3.95175
4.09367,0.0045781,4.13692
3.97406,0.00441723,4.01588
3.91518,0.00428648,3.95577
4.01636,0.00375528,4.05696
4.15426,0.00564553,4.19676
4.01754,0.00529366,4.05955
4.07493,0.00432891,4.11584
4.01922,0.00546424,4.06164
3.96917,0.00373641,4.01
3.89447,0.00570533,3.93696
3.98247,0.00465816,4.02391
3.92466,0.00487275,3.96602
4.00538,0.00536322,4.04834
4.00648,0.0055032,4.04906
3.97694,0.00540787,4.01976
3.97781,0.00563014,4.02099
3.94012,0.00668797,3.98336
3.9428,0.00553821,3.98486
4.00089,0.00442742,4.04232
3.90804,0.00446225,3.94889
3.97458,0.00559398,4.01799
4.00163,0.005163,4.04365
3.9755,0.00483385,4.01788
3.90466,0.00538493,3.94705
4.02091,0.00507967,4.06318
3.97121,0.00464745,4.01304
3.96963,0.00471034,4.01206
3.97243,0.00503657,4.01462
3.89409,0.00445406,3.93482
4.02436,0.00458997,4.06562
3.99353,0.00460969,4.03511
3.98893,0.00624789,4.03195
3.94447,0.00482646,3.98567
3.91618,0.00513973,3.95807
3.93157,0.00549746,3.97357
4.01834,0.00461848,4.06036
3.90628,0.00496691,3.94796
3.94241,0.0044848,3.98324
6 threads per task
3.90663,0.00603858,3.94887
3.96357,0.00511469,4.00628
4.0063,0.0051169,4.04812
3.94982,0.00608089,3.99307
3.98228,0.00511006,4.02443
3.98463,0.00547524,4.02678
3.97154,0.00649117,4.01624
3.98869,0.00486766,4.03047
3.97839,0.00616624,4.02214
4.07051,0.00546329,4.11299
3.94423,0.00584918,3.98649
3.96403,0.00558322,4.00682
3.97938,0.00519749,4.02159
3.98632,0.00662268,4.02955
3.97187,0.00535438,4.015
3.97514,0.00605272,4.01901
3.97939,0.00495778,4.0213
4.02127,0.00626457,4.06398
4.02185,0.00515081,4.0638
3.97312,0.0180812,4.02896
4.03815,0.00509732,4.08001
3.94342,0.00706067,3.98674
3.94275,0.00556246,3.9849
3.99434,0.00661545,4.03805
4.03996,0.0061498,4.0832
3.99797,0.00651977,4.04141
4.00571,0.00510761,4.04739
3.91531,0.00658719,3.95849
3.90775,0.00510958,3.94947
3.91848,0.00529685,3.96024
3.94142,0.00447175,3.98239
4.02335,0.00464468,4.06444
3.98615,0.00533509,4.02836
3.91051,0.00581534,3.95287
3.91453,0.00634757,3.95722
3.981,0.0045269,4.02286
3.89921,0.00584613,3.94125
4.02985,0.00701022,4.07379
3.92729,0.00779162,3.97225
3.91878,0.00603908,3.96123
3.93557,0.00511279,3.97779
4.02296,0.00512316,4.06517
4.00021,0.00618359,4.04304
3.91433,0.00512792,3.95569
3.99371,0.00512306,4.03603
3.98314,0.00650799,4.02628
3.89947,0.00683725,3.94281
4.01863,0.00559271,4.06131
3.97886,0.00572507,4.02219
3.92452,0.00588529,3.96683
3.90022,0.00453282,3.94104
7 threads per task
3.92424,0.00596151,3.96679
3.8992,0.00841723,3.94424
3.98773,0.00480501,4.02971
3.9849,0.00501377,4.02709
4.02154,0.00491066,4.06327
3.97505,0.00659102,4.01859
3.96744,0.00496036,4.01035
3.90511,0.00505954,3.9469
3.94388,0.00486089,3.98475
3.98517,0.00612105,4.02839
4.14511,0.00491394,4.18687
3.9627,0.00588198,4.00601
3.85744,0.00657677,3.90065
3.98867,0.0061787,4.03189
4.07636,0.00664207,4.11989
3.96732,0.00642828,4.01094
3.92432,0.00594577,3.96729
4.01804,0.00490996,4.0601
3.97767,0.00490496,4.02026
3.93901,0.00665058,3.98203
4.10823,0.0047684,4.14989
3.9438,0.00733615,3.98749
3.90535,0.00615051,3.94797
3.98961,0.00674937,4.03348
3.97851,0.00618174,4.02213
3.90989,0.00521648,3.9519
3.93788,0.00687366,3.98108
3.91214,0.00497114,3.95382
3.89658,0.00615551,3.93911
3.87724,0.00516837,3.91869
4.00714,0.00637487,4.0505
3.91388,0.00472004,3.95583
3.97292,0.0065547,4.01658
3.91507,0.00483012,3.95622
3.99324,0.00717466,4.038
4.00037,0.00668525,4.04392
3.98119,0.00477856,4.02288
3.89846,0.00692501,3.94193
3.97726,0.00489569,4.0198
4.15714,0.00492617,4.19891
3.9374,0.00493211,3.97866
4.00704,0.0053141,4.04871
3.97571,0.0049324,4.01866
3.88979,0.00469175,3.93112
3.90507,0.00679431,3.94868
3.98781,0.00499633,4.03139
3.95765,0.00704116,4.00172
4.04403,0.00491701,4.08577
3.9919,0.00492594,4.03344
4.01034,0.00700627,4.05388
4.02093,0.00631726,4.06442
8 threads per task
3.90479,0.0047176,3.94588
3.97985,0.00584701,4.02298
3.98192,0.00477237,4.02413
3.94264,0.00560483,3.98515
3.99978,0.00595476,4.04231
3.91642,0.00665622,3.95957
3.91105,0.00759263,3.95507
3.92855,0.00680486,3.97185
3.85884,0.00639312,3.90204
3.9481,0.00774312,3.99224
3.98075,0.00487705,4.02248
3.9801,0.00823548,4.02576
3.9751,0.00686588,4.01944
3.94152,0.00775794,3.98631
4.00093,0.0050297,4.04284
3.92847,0.00793661,3.97324
3.97768,0.00664807,4.02172
3.97323,0.00581486,4.01598
3.93204,0.00694413,3.97567
4.08322,0.00683562,4.12688
4.01351,0.00485377,4.05472
3.91732,0.0167386,3.97073
3.93486,0.00602549,3.97732
3.97931,0.00489055,4.02191
3.9287,0.00474855,3.96975
4.02751,0.00832651,4.07232
3.98074,0.00529419,4.02345
3.97376,0.00694535,4.01845
4.04039,0.00527771,4.08289
4.0018,0.00475329,4.04282
4.02117,0.00480734,4.06315
4.02182,0.00800013,4.06698
3.93158,0.00666895,3.97486
4.01799,0.00492315,4.0593
3.91923,0.00843046,3.9645
4.02285,0.006774,4.06633
3.95372,0.00478472,3.99532
3.98944,0.00625558,4.03247
4.02156,0.00676125,4.06492
3.91055,0.00794347,3.95487
3.98698,0.00656978,4.03001
3.93058,0.00657694,3.97368
3.90692,0.00677121,3.95067
4.04039,0.00823694,4.08574
3.89609,0.00809083,3.94087
4.03091,0.00697534,4.07479
3.9852,0.00518203,4.02753
3.9111,0.00675635,3.95435
3.98373,0.00822994,4.02941
3.91095,0.00698175,3.95452
3.89516,0.00667114,3.93851
task end
