Bash version 4.2.46(1)-release...
1 tasks per node
1 threads per task
0.965323,0.00160034,1.31497
0.956142,0.00100118,1.30527
0.958203,0.00165245,1.30461
0.96165,0.00141748,1.30963
0.976353,0.00144454,1.32161
0.984798,0.00141956,1.32806
0.981716,0.00143874,1.32764
0.97424,0.0014016,1.32002
0.960211,0.00160939,1.30597
0.985525,0.00148217,1.33289
0.960252,0.00159874,1.31129
0.980783,0.00146017,1.32577
0.964027,0.00156239,1.30845
0.958707,0.00149551,1.30578
0.961664,0.00148756,1.31741
0.989505,0.00147528,1.33298
0.977447,0.00140588,1.31847
0.972425,0.00141863,1.31783
0.971401,0.00145675,1.31642
0.975102,0.00142296,1.32078
0.957538,0.00143006,1.30112
0.975806,0.00150087,1.31886
0.959716,0.00159921,1.30433
0.958632,0.00158531,1.3009
0.979739,0.00150148,1.32365
0.963299,0.00140757,1.30914
0.96146,0.00160385,1.30848
0.978629,0.00142308,1.32898
0.9737,0.00139279,1.31576
0.963005,0.00142239,1.3114
0.98129,0.00138849,1.32278
0.958811,0.00168125,1.30428
0.994141,0.00141901,1.34429
0.961863,0.00158901,1.30572
0.957596,0.00143215,1.30151
0.962884,0.0013888,1.31974
0.958032,0.00158946,1.30415
0.979399,0.00146659,1.334
0.95756,0.00162127,1.30319
0.963045,0.0014668,1.31777
0.97608,0.00147703,1.32364
0.957801,0.00147245,1.30903
0.960755,0.00157877,1.307
0.972318,0.00146912,1.32506
0.990421,0.00142189,1.34623
0.974535,0.00147251,1.31856
0.964534,0.00137362,1.31202
0.961845,0.0016806,1.31239
0.981708,0.0014492,1.33182
0.955774,0.00147482,1.30191
0.958871,0.00148807,1.307
2 threads per task
0.974896,0.00479644,1.32383
0.977253,0.00478334,1.32952
0.985366,0.0047976,1.33431
0.956235,0.00494768,1.30807
0.985853,0.00482444,1.33591
0.966097,0.00488983,1.31803
0.973333,0.00555994,1.333
0.970952,0.00483175,1.3153
0.976525,0.00479887,1.33101
0.97501,0.00478985,1.32426
0.976267,0.0033366,1.33001
0.974717,0.00473393,1.32672
0.987342,0.00475682,1.34304
0.980042,0.00477995,1.32812
1.0037,0.00473912,1.3528
0.982616,0.0048071,1.35401
0.978743,0.00479973,1.3269
0.989935,0.00471992,1.33789
0.978697,0.00480302,1.3298
0.976529,0.00482082,1.32426
0.978407,0.00476835,1.32827
0.975917,0.00474687,1.32124
0.976038,0.00476153,1.32442
0.994851,0.00478355,1.35443
0.975076,0.00479198,1.32164
0.960319,0.00475731,1.31629
0.96549,0.00501579,1.31921
0.957138,0.00489052,1.30852
0.965769,0.00484751,1.3216
0.981564,0.00541369,1.33414
0.992131,0.00525222,1.34335
0.95936,0.0048735,1.30899
0.983052,0.00478653,1.33549
0.9654,0.00477237,1.31482
0.964009,0.00244418,1.31816
0.981511,0.00481767,1.33589
0.956617,0.00495234,1.31014
0.957009,0.00479148,1.31397
0.957385,0.00396304,1.30423
0.997366,0.00477315,1.35992
0.947693,0.00495025,1.29873
0.973686,0.0047816,1.32149
0.956983,0.00480023,1.31095
0.986868,0.00520061,1.33779
0.979168,0.00514429,1.33178
0.980304,0.0048402,1.3331
0.957477,0.00494285,1.3069
0.988107,0.00475423,1.34089
0.975811,0.00479211,1.33681
0.952107,0.00238261,1.29843
0.988162,0.00478907,1.34263
3 threads per task
0.970756,0.00970308,1.32314
0.958071,0.00981465,1.31196
0.969108,0.00968594,1.32935
0.976053,0.00967959,1.33617
1.01517,0.00510791,1.37624
0.975483,0.00968533,1.33253
0.972757,0.00620057,1.32208
0.963326,0.00963655,1.32616
0.963691,0.00969908,1.32585
0.962461,0.00964875,1.31706
0.993123,0.00964979,1.3444
0.956654,0.00630885,1.3068
0.958703,0.00598634,1.31216
0.957092,0.00985379,1.31519
0.969863,0.00586334,1.32505
0.958842,0.00597122,1.31001
0.992342,0.00969043,1.34557
0.958114,0.0098276,1.31739
0.978086,0.00593497,1.3285
0.973608,0.00973064,1.33146
0.964961,0.00596201,1.31148
0.961585,0.00587608,1.31648
0.970639,0.00483652,1.31964
0.980942,0.00605781,1.33649
0.958574,0.00977349,1.3185
0.993814,0.0096683,1.36326
0.973577,0.00965242,1.3264
0.975481,0.00976777,1.32843
0.973935,0.00970876,1.33645
0.983574,0.0090422,1.34082
0.987539,0.00969252,1.34961
0.964294,0.00443034,1.31857
1.01719,0.0058708,1.36615
0.965657,0.00611955,1.31334
0.964727,0.00577839,1.31706
0.959153,0.00973753,1.31984
0.989697,0.00963469,1.35301
0.983255,0.00963743,1.33799
0.966595,0.0064948,1.31473
0.99264,0.00966215,1.35989
0.961204,0.00979744,1.32005
0.975209,0.00966403,1.33902
0.974651,0.0059362,1.32159
0.983972,0.00966467,1.34446
0.988052,0.00968471,1.34144
1.02651,0.00971517,1.3884
0.956459,0.00978132,1.31394
0.977709,0.00617845,1.33038
0.959328,0.00986084,1.31425
0.956792,0.00487344,1.30413
0.964284,0.00983055,1.3152
4 threads per task
0.987343,0.00640402,1.33656
0.956599,0.00583154,1.30852
0.996498,0.00648091,1.35444
0.963878,0.00581082,1.31517
0.974345,0.00604905,1.33017
0.994374,0.00600551,1.34979
0.960974,0.00607185,1.31283
0.960338,0.0061648,1.31121
0.980847,0.00611704,1.33099
0.98536,0.00602383,1.33762
0.984684,0.00657219,1.33488
0.978608,0.00575624,1.32814
0.976565,0.00560439,1.32615
0.954297,0.00651386,1.30883
0.991001,0.00638655,1.33877
0.971238,0.00636999,1.32521
0.977061,0.00636934,1.3266
0.999732,0.00593663,1.35241
0.982593,0.00568175,1.33188
0.959561,0.00591778,1.30841
0.968369,0.00594646,1.32182
0.960844,0.00649604,1.31667
0.9742,0.00593976,1.32738
0.977894,0.00586199,1.33532
0.959823,0.00591264,1.30621
0.964595,0.00615086,1.31457
0.975014,0.00579404,1.32379
0.978975,0.00585739,1.32937
0.980657,0.00595511,1.34088
0.959874,0.00638417,1.31995
0.984926,0.00589802,1.34201
0.976129,0.00553807,1.32702
0.993215,0.00646037,1.35199
0.98803,0.0063611,1.34003
0.960742,0.00602896,1.31098
0.957168,0.00595678,1.30516
0.960499,0.00601199,1.30776
0.95704,0.00741909,1.31319
0.971257,0.00609936,1.32141
0.97705,0.00572568,1.3276
0.988325,0.00461455,1.3336
0.953367,0.00632956,1.30611
0.976597,0.00611606,1.33129
0.975991,0.00579256,1.32837
0.968451,0.00595603,1.31923
0.962407,0.00584109,1.31257
0.988689,0.00792758,1.35591
1.00112,0.00603146,1.35095
1.02017,0.00631869,1.37288
0.974982,0.00575358,1.32529
0.966197,0.00638582,1.31238
5 threads per task
0.960533,0.00578393,1.31223
0.959163,0.00793533,1.31222
0.95658,0.00585746,1.30391
0.983032,0.00632777,1.33274
0.962069,0.0064173,1.31177
0.957013,0.00635845,1.30837
0.973656,0.005596,1.32124
0.980359,0.00623094,1.32913
0.95981,0.00599162,1.31127
0.979263,0.00625273,1.33019
0.95618,0.00616205,1.3094
0.958328,0.00608677,1.30532
0.983138,0.00605245,1.33942
0.979025,0.00572425,1.32732
0.975511,0.00640278,1.32383
0.97894,0.0062913,1.33015
0.958015,0.00647257,1.30983
0.956537,0.00574497,1.30541
0.958069,0.00805202,1.30592
0.980246,0.00823249,1.33368
0.973988,0.00587625,1.32516
0.977806,0.00637865,1.33094
0.973311,0.0055725,1.32642
0.965097,0.0061415,1.31468
0.97536,0.00572565,1.32378
0.961732,0.00637422,1.31653
0.984117,0.00573079,1.33552
0.981107,0.00569661,1.33323
0.964201,0.00626519,1.3167
0.973181,0.00599985,1.32602
0.98391,0.00565305,1.33844
0.985875,0.00568864,1.3356
0.980499,0.00563243,1.33672
0.986736,0.00559558,1.33838
0.956668,0.00588058,1.30937
0.949402,0.00594399,1.30104
0.974593,0.00562786,1.32335
0.9578,0.00610157,1.30772
0.960097,0.00549155,1.30834
0.957445,0.00570908,1.32349
0.96269,0.00813489,1.31702
0.974025,0.00635211,1.32318
0.976871,0.00643909,1.32627
0.971763,0.00747733,1.32946
0.96973,0.0057144,1.31831
0.983834,0.00626821,1.33381
0.979518,0.00619991,1.33182
0.952773,0.0081906,1.30517
0.987426,0.00579226,1.34527
0.958912,0.00554502,1.3112
0.977961,0.00632858,1.32655
6 threads per task
0.96767,0.00623188,1.31881
0.984677,0.00618523,1.33678
0.959529,0.00611508,1.30994
0.959333,0.00577191,1.30957
0.956633,0.00634716,1.3101
0.986326,0.00728805,1.33799
0.975612,0.0058594,1.33089
0.985139,0.00606339,1.33835
0.960412,0.00567164,1.30752
0.990855,0.00544713,1.34484
0.978656,0.00608752,1.32884
0.963821,0.00569488,1.3108
0.984345,0.00537521,1.33392
0.981755,0.00557609,1.33182
0.961198,0.0080387,1.31398
0.963,0.00575996,1.31528
0.956258,0.00569988,1.31084
0.977094,0.00609885,1.3257
0.976998,0.00611394,1.32837
0.977516,0.00624533,1.33316
0.974259,0.00623864,1.32222
0.973105,0.0056482,1.32936
0.976027,0.00633418,1.32615
0.991087,0.00583442,1.33866
0.988518,0.00607243,1.34381
0.989398,0.00587694,1.3485
0.992743,0.00594176,1.3447
0.979115,0.00644053,1.33036
0.961836,0.00601951,1.31383
0.980983,0.00772661,1.33382
0.967653,0.00608198,1.3227
0.998396,0.0054857,1.34481
0.969678,0.00799148,1.32542
0.978682,0.00568104,1.33089
0.992288,0.00486905,1.34419
0.970115,0.00539947,1.31589
0.987465,0.00587736,1.34435
0.984395,0.00569158,1.33546
0.984238,0.00591269,1.33581
0.98807,0.00459654,1.3376
0.958037,0.00775483,1.31076
0.983042,0.00635012,1.33756
0.960926,0.00704142,1.31173
0.962235,0.00573085,1.31367
0.990139,0.00628455,1.34144
0.95971,0.00707499,1.31266
0.963101,0.00578979,1.31872
0.97966,0.00549852,1.32824
0.970153,0.00575097,1.32246
0.981649,0.00591643,1.33347
0.958138,0.00463807,1.30507
7 threads per task
0.95906,0.00542272,1.30627
0.979083,0.00404966,1.33323
0.970537,0.00572771,1.32183
0.95623,0.00800551,1.31341
0.985699,0.00566897,1.33583
0.95633,0.0055008,1.30751
0.978606,0.00611023,1.32887
0.960456,0.00550102,1.30956
0.965361,0.0054503,1.31576
0.958628,0.00588229,1.30982
0.969322,0.00551118,1.32347
0.97928,0.00599187,1.3292
0.959501,0.00596692,1.31192
0.966397,0.00941716,1.322
0.975833,0.00627171,1.328
0.958726,0.00618353,1.30929
0.979498,0.00614576,1.33245
0.975964,0.0054246,1.32701
0.960674,0.00542039,1.31605
0.976273,0.00633783,1.32658
0.985052,0.00612002,1.33587
0.961997,0.00597232,1.31693
0.974184,0.00621029,1.32558
1.00382,0.00570364,1.35055
0.985779,0.00786095,1.34242
0.957385,0.00596011,1.31469
0.97467,0.00611484,1.32489
0.976009,0.00595763,1.32447
0.981657,0.00578476,1.33141
0.960113,0.00622566,1.31205
0.971862,0.00576975,1.32285
0.99392,0.00567258,1.3432
0.966124,0.00556789,1.3138
0.961877,0.00575682,1.3113
0.985116,0.00624973,1.3382
0.975956,0.00620185,1.32869
0.973525,0.0056904,1.32299
0.985422,0.00557906,1.33281
0.974546,0.00788631,1.32494
0.972542,0.00551344,1.32193
0.972594,0.00592109,1.32323
0.971082,0.00579567,1.32203
0.971566,0.00608013,1.31937
0.958461,0.00623005,1.30668
0.972253,0.00794155,1.32318
0.957047,0.00636643,1.31103
0.993495,0.0055333,1.34505
0.978908,0.00615351,1.3322
0.961817,0.00603968,1.31176
0.996464,0.00572729,1.34522
0.95327,0.00562757,1.30374
8 threads per task
0.957851,0.00686294,1.31048
0.98121,0.00445685,1.33123
0.973488,0.00729269,1.32849
0.961853,0.00381226,1.31385
0.956156,0.00498306,1.30454
0.959152,0.0061647,1.31578
0.976992,0.00450447,1.32578
0.992193,0.00427941,1.34734
0.983667,0.00413205,1.33479
0.997554,0.00560674,1.35555
0.978442,0.00587463,1.33906
0.97431,0.00439517,1.32224
0.984417,0.00421006,1.34665
0.983053,0.00454181,1.33272
0.962472,0.00474783,1.32581
0.990273,0.00385497,1.34381
0.966212,0.00385581,1.31599
0.972242,0.00579498,1.33435
0.961404,0.00438999,1.32145
0.960353,0.00559752,1.31744
0.9614,0.00415513,1.31688
0.957527,0.00554333,1.31052
0.981289,0.00470121,1.32923
0.981278,0.00397991,1.33496
0.966913,0.00392448,1.32734
0.983762,0.00459816,1.3373
0.999658,0.00386834,1.35285
0.965477,0.00393954,1.31737
0.987237,0.0053084,1.33534
0.962314,0.00675211,1.32129
0.960534,0.00493876,1.32236
0.979862,0.00392891,1.33486
0.977988,0.00394318,1.32716
0.968444,0.00387442,1.32208
0.9632,0.00505158,1.31457
0.991278,0.00487595,1.34386
0.973267,0.00424041,1.32998
0.97597,0.00578713,1.33405
0.961601,0.00446571,1.31303
0.97285,0.00436999,1.32588
1.00157,0.00477963,1.35019
0.987758,0.00369971,1.34243
0.959125,0.00449618,1.31892
0.975337,0.00442005,1.32014
0.988164,0.00360213,1.34851
0.976758,0.00388241,1.32985
0.976282,0.00400191,1.32882
0.970331,0.00360169,1.32052
0.958959,0.0043923,1.30865
0.99319,0.00609619,1.34279
0.983137,0.00411989,1.33595
2 tasks per node
1 threads per task
0.966524,0.00127446,1.14073
0.963488,0.00132855,1.12395
0.965641,0.00128472,1.12886
0.969403,0.00127955,1.12904
0.959893,0.00123769,1.12302
0.977915,0.0012385,1.14396
0.97254,0.00127044,1.13195
0.990602,0.00125359,1.15377
0.959287,0.00126239,1.1215
0.961795,0.00129566,1.12608
0.961584,0.00125049,1.12178
0.987258,0.00138975,1.14745
0.990659,0.00125466,1.15397
0.978293,0.00127078,1.13893
0.980699,0.00131508,1.14094
0.95764,0.0013909,1.11751
0.97697,0.00123688,1.14001
0.966147,0.00124655,1.12619
0.974262,0.00124376,1.14273
0.961188,0.00124035,1.12365
0.980744,0.00122239,1.14064
0.960786,0.00122371,1.1208
0.972765,0.00139565,1.13609
0.987106,0.00128262,1.14963
0.966779,0.00134257,1.13305
0.985838,0.00129253,1.1458
0.977052,0.00124988,1.14126
0.966889,0.00122281,1.12706
0.973998,0.00124243,1.13654
0.976765,0.0014148,1.13703
0.961313,0.00122067,1.1246
0.97449,0.0012665,1.13706
0.967798,0.00138852,1.13101
0.975392,0.00127781,1.1379
0.9789,0.00122161,1.139
1.00442,0.00126852,1.16492
0.959867,0.00135768,1.11946
0.975308,0.00125272,1.13776
0.972156,0.00125664,1.13711
0.968775,0.00125979,1.14322
0.985689,0.00127192,1.16036
0.969128,0.00129094,1.1293
0.99193,0.00128035,1.16621
0.96786,0.00125672,1.12812
0.980271,0.00125466,1.14402
0.975088,0.00125621,1.13811
0.967232,0.00122764,1.13034
0.984988,0.00124565,1.14505
0.987939,0.00127983,1.1478
0.968516,0.00125373,1.13184
0.961283,0.00128613,1.12126
2 threads per task
0.983429,0.00467261,1.14677
0.957886,0.0046268,1.12327
0.973493,0.00464454,1.13643
0.961014,0.00459992,1.12823
0.967291,0.00471297,1.13112
1.03184,0.00463071,1.19532
0.958732,0.00472597,1.12234
0.994853,0.00458596,1.15784
0.985505,0.00460382,1.14874
1.01537,0.00473092,1.18481
0.98493,0.00461883,1.151
0.974253,0.00475271,1.14422
0.969445,0.00475578,1.13306
0.961738,0.00477462,1.12558
0.995075,0.00467061,1.1599
1.00013,0.00468292,1.16981
0.976568,0.00462487,1.13983
0.974551,0.00467585,1.13814
0.987444,0.00575415,1.15185
0.97262,0.00236204,1.13367
0.980001,0.00459463,1.14402
1.00502,0.00465984,1.16836
0.973965,0.000947662,1.14918
1.00275,0.00206506,1.16409
0.959968,0.000913436,1.12772
0.985623,0.000920698,1.14521
0.986264,0.00460016,1.15139
0.970088,0.000917716,1.12968
0.971089,0.000913898,1.13083
0.978563,0.000921285,1.13861
0.972173,0.000917363,1.13221
0.974998,0.000915557,1.1355
0.957102,0.000980262,1.11719
0.958105,0.000929781,1.11802
0.975126,0.000911486,1.13573
0.980181,0.000908668,1.14105
0.991716,0.000905468,1.15211
0.961201,0.000910573,1.12181
0.978374,0.000774642,1.14041
0.979206,0.000924075,1.1393
0.983113,0.00094126,1.14337
0.973313,0.000916447,1.1329
0.979143,0.000934967,1.14114
0.98343,0.000912644,1.14335
0.982197,0.000909585,1.14159
0.957581,0.000921572,1.11787
0.972234,0.000883305,1.1323
0.972466,0.000894956,1.13214
0.98231,0.000921203,1.1421
0.963307,0.000943879,1.12299
0.983308,0.000906719,1.14272
3 threads per task
0.966895,0.00573214,1.1312
0.975245,0.00423711,1.13875
0.958376,0.00426194,1.1211
0.958994,0.000684836,1.11871
0.958285,0.00425181,1.12201
1.02415,0.00426096,1.1875
0.970999,0.00426403,1.13394
0.959467,0.00288285,1.121
0.965634,0.00424493,1.12876
1.02744,0.000736017,1.18668
0.96283,0.000742228,1.12305
0.988833,0.000730323,1.1483
0.998598,0.000759746,1.15808
0.994409,0.000719382,1.15497
0.979856,0.000729791,1.13928
0.973836,0.000720446,1.1334
0.966995,0.000729619,1.12632
0.992002,0.000743987,1.1514
0.957028,0.000735527,1.11676
0.982586,0.000698063,1.14211
0.976559,0.000717962,1.13677
1.00029,0.000703879,1.16004
0.978417,0.000701822,1.13836
0.961467,0.000674103,1.12145
0.95749,0.000728288,1.1168
0.975262,0.000727589,1.13495
0.989374,0.000722132,1.14925
0.966242,0.000729474,1.12511
0.984635,0.000729579,1.14405
1.00047,0.000728997,1.15979
0.975352,0.000743945,1.135
0.987886,0.000715096,1.14766
0.977187,0.000732421,1.1363
0.978322,0.000691295,1.13797
0.975328,0.000716595,1.13457
0.960155,0.00072371,1.11982
0.966105,0.000733987,1.12898
0.980864,0.000733285,1.14046
0.978259,0.000668866,1.13845
0.982805,0.000776906,1.14214
0.969305,0.000726267,1.12938
0.968326,0.000724335,1.12809
0.967002,0.000725981,1.12627
0.97235,0.000723798,1.13224
0.971038,0.000741313,1.13089
0.95955,0.000731202,1.11911
0.989843,0.00074067,1.14935
0.983793,0.000719242,1.14797
0.992497,0.000744864,1.15153
0.959605,0.00123914,1.12008
0.97733,0.000747642,1.1365
4 threads per task
0.962233,0.000598571,1.12174
1.00501,0.000659413,1.16532
0.976958,0.000633188,1.13716
0.979214,0.000642247,1.13852
0.977155,0.000644352,1.13639
0.978593,0.000644083,1.13823
1.02229,0.000625844,1.18658
1.00003,0.000614501,1.16596
0.979734,0.000635835,1.14609
0.981324,0.00063605,1.14041
0.983557,0.000672506,1.14276
0.979521,0.000666899,1.1399
0.974143,0.000662505,1.1337
0.97939,0.000594315,1.13968
0.980035,0.000644242,1.13915
0.960669,0.000656928,1.12042
0.959893,0.000633952,1.11934
0.999726,0.000638832,1.16615
0.99123,0.000629807,1.15016
0.976561,0.000668341,1.13578
1.00655,0.000623911,1.16574
0.977334,0.000645571,1.13667
1.00169,0.000665003,1.16891
0.985769,0.000652748,1.1451
0.981618,0.00063676,1.14095
1.0325,0.000643057,1.19137
0.991126,0.000630125,1.15049
0.978437,0.00063897,1.138
0.975213,0.000640973,1.13472
0.978431,0.000662739,1.13756
1.00089,0.000623916,1.15985
0.961721,0.00062918,1.12113
0.984094,0.000621683,1.14327
0.978288,0.000620759,1.13764
0.980525,0.000644137,1.1397
0.980762,0.000625711,1.13992
0.977243,0.00067897,1.13636
0.962395,0.000664663,1.12159
0.967207,0.000672134,1.12643
0.995636,0.000625753,1.15575
0.978468,0.000658412,1.13697
0.967245,0.000636671,1.12806
0.989969,0.000655662,1.14885
0.976391,0.000643871,1.13567
0.971,0.000638794,1.13021
0.971157,0.000626689,1.13031
0.957872,0.000638394,1.11715
0.961026,0.000629284,1.12016
0.959208,0.000620704,1.11818
0.984308,0.000630122,1.14278
0.96037,0.000661983,1.11946
5 threads per task
0.975044,0.000584213,1.1343
0.959277,0.000594837,1.11846
0.988427,0.000580858,1.14875
0.981531,0.000596927,1.14065
0.96992,0.000588855,1.12886
0.978022,0.000656592,1.13681
0.993763,0.000588454,1.15303
0.977543,0.000570058,1.13655
0.981106,0.000582851,1.14023
1.0041,0.000580797,1.16366
0.988092,0.000589171,1.14698
0.981889,0.00060174,1.14143
0.959668,0.000580843,1.11886
0.998688,0.000597722,1.1575
0.976599,0.000590562,1.13519
0.955433,0.000575328,1.11487
0.97585,0.000573863,1.13465
0.958753,0.000594917,1.1179
0.960228,0.000599545,1.11913
0.960967,0.000582636,1.11979
0.994462,0.00059764,1.15318
0.977192,0.000586007,1.13658
0.959137,0.000583688,1.11793
0.960471,0.000577067,1.11992
0.959356,0.000579576,1.11841
0.981753,0.000585729,1.14067
0.97616,0.0005798,1.1358
0.964359,0.000589314,1.12316
0.95906,0.000590794,1.11985
0.981082,0.000570677,1.13979
0.959323,0.000583054,1.11834
0.978639,0.000601418,1.13807
0.980985,0.000579557,1.13958
0.976304,0.000589866,1.13508
0.962285,0.00058677,1.12164
0.96041,0.000593563,1.11985
0.982831,0.000571874,1.14157
0.978803,0.000601766,1.13813
0.982876,0.000579252,1.14199
0.972059,0.000571637,1.13161
0.957265,0.00057246,1.11589
0.980945,0.00058112,1.14039
0.994654,0.00058391,1.15366
0.958457,0.000580277,1.11737
0.990383,0.000575994,1.14965
0.957639,0.000582099,1.11703
0.98166,0.000584584,1.14053
0.966395,0.000576058,1.12557
0.959297,0.000586486,1.1185
0.961851,0.000584954,1.12098
0.985053,0.000586874,1.14409
6 threads per task
0.9638,0.000541403,1.12327
0.971356,0.000561064,1.13065
0.984949,0.000562043,1.14406
0.979233,0.000580397,1.1385
0.984271,0.00055941,1.14464
0.960545,0.000553634,1.11961
0.980114,0.000564408,1.13913
0.960506,0.000562598,1.11923
0.991052,0.000558062,1.14997
0.98047,0.000538155,1.13939
0.981662,0.000588777,1.14088
0.95624,0.000549098,1.11539
0.959975,0.000558076,1.11956
0.98086,0.000573201,1.13998
0.96767,0.000567655,1.12672
0.980101,0.000561344,1.14037
0.991541,0.000540973,1.15076
0.980572,0.000529285,1.13942
0.969748,0.000559734,1.12878
0.973852,0.000550482,1.13286
1.00179,0.000598007,1.16147
0.974821,0.000557709,1.13557
0.985375,0.000563032,1.14429
0.96765,0.000557682,1.12675
0.960515,0.000565258,1.12021
1.0243,0.000565631,1.1832
0.995286,0.000541697,1.15439
0.96078,0.000551146,1.11997
0.989981,0.000548108,1.14965
0.976493,0.00055833,1.13519
0.958306,0.000578098,1.11757
0.990724,0.000537715,1.14995
0.982358,0.000544002,1.14166
0.976995,0.000564339,1.13569
0.961977,0.000540446,1.12085
0.967084,0.000538903,1.12607
0.95786,0.000566617,1.11653
0.961661,0.000564427,1.12056
0.975623,0.000564565,1.13629
0.962229,0.000555603,1.12292
0.964714,0.000547148,1.12585
0.982155,0.000568725,1.14067
0.990134,0.000538312,1.14913
0.984216,0.000556026,1.14276
0.966626,0.000540948,1.12586
0.968637,0.000599858,1.12754
0.985318,0.000560204,1.14453
0.98279,0.000568278,1.14241
0.974385,0.000580012,1.13456
0.974414,0.000588805,1.13326
0.957973,0.000555015,1.11708
7 threads per task
0.984213,0.000547283,1.14306
0.95584,0.000550114,1.11494
0.987287,0.000516206,1.14722
0.975979,0.000557131,1.13538
0.959159,0.000552818,1.11775
0.960969,0.000564939,1.11999
0.989054,0.000537806,1.14827
0.974281,0.000558118,1.13361
0.959831,0.000535123,1.11887
0.973695,0.000546713,1.13266
0.985036,0.000532114,1.14425
0.998147,0.000551229,1.15883
0.974895,0.000575414,1.13385
0.991564,0.000552756,1.15124
0.96024,0.000564854,1.11956
0.960761,0.00056069,1.11974
0.971196,0.000551684,1.13018
0.990498,0.000552021,1.14941
0.979425,0.00054611,1.13864
0.960465,0.000542562,1.11981
0.96395,0.000549061,1.12331
0.963384,0.000574048,1.12227
0.975364,0.000535897,1.13447
1.02607,0.000569548,1.18488
0.979365,0.000547285,1.13836
0.97629,0.000551193,1.13527
0.978993,0.000549871,1.1395
0.975581,0.000520565,1.1349
0.971673,0.000554687,1.13057
0.977975,0.000571176,1.13711
0.962467,0.000558937,1.12155
0.976306,0.000549602,1.13552
0.985456,0.000546889,1.14474
0.97495,0.000534912,1.13353
0.958784,0.000549535,1.11767
0.966753,0.000804503,1.12637
0.976769,0.000537419,1.13559
0.99226,0.000549968,1.15108
0.980084,0.000553582,1.13898
0.976411,0.000564394,1.13642
0.977839,0.000558138,1.13648
0.980083,0.000557575,1.13928
0.980712,0.000542001,1.13964
0.962195,0.000572036,1.12116
0.96359,0.000554004,1.12246
0.961122,0.000552736,1.12007
0.963954,0.000546683,1.12315
0.97589,0.000568165,1.13474
0.963295,0.000571949,1.12221
0.988343,0.00055539,1.14778
0.971143,0.000563983,1.1302
8 threads per task
0.991967,0.000527557,1.15106
0.964119,0.00054152,1.12307
0.989978,0.000546676,1.1489
0.970687,0.000546863,1.12986
0.981167,0.000582289,1.14043
0.985446,0.000544688,1.14445
0.958652,0.000553123,1.11773
0.975365,0.000547909,1.13578
0.965955,0.000530154,1.12517
0.967141,0.000551212,1.12588
0.987133,0.00055226,1.14639
0.977614,0.000539873,1.13663
0.986459,0.000563972,1.14556
0.989771,0.000532388,1.14865
0.963532,0.000559697,1.12401
0.958467,0.000555673,1.11778
0.989107,0.000556244,1.14891
0.961525,0.000554734,1.12097
0.992515,0.000543827,1.15164
0.961077,0.00053451,1.1203
0.957478,0.000570475,1.1164
0.978864,0.000559417,1.13803
0.983169,0.00054145,1.1439
0.958531,0.000563686,1.11866
0.958441,0.000533903,1.11769
0.961417,0.000542906,1.12058
0.981357,0.000524949,1.14012
0.962435,0.000532051,1.12155
0.982157,0.000567957,1.14109
0.979724,0.000540243,1.13911
0.976025,0.000544409,1.13564
0.979407,0.000565944,1.13843
0.974249,0.000541074,1.13287
0.987677,0.000549934,1.1482
0.965864,0.000533871,1.12499
0.957615,0.000554711,1.11682
0.976572,0.00057036,1.13565
0.959604,0.000554127,1.11857
0.999967,0.000564221,1.15955
0.985674,0.000528393,1.14454
0.979317,0.000548081,1.13935
0.960905,0.000544579,1.11979
0.978363,0.000554331,1.13684
0.961767,0.000568966,1.121
0.982314,0.000547654,1.14086
0.9884,0.000571019,1.14731
1.00016,0.000569404,1.15933
0.979242,0.000551022,1.13804
0.960975,0.000515522,1.11997
0.974394,0.000834036,1.13393
0.973595,0.000551951,1.13308
3 tasks per node
1 threads per task
0.999377,0.00121359,1.14086
1.0097,0.00121527,1.15206
0.999242,0.00121186,1.14058
0.999704,0.00122531,1.14126
1.00539,0.00121553,1.14678
0.990988,0.00121433,1.13299
0.992941,0.00121787,1.13439
1.01487,0.00121255,1.15615
0.983316,0.00121477,1.12512
1.0041,0.00121569,1.14519
0.988522,0.00122131,1.12969
1.00482,0.00125878,1.14624
1.00251,0.00122036,1.14426
1.00866,0.00121616,1.15004
1.03897,0.00125831,1.18224
1.00947,0.00123335,1.15092
1.00792,0.00123369,1.14932
0.984134,0.00121601,1.12532
0.98749,0.00121576,1.12891
1.00877,0.00121962,1.15018
1.00274,0.00121746,1.14425
1.00145,0.00121925,1.14259
0.983609,0.00121169,1.12576
1.00106,0.00121818,1.14401
1.01464,0.00122388,1.1561
0.98747,0.00121136,1.12916
1.01269,0.00122266,1.15396
1.00488,0.00122484,1.14659
0.98641,0.00121557,1.12781
0.991369,0.00121558,1.13308
1.00435,0.00121878,1.14568
0.999446,0.00121584,1.1409
1.00289,0.00121444,1.14419
0.985254,0.001325,1.12863
0.989188,0.00121436,1.13034
0.983161,0.00122342,1.1245
1.00861,0.00121932,1.15011
0.98452,0.00121661,1.12602
1.01358,0.00121589,1.15493
0.991385,0.00121855,1.13306
0.983441,0.00121565,1.125
0.997626,0.00121843,1.13898
1.00998,0.00121855,1.15116
1.00196,0.00121237,1.14328
1.0186,0.00121525,1.1601
1.00106,0.00121669,1.14203
1.02465,0.00121943,1.16624
1.01019,0.00125093,1.15169
1.01299,0.00125125,1.15407
0.999752,0.00121381,1.14114
0.997394,0.00122163,1.13857
2 threads per task
1.00247,0.000926249,1.14612
0.984789,0.000910209,1.12586
1.03177,0.000907278,1.17246
0.987653,0.000895931,1.12836
1.00213,0.000912955,1.14329
0.998567,0.000905781,1.13935
1.01473,0.000912338,1.15528
0.991948,0.000915165,1.13291
0.981777,0.000920263,1.1229
1.00869,0.000912813,1.14969
1.00081,0.000915912,1.14294
0.978689,0.000909143,1.11936
0.98519,0.000918833,1.12618
0.985822,0.000910778,1.12631
1.0016,0.000907313,1.14265
1.01157,0.000914587,1.15249
0.983164,0.000910882,1.12579
0.983638,0.000917714,1.12487
0.98642,0.00090919,1.12732
1.0151,0.00090865,1.15614
1.00132,0.000907619,1.14244
0.984615,0.000914645,1.12577
0.992668,0.000907841,1.13541
0.982792,0.000911346,1.12365
1.01063,0.000912297,1.15145
1.00184,0.000916497,1.14319
1.00563,0.000913806,1.14648
1.00098,0.000910553,1.142
1.01205,0.000946938,1.15347
0.99127,0.000919986,1.13216
1.00924,0.000913058,1.15068
1.00899,0.000921816,1.15184
1.00673,0.000917112,1.14779
1.00649,0.000912244,1.14779
0.990367,0.000935602,1.13186
0.985445,0.000908774,1.12692
1.03096,0.000905853,1.17251
0.986978,0.000915153,1.12847
1.00749,0.000916219,1.14901
0.991473,0.000921761,1.13273
0.986714,0.000909355,1.1274
1.00452,0.000912769,1.14553
1.02117,0.000918201,1.16169
1.01496,0.000905452,1.15611
0.986574,0.000917902,1.12789
1.01955,0.000905639,1.16096
1.00641,0.000920252,1.14787
0.99247,0.000909943,1.13339
1.01972,0.000907823,1.16099
1.00624,0.000906363,1.14772
0.988813,0.0009115,1.12963
3 threads per task
1.00443,0.000731204,1.14524
1.00417,0.000739175,1.14454
1.00164,0.000732664,1.14265
1.00135,0.000735912,1.14258
1.01592,0.000779218,1.15674
0.983255,0.000733365,1.12398
0.989837,0.00074807,1.13091
1.01211,0.000728811,1.15227
1.08441,0.000723044,1.22515
0.986295,0.000737525,1.12823
1.00252,0.000727886,1.144
0.984158,0.000732696,1.12462
1.02168,0.000783026,1.16222
0.99113,0.000728737,1.13221
1.00323,0.000735497,1.14379
1.00986,0.000731191,1.1525
1.00605,0.000727584,1.14692
1.00052,0.00114059,1.14187
1.00571,0.000731832,1.14805
0.983846,0.000734694,1.12444
0.978583,0.000729773,1.11931
1.01922,0.000730123,1.1607
1.00457,0.000720321,1.14537
0.985168,0.000736136,1.12605
1.00697,0.000757364,1.14793
1.0067,0.000739415,1.1476
0.986548,0.000726195,1.12842
1.0144,0.000730124,1.15629
0.982531,0.000728147,1.12293
0.996358,0.000723644,1.13717
1.06299,0.000735578,1.20391
0.986166,0.000720089,1.12644
1.02182,0.000681472,1.16571
0.985512,0.000726457,1.12652
1.01895,0.000729339,1.15983
0.997806,0.000736098,1.13841
0.984804,0.00073624,1.12553
1.01721,0.000733427,1.15817
1.01122,0.000718378,1.152
0.991442,0.000730569,1.132
1.01262,0.000735,1.15304
0.998653,0.000721273,1.13939
0.984694,0.000720633,1.12664
1.016,0.000718931,1.15783
0.983323,0.000723184,1.12423
0.981177,0.000738085,1.122
0.985358,0.000734555,1.12607
1.00115,0.000724562,1.14218
1.00497,0.000718973,1.14603
0.988176,0.000727022,1.12907
1.00222,0.000731378,1.14265
4 threads per task
1.14674,0.000666735,1.28714
0.98336,0.00066484,1.1238
1.01473,0.000669517,1.1553
1.01775,0.000643107,1.16144
0.986801,0.00062941,1.12824
1.00592,0.000617337,1.14625
0.985636,0.000619357,1.12626
1.00625,0.00063189,1.14634
1.01817,0.000648548,1.1596
0.986834,0.00063995,1.12897
1.00169,0.000660045,1.14228
0.986116,0.000619293,1.12802
1.00062,0.000628022,1.14131
1.0215,0.00065128,1.16273
0.987102,0.000658456,1.12825
0.984205,0.000678135,1.12486
1.0055,0.000663526,1.14624
0.977696,0.000617324,1.11825
1.00246,0.000632356,1.14307
0.995149,0.000638551,1.13566
1.012,0.000629192,1.15652
0.988105,0.000638066,1.12835
0.999854,0.000624407,1.14108
0.983528,0.000621248,1.12415
0.986921,0.000623387,1.12767
0.999988,0.000624277,1.14293
1.00387,0.000634106,1.14594
1.00264,0.000622155,1.14327
1.00563,0.000668518,1.1463
0.985357,0.00063426,1.12595
1.00167,0.000615628,1.14288
1.01246,0.000649073,1.15578
1.01096,0.000631583,1.15133
0.980647,0.000636051,1.12131
1.00324,0.000628468,1.14384
1.00239,0.000621226,1.1446
1.01051,0.000613876,1.15112
1.01398,0.000627041,1.15495
0.983857,0.000674758,1.12495
0.982271,0.000623411,1.12394
0.986937,0.000623873,1.12756
1.00378,0.000620545,1.14608
0.98502,0.000648225,1.1262
0.985354,0.000635093,1.12577
0.995169,0.000621383,1.13623
1.01335,0.000613907,1.15571
0.984601,0.000618363,1.125
1.01044,0.000613345,1.15098
1.00181,0.00065131,1.1437
1.01088,0.000625581,1.15175
1.00545,0.000637149,1.14604
5 threads per task
0.999149,0.000590052,1.14135
1.02644,0.000580665,1.16709
0.97631,0.000579876,1.11995
0.982302,0.000583763,1.12305
0.996262,0.000594718,1.1369
1.00663,0.000572472,1.14724
0.99105,0.000587143,1.13221
1.00318,0.000570317,1.1444
1.01192,0.000571989,1.15309
0.980531,0.000568048,1.12108
1.01314,0.000581149,1.15381
0.983892,0.000579568,1.12493
0.985283,0.000568419,1.12763
0.988821,0.000568998,1.13001
0.99872,0.000590888,1.13895
0.984985,0.000579972,1.12675
1.01186,0.000956457,1.15302
0.995926,0.000580189,1.13634
1.01383,0.00057347,1.15471
1.00514,0.000578001,1.14605
1.00203,0.000567687,1.14321
1.01456,0.000576617,1.15515
1.00104,0.000589688,1.14174
0.983791,0.000576327,1.1244
0.979719,0.000573556,1.12006
0.983061,0.000576686,1.12415
1.00767,0.000569925,1.14845
0.996146,0.000574401,1.13677
0.984998,0.000564451,1.12582
0.985947,0.00057642,1.12633
0.999828,0.000581929,1.14054
1.00275,0.00056428,1.14491
0.98177,0.000576017,1.12211
0.989251,0.000575809,1.13116
0.997554,0.000580453,1.13801
1.00067,0.000580752,1.14276
1.00031,0.000579152,1.14101
1.01174,0.000579582,1.15261
0.990857,0.000593451,1.13183
1.0089,0.000590626,1.14965
0.989335,0.000577713,1.12994
1.00625,0.000573505,1.14734
0.989607,0.000574065,1.13209
1.01396,0.000575002,1.15491
1.00772,0.000542828,1.14823
1.00926,0.000591641,1.15008
1.00494,0.000570901,1.14626
1.01619,0.000590823,1.15659
1.00439,0.000571689,1.14659
1.01254,0.000575907,1.15346
1.01341,0.000574716,1.15787
6 threads per task
1.0125,0.000557031,1.15317
0.986582,0.000535824,1.12671
1.00375,0.000542278,1.14466
0.982898,0.000558966,1.12372
1.0026,0.000530927,1.14341
0.990244,0.000554658,1.13263
0.989577,0.000556344,1.12984
0.983541,0.000602676,1.12467
0.984046,0.000587097,1.12479
0.984593,0.00055574,1.12522
1.01303,0.000554582,1.15377
1.04838,0.000534125,1.18888
1.00019,0.000557243,1.14071
1.00568,0.000561856,1.14594
0.987962,0.000584566,1.12821
0.987804,0.000559361,1.12794
0.997855,0.00055673,1.14055
0.997027,0.000552946,1.1383
0.982156,0.00053547,1.1232
1.00157,0.000557895,1.14256
1.004,0.000555476,1.14573
1.0103,0.000557294,1.15063
0.983351,0.000532114,1.12373
0.987218,0.000564768,1.12824
1.00457,0.000534655,1.14515
0.980619,0.000541751,1.12283
1.0012,0.000562449,1.14184
1.01418,0.000558555,1.15475
1.01581,0.000549281,1.15691
1.05485,0.000552448,1.19568
0.99987,0.000577876,1.1428
1.0019,0.000594812,1.14258
1.01282,0.000555934,1.15367
1.01253,0.000560083,1.15697
1.00522,0.000554078,1.14567
1.00049,0.000535985,1.14472
1.00119,0.000557345,1.14327
1.01051,0.000556794,1.15174
0.999302,0.000554931,1.13954
1.00375,0.000548387,1.14576
0.996886,0.000563718,1.13759
0.998767,0.000557866,1.14158
0.99949,0.000559509,1.14079
0.98146,0.00053429,1.12217
1.00132,0.000548173,1.14251
0.983342,0.00053662,1.12398
0.983884,0.000531966,1.12433
1.00242,0.000553922,1.14454
1.01702,0.000571096,1.15939
0.989309,0.00055817,1.13035
0.985136,0.000569044,1.126
7 threads per task
0.986761,0.000555038,1.12733
1.01252,0.000548446,1.15356
1.01173,0.000555364,1.15264
1.01717,0.000554806,1.15753
0.999574,0.00055368,1.14024
0.983964,0.000543757,1.12489
0.98549,0.000532759,1.12608
0.998778,0.000551166,1.13956
1.01512,0.00054568,1.15599
1.00478,0.000556258,1.1453
0.984414,0.000547275,1.12454
1.00743,0.000571804,1.14796
1.00382,0.000548742,1.14373
1.01616,0.000555073,1.15862
1.01587,0.000549228,1.15856
0.985991,0.000550971,1.12757
1.00324,0.000551688,1.14379
0.983469,0.000543696,1.12426
1.00372,0.000552965,1.14439
1.00196,0.000577259,1.14239
1.00794,0.000549995,1.1497
0.995127,0.000559196,1.13537
1.00427,0.000858954,1.1453
1.00848,0.000551205,1.14917
0.998509,0.000570304,1.1389
0.991081,0.000550428,1.13368
0.990181,0.000900085,1.13136
1.00344,0.000539153,1.1447
0.987151,0.000560686,1.1276
0.999791,0.000542996,1.14091
1.00127,0.000524688,1.14301
1.01567,0.000554741,1.15599
1.00449,0.000539668,1.14656
1.0001,0.000549997,1.14077
1.03701,0.000535616,1.17816
0.985415,0.000568104,1.12612
0.985449,0.000781337,1.12672
1.00739,0.00055101,1.14814
1.0091,0.000549761,1.14953
1.00426,0.000876979,1.14537
1.00326,0.000560387,1.14418
1.01155,0.000869133,1.15244
0.984511,0.000552087,1.12534
1.01251,0.000546236,1.15537
0.986027,0.000553126,1.12749
0.988883,0.000582427,1.12968
1.00088,0.000539059,1.14085
1.02031,0.000526402,1.1615
0.999548,0.000553229,1.13985
1.00438,0.000535462,1.14462
1.00211,0.000561113,1.14278
8 threads per task
1.00118,0.00373087,1.14447
0.999247,0.00374289,1.14289
1.00159,0.00374594,1.14533
1.00438,0.0037415,1.1479
1.02332,0.00375606,1.16731
1.00266,0.00373754,1.14655
1.00752,0.00376205,1.15128
0.982493,0.00375893,1.12726
0.986551,0.00375955,1.13046
0.986789,0.00375325,1.13043
1.04544,0.00373138,1.18929
0.985318,0.00378722,1.12897
1.00012,0.0037544,1.14363
1.00327,0.00374846,1.14694
1.00165,0.00371889,1.14509
0.999981,0.00376363,1.14435
1.00734,0.00375329,1.15037
1.00433,0.00363598,1.14794
1.00302,0.00373221,1.14718
1.00488,0.00374822,1.14838
1.05411,0.00376339,1.19758
1.00045,0.00363177,1.14381
1.00449,0.00375597,1.14841
1.01823,0.00373886,1.16205
1.00038,0.00375108,1.14463
0.986346,0.00376694,1.12955
0.985078,0.00375779,1.12896
1.00154,0.00374538,1.145
1.00094,0.00371715,1.14544
1.00412,0.00373193,1.14772
0.982594,0.00374392,1.12758
1.00228,0.00375731,1.14551
0.989396,0.00374345,1.1334
1.00576,0.00375083,1.14958
1.00544,0.0037571,1.15112
0.989093,0.00375088,1.13257
0.986086,0.00375121,1.13001
1.01149,0.00376012,1.1566
1.01551,0.00376788,1.15947
1.00148,0.00375771,1.14506
1.00947,0.00375049,1.15288
1.01032,0.00371786,1.15369
0.986652,0.00375875,1.13196
1.00674,0.00375953,1.1505
0.98374,0.00372532,1.1278
0.985683,0.00362734,1.1294
0.986089,0.0037527,1.13003
0.99055,0.00375743,1.13379
1.00486,0.00375652,1.14869
1.00131,0.00371487,1.14529
1.00204,0.00375317,1.14613
4 tasks per node
1 threads per task
0.98776,0.00129197,1.00766
0.98863,0.00129741,1.00838
1.04142,0.00128927,1.06093
1.01266,0.00128785,1.03209
1.00273,0.0012862,1.02223
0.991034,0.00131631,1.01057
1.02364,0.00129506,1.04335
1.00076,0.00131241,1.02058
1.00039,0.00129629,1.01957
0.991192,0.00130074,1.01077
1.00033,0.00132581,1.01977
1.02185,0.00130906,1.04139
1.02459,0.00128326,1.04408
1.00756,0.0012847,1.02707
1.06249,0.00129569,1.08189
1.02876,0.0012802,1.04818
1.0142,0.0012961,1.03379
1.01717,0.00128125,1.03669
0.986502,0.0012952,1.00639
0.99926,0.0012928,1.01924
1.01546,0.00128741,1.03525
0.982381,0.00131495,1.00213
0.987793,0.00128399,1.00792
0.984984,0.00129677,1.00484
1.01487,0.00129422,1.03468
0.998956,0.00129411,1.01877
1.00237,0.00130027,1.02195
1.01323,0.00128987,1.03307
0.98673,0.00129126,1.00619
1.01659,0.00128881,1.03606
0.985766,0.00132174,1.00583
1.00691,0.00131362,1.02681
1.01985,0.00132002,1.03931
1.01714,0.00130097,1.0364
0.98301,0.00132611,1.00247
1.00049,0.00129428,1.02023
0.988627,0.00132634,1.00892
0.995649,0.00128826,1.01495
1.0133,0.00127667,1.03267
1.01763,0.00133002,1.03715
0.984907,0.00132012,1.00483
1.00302,0.00129691,1.02302
1.01972,0.00128561,1.03943
1.00283,0.00133105,1.02277
1.003,0.00129592,1.02285
1.01304,0.00128421,1.03267
0.987587,0.00128437,1.00718
1.01273,0.00133266,1.03226
1.01687,0.0013505,1.03691
0.987314,0.00128528,1.00674
0.986227,0.00127501,1.0061
2 threads per task
0.985406,0.00145974,1.00653
1.0028,0.00131576,1.02298
1.00277,0.00121992,1.02218
0.989262,0.00125445,1.00916
0.997,0.00147897,1.01659
0.982198,0.00273666,1.00343
0.992101,0.00141345,1.01204
0.994946,0.00114608,1.01489
0.984698,0.00159288,1.00456
0.985715,0.00122828,1.00556
0.99567,0.00140924,1.01571
1.00235,0.00294229,1.02354
1.01628,0.00106823,1.0359
0.989694,0.00142216,1.00913
1.03232,0.0015053,1.05217
1.02419,0.00321058,1.04562
1.00326,0.00179493,1.02364
1.00321,0.0015599,1.02336
1.04782,0.00125385,1.06758
1.00121,0.00103799,1.02014
0.996316,0.00119456,1.01576
1.01973,0.00200517,1.0404
1.00117,0.00163737,1.02114
0.987035,0.00146634,1.00684
0.988438,0.0030551,1.01004
1.00383,0.00161705,1.02377
1.01326,0.00294783,1.03438
1.0106,0.00228342,1.0315
1.01145,0.00157867,1.03161
0.998396,0.0015551,1.01857
0.990287,0.00189684,1.0104
1.00105,0.00102116,1.0206
1.00061,0.000994671,1.01991
1.00768,0.00162351,1.0276
0.9858,0.00117829,1.00523
1.05765,0.00188474,1.07819
1.0187,0.00180397,1.03918
0.994192,0.00104343,1.01344
1.00947,0.00293334,1.03073
0.998494,0.00306683,1.02014
0.991952,0.00104422,1.01153
1.00249,0.0011164,1.02194
0.991576,0.00153745,1.01134
1.00277,0.00135847,1.02239
0.985598,0.00164874,1.00596
1.0056,0.00181631,1.02608
1.00261,0.00101391,1.02221
1.00937,0.00148711,1.02968
1.01266,0.00177659,1.03272
1.00532,0.00184761,1.02581
1.00835,0.00154551,1.02853
3 threads per task
0.983648,0.00160026,1.00379
0.989441,0.00118285,1.00886
1.01632,0.00376051,1.03842
1.01934,0.00166405,1.03929
0.988017,0.00172629,1.0086
1.01328,0.00171502,1.03343
0.988449,0.00137151,1.00845
0.982499,0.00172012,1.00237
0.993297,0.00288836,1.01441
1.01602,0.00285593,1.03704
0.983705,0.0013433,1.00373
1.01232,0.0028662,1.03337
0.986574,0.00151518,1.0064
1.01479,0.00144904,1.0345
0.988068,0.000804767,1.00738
0.998093,0.000876844,1.0186
1.01089,0.0028844,1.03228
0.998177,0.00106597,1.0174
0.984749,0.00148275,1.00477
1.01558,0.00097324,1.03483
0.994432,0.00170954,1.0147
1.05839,0.00167917,1.07878
1.00603,0.00113939,1.02543
0.993635,0.00150791,1.01339
1.00439,0.00119139,1.02371
1.04796,0.000835212,1.0674
1.00398,0.00117308,1.02374
1.00484,0.00123874,1.02437
1.00936,0.0028417,1.03088
1.02483,0.00104626,1.04427
0.99992,0.00108746,1.01966
1.01594,0.00297575,1.03744
1.02484,0.00326359,1.04647
1.00606,0.000807671,1.02546
0.996546,0.00273738,1.01787
1.00246,0.00146088,1.0222
0.985776,0.00158499,1.00627
1.0059,0.00109101,1.02529
1.0078,0.00100803,1.02682
1.00113,0.00110308,1.0204
0.991155,0.00290847,1.01239
1.00304,0.00203826,1.02328
0.988412,0.00172179,1.00837
0.999488,0.00181975,1.01953
1.04613,0.00292666,1.06738
1.05012,0.00168852,1.07065
0.9999,0.00140163,1.01967
0.98376,0.00270704,1.00464
1.03154,0.00286665,1.0523
0.992349,0.00351851,1.01449
1.00179,0.0028521,1.02305
4 threads per task
1.01392,0.00154415,1.03405
0.990322,0.00438186,1.01315
1.00936,0.00240452,1.03026
0.983728,0.00224052,1.00455
0.999864,0.000935243,1.01896
0.981871,0.00330861,1.00368
0.980811,0.00163058,1.00055
1.00581,0.0029892,1.02731
1.01346,0.00111456,1.03246
1.03256,0.00139744,1.05205
1.00473,0.00322303,1.02648
1.01048,0.0014783,1.03057
1.00135,0.00135354,1.02099
1.01595,0.00124709,1.03536
1.03131,0.00121879,1.05111
0.989325,0.003115,1.01062
1.01558,0.00109761,1.03521
0.987855,0.0037689,1.00987
0.984588,0.00133068,1.00433
1.01522,0.00231537,1.03636
0.991966,0.000922364,1.01146
1.00332,0.0016375,1.0232
0.987089,0.00157199,1.00694
1.00875,0.00315799,1.03009
0.98392,0.00222,1.00464
1.00712,0.00244708,1.02777
1.01634,0.00114971,1.036
1.00473,0.00313166,1.02601
1.0122,0.0021025,1.03229
1.02989,0.00114859,1.04938
1.01506,0.000999392,1.03436
1.04889,0.0010421,1.06794
1.00217,0.00102946,1.02173
0.985658,0.000807017,1.00473
1.03351,0.000929688,1.05234
0.983574,0.00270261,1.00488
0.987744,0.00128892,1.00732
1.0007,0.00229815,1.02136
1.00823,0.00155785,1.02806
1.02333,0.00259652,1.04437
0.998096,0.00186849,1.01812
1.01357,0.00073927,1.03262
1.0413,0.00111179,1.06029
1.00061,0.00131909,1.02029
0.99347,0.000846651,1.01269
0.989409,0.00139355,1.00923
0.99655,0.00227136,1.017
0.988529,0.00127269,1.00838
1.01941,0.00145751,1.03947
0.984661,0.000850019,1.00413
1.02287,0.00162838,1.04272
5 threads per task
0.987494,0.00478034,1.01049
0.995976,0.00262009,1.01715
0.993691,0.00418863,1.01607
1.01965,0.00490561,1.04274
1.0079,0.00402532,1.03016
1.00801,0.00259623,1.0291
1.01985,0.00395142,1.04194
1.00971,0.00413038,1.03246
1.00555,0.00410575,1.02851
1.04903,0.00488521,1.07218
0.996905,0.00283525,1.01753
0.989647,0.00423011,1.01244
1.01284,0.00292428,1.03435
1.02009,0.0043667,1.04302
0.987416,0.00495471,1.01015
1.00047,0.0039963,1.02267
1.02776,0.0041867,1.05037
1.01695,0.00425575,1.03938
1.01237,0.00408095,1.03471
1.00752,0.00421838,1.03023
1.01259,0.00447507,1.03562
0.98429,0.00410615,1.00696
1.01291,0.00418131,1.03498
1.00563,0.00412655,1.02801
0.990859,0.00413792,1.01348
0.989339,0.00408837,1.01172
0.981707,0.00417802,1.00433
0.999966,0.00397902,1.02243
1.00958,0.00411948,1.03189
1.01378,0.00410319,1.03607
1.04951,0.00407912,1.07213
0.996437,0.00136383,1.01617
0.980621,0.002571,1.00132
0.97829,0.00421935,1.00072
1.04483,0.0040875,1.06746
0.988052,0.00396382,1.01022
0.984777,0.00323194,1.0062
1.04946,0.00356162,1.07147
1.00585,0.00391889,1.02822
0.99016,0.00419844,1.01258
0.999935,0.00419611,1.02272
0.9994,0.00414602,1.0221
1.03,0.00444215,1.053
1.00211,0.00415823,1.02449
1.02395,0.00264097,1.04504
0.990536,0.00407953,1.01287
1.00205,0.00415203,1.02446
1.01579,0.00425417,1.03851
1.05185,0.00266677,1.07273
1.00071,0.00425326,1.02315
1.00846,0.00406551,1.03076
6 threads per task
1.01218,0.00402026,1.03468
1.01555,0.00398327,1.0381
1.00867,0.00402256,1.03122
1.01349,0.00396959,1.03534
0.999232,0.005681,1.02348
0.998972,0.00570579,1.02323
1.00622,0.00321534,1.02799
1.03096,0.00398382,1.0534
1.00593,0.00431398,1.02869
0.986492,0.00305456,1.00827
1.01038,0.00499964,1.03365
1.01743,0.00559839,1.04128
0.985283,0.00515011,1.00856
0.998952,0.00400491,1.02146
1.01122,0.00545913,1.03493
1.00187,0.00420088,1.02427
1.00433,0.00401225,1.02657
1.01023,0.00578939,1.03422
0.982903,0.00399682,1.00546
1.00502,0.00400602,1.02724
0.998711,0.00390345,1.02082
1.01584,0.00578983,1.03953
1.02618,0.00397581,1.048
1.00256,0.00412222,1.02495
1.01005,0.00403202,1.03228
1.00464,0.00252184,1.02533
1.01824,0.00400221,1.04053
1.05491,0.00586774,1.07933
1.01861,0.0040086,1.04106
0.985346,0.00404959,1.00731
1.01598,0.0039905,1.03853
1.02103,0.00395984,1.04316
1.01066,0.0040189,1.03281
1.00845,0.00564058,1.03223
1.01463,0.00259866,1.03573
1.01647,0.00321857,1.038
0.99241,0.00406154,1.01472
1.02437,0.00396229,1.04685
1.0157,0.00397452,1.03839
1.0081,0.00416556,1.03057
0.98503,0.00399292,1.00784
1.01089,0.00855379,1.03743
1.01113,0.0147557,1.04535
0.999986,0.00401074,1.02264
1.01147,0.00571779,1.03575
0.999471,0.00258961,1.02022
1.01081,0.0025478,1.032
1.0164,0.0039575,1.03856
1.01437,0.00401493,1.03685
0.997466,0.00400895,1.01968
0.997094,0.00483184,1.02039
7 threads per task
1.0132,0.00396398,1.03527
1.02385,0.00394789,1.04628
1.00687,0.00557214,1.03103
0.985602,0.00389405,1.00815
0.997339,0.00519634,1.02044
0.999893,0.00398598,1.022
1.00888,0.00392349,1.03069
0.99608,0.00567215,1.01985
0.999384,0.00394498,1.02179
1.01567,0.00572107,1.03957
0.994409,0.00393815,1.01658
1.06511,0.00561769,1.08943
0.99332,0.00570427,1.01753
1.00912,0.00541769,1.03268
1.01103,0.00557157,1.0351
0.997168,0.00578835,1.02158
0.986644,0.00395696,1.00918
1.01491,0.00396946,1.03724
1.01105,0.00488533,1.03406
1.02025,0.00551627,1.04392
1.01397,0.00390888,1.03649
0.999018,0.00392741,1.02112
0.998916,0.00392958,1.02127
1.00364,0.00396167,1.02633
0.98872,0.00392859,1.0109
1.01519,0.00581566,1.03913
1.01415,0.00400101,1.03651
1.01023,0.00569603,1.03414
0.995617,0.00395633,1.01813
1.00141,0.00574446,1.02601
1.00125,0.00574223,1.02521
1.00148,0.00410128,1.0241
1.00289,0.00564934,1.02675
1.00144,0.00396377,1.02356
1.01221,0.0043158,1.03468
1.04541,0.00553423,1.06903
0.985176,0.00546812,1.00877
0.98934,0.00391564,1.01169
1.00022,0.00572285,1.02446
1.00656,0.00557964,1.03031
0.989692,0.00393905,1.01193
0.985174,0.0057526,1.00898
1.01899,0.00392561,1.04186
1.00119,0.00694505,1.02604
1.01373,0.00543789,1.03764
1.00695,0.00392584,1.02941
0.987982,0.00410386,1.00997
0.98228,0.00391536,1.00436
1.00057,0.00576742,1.02476
1.01872,0.00392946,1.04114
0.999255,0.00567753,1.0234
8 threads per task
0.988711,0.00389304,1.01097
1.01019,0.00563834,1.03406
1.00625,0.00396362,1.02862
0.991102,0.0073328,1.01667
0.987713,0.00392862,1.0099
0.99092,0.00391551,1.01372
1.01399,0.00394321,1.03627
0.98689,0.00391736,1.00989
1.01339,0.00391312,1.0356
1.01001,0.00396555,1.03246
0.992896,0.00572151,1.0172
1.00077,0.0058118,1.02484
1.02323,0.00391357,1.0455
1.01204,0.00390662,1.0345
0.985212,0.00399003,1.00748
1.01948,0.00577912,1.04373
0.99477,0.00742637,1.02039
0.997087,0.00565398,1.02093
1.02017,0.00389514,1.04242
1.01004,0.00393481,1.03225
1.02274,0.00567613,1.04713
1.00063,0.00840473,1.02764
1.01156,0.00391673,1.03383
0.991801,0.00390881,1.01466
0.987714,0.00391744,1.01039
0.986424,0.00392746,1.00842
1.00386,0.0039269,1.02646
1.00191,0.00390748,1.02435
0.984481,0.00397027,1.0069
1.01683,0.00391251,1.03898
0.994061,0.00391432,1.01615
1.0125,0.00566639,1.03689
1.02847,0.00390497,1.05065
1.01417,0.0039209,1.03646
1.00537,0.00391974,1.02788
0.988658,0.00562195,1.01265
0.990057,0.00392569,1.01268
1.01303,0.00390842,1.03553
0.993075,0.00719568,1.01842
1.01068,0.00542972,1.03431
0.992543,0.00389531,1.01469
0.994399,0.00621939,1.0192
0.985662,0.00879033,1.01286
0.987815,0.00668958,1.013
0.985499,0.00565587,1.00944
0.989196,0.0056865,1.01327
1.00728,0.00390584,1.02956
0.988474,0.00874483,1.01547
1.02519,0.00391587,1.0477
1.00288,0.00394821,1.02541
1.01506,0.00577447,1.03876
