Bash version 4.2.46(1)-release...
1 tasks per node
1 threads per task
4.42591,0.00457771,5.07123
2.36667,0.0045668,2.99903
2.33702,0.00465286,2.9698
2.33899,0.0046466,2.97318
2.35492,0.00467741,2.98818
2.28818,0.00470865,2.92071
2.37388,0.00452082,3.00633
2.36684,0.00470258,3.00014
2.29885,0.00472108,2.93234
2.42581,0.00457325,3.05812
2.33029,0.00465327,2.96287
2.3731,0.00462541,3.00682
2.36511,0.00455496,2.99731
2.34977,0.00465692,2.98053
2.34007,0.00457152,2.97189
2.37907,0.00462547,3.01207
2.33759,0.00463365,2.96934
2.29824,0.00455774,2.93078
2.42726,0.00465385,3.05868
2.30729,0.0045478,2.93985
2.32476,0.00464602,2.95768
2.34732,0.00458382,2.97919
2.30225,0.00471497,2.93452
2.39429,0.00455433,3.02815
2.43178,0.00463117,3.06459
2.34223,0.00453031,2.97444
2.31015,0.00462291,2.94282
2.35295,0.0046523,2.98604
2.35063,0.0045647,2.98232
2.38666,0.00469638,3.01885
2.34695,0.00455254,2.97885
2.34445,0.00463542,2.97897
2.34752,0.00467741,2.97963
2.34701,0.00449781,2.98003
2.34224,0.0046428,2.97581
2.34266,0.0046437,2.97627
2.35109,0.00462329,2.98262
2.3413,0.00456085,2.97401
2.3522,0.00465818,2.98429
2.31128,0.00450983,2.94186
2.45917,0.00461665,3.0911
2.3133,0.00465466,2.94597
2.31695,0.00456334,2.94862
2.3514,0.00455267,2.98598
2.35123,0.00469616,2.98412
2.33767,0.00453554,2.96948
2.44357,0.00473497,3.07531
2.30904,0.00456496,2.941
2.36224,0.00472625,2.99503
2.92527,0.00463023,3.55897
2.3482,0.00466059,2.98197
2 threads per task
2.35487,0.00292891,2.98645
2.34189,0.00281882,2.97246
2.35557,0.00285507,2.9849
2.3137,0.00292039,2.94377
2.3277,0.00284509,2.9573
2.34696,0.00291269,2.97566
2.36491,0.00304274,2.99489
2.39042,0.00284826,3.0204
2.31225,0.00283589,2.94378
2.34696,0.00292406,2.97815
2.34923,0.00285118,2.98006
2.33619,0.00291732,2.96846
2.33716,0.00299398,2.96797
2.3606,0.00277674,2.99055
2.31236,0.00283273,2.94264
2.42414,0.00282877,3.05417
2.329,0.00291035,2.95952
2.32137,0.00306386,2.95159
2.36582,0.00304016,2.99589
2.34908,0.00306354,2.97961
2.35088,0.00284051,2.98183
2.35169,0.00311458,2.98204
2.2963,0.00292391,2.92678
2.38009,0.00283402,3.01117
2.35088,0.00297054,2.9835
2.34367,0.00293166,2.974
2.35212,0.00283223,2.98304
2.3014,0.0029061,2.93139
2.30223,0.00285404,2.93206
2.31866,0.00290043,2.94935
2.33632,0.00284096,2.96706
2.34971,0.00284067,2.98072
2.31329,0.00297847,2.94354
2.33577,0.00283231,2.96597
2.30612,0.00282366,2.93501
2.351,0.00300902,2.98133
2.34888,0.00284297,2.97941
2.36572,0.00300121,2.99637
2.3856,0.00284134,3.01487
2.35824,0.00283874,2.98827
2.2998,0.00301411,2.93081
2.37592,0.00294814,3.00793
2.42204,0.00300082,3.05284
2.34628,0.00284346,2.97675
2.3845,0.00289294,3.01684
2.33828,0.00284837,2.96852
2.30124,0.00283528,2.93413
2.36175,0.0028393,2.99345
2.35035,0.00282655,2.98117
2.35783,0.00308305,2.98819
2.35122,0.00294816,2.98337
3 threads per task
2.36138,0.00198734,2.99088
2.34613,0.00209264,2.97629
2.30778,0.00209513,2.93821
2.37323,0.00198507,3.00323
2.32303,0.00213645,2.95279
2.33878,0.0020177,2.97257
2.29309,0.00215364,2.9223
2.35846,0.00203484,2.98806
2.31085,0.00217852,2.94088
2.35069,0.00209192,2.98067
2.35066,0.00214525,2.9847
2.35591,0.00213664,2.98545
2.31466,0.00207831,2.94412
2.35095,0.00209153,2.98071
2.34322,0.0020748,2.9733
2.34541,0.00211835,2.97587
2.30957,0.00215033,2.93938
2.31454,0.00214012,2.94485
2.31795,0.0022177,2.94806
2.38948,0.00208407,3.01953
2.46482,0.00199505,3.09463
2.32141,0.00205442,2.95147
2.35821,0.00214353,2.98875
2.30749,0.00204076,2.93731
2.35676,0.00207317,2.98653
2.3175,0.00206643,2.94759
2.34378,0.00203663,2.97298
2.34707,0.002059,2.97734
2.34968,0.00229326,2.9807
2.34665,0.00202972,2.97653
2.304,0.00213686,2.93361
2.29778,0.00217997,2.9276
2.34419,0.00197024,2.9749
2.36619,0.00225472,2.996
2.34215,0.00210929,2.97206
2.30976,0.00232177,2.93887
2.35349,0.00205786,2.98272
2.35124,0.00206545,2.98059
2.34817,0.00219387,2.97782
2.34976,0.00203998,2.98061
2.33587,0.00199778,2.9652
2.37323,0.0020734,3.00355
2.38749,0.002054,3.01662
2.33951,0.00207657,2.96905
2.31403,0.00204387,2.94453
2.33473,0.0021019,2.9648
2.35099,0.00209409,2.98127
2.36318,0.00198734,2.99412
2.38205,0.00211217,3.01323
2.31525,0.00204282,2.94792
2.29594,0.0020716,2.9264
4 threads per task
2.38446,0.00158634,3.01369
2.38652,0.00173777,3.01729
2.30038,0.0017621,2.93118
2.35763,0.0017225,2.98649
2.36076,0.00162904,2.99118
2.34477,0.00170519,2.97344
2.3508,0.00171161,2.98009
2.35582,0.00160863,2.98513
2.30023,0.00169283,2.92981
2.34777,0.00176131,2.97839
2.37691,0.00165909,3.00611
2.30897,0.00162472,2.93799
2.3634,0.00159073,2.99248
2.3508,0.00161393,2.97984
2.36339,0.00179405,2.99204
2.39176,0.00181774,3.02057
2.34305,0.0017016,2.97223
2.34328,0.00178958,2.97425
2.38107,0.00159133,3.01123
2.31832,0.00159884,2.9493
2.31974,0.00171582,2.94929
2.32669,0.00169418,2.95545
2.33764,0.00162679,2.96674
2.34472,0.0016373,2.97526
2.36971,0.00166869,2.99901
2.34732,0.00159277,2.97476
2.39481,0.00213479,3.02424
2.33908,0.00172497,2.96837
2.37939,0.00169428,3.00874
2.35223,0.00158839,2.98135
2.36048,0.00170153,2.99018
2.29931,0.00167402,2.92724
2.34208,0.00169576,2.97292
2.37147,0.00163698,3.00113
2.29942,0.00162515,2.93045
2.36669,0.00171379,2.99581
2.32373,0.00165315,2.95298
2.34419,0.00167819,2.97495
2.30648,0.00166856,2.93527
2.3911,0.00184688,3.02162
2.36386,0.00170167,2.99407
2.37305,0.00162569,3.00136
2.34586,0.00163594,2.97722
2.34793,0.00159219,2.97778
2.3073,0.00164052,2.93534
2.34056,0.00173028,2.96982
2.36953,0.00167924,3.00003
2.38661,0.00206093,3.01519
2.3477,0.00165726,2.97742
2.35369,0.00165813,2.98244
2.31584,0.00174334,2.94645
5 threads per task
2.34333,0.00130668,2.97093
2.35272,0.00139891,2.98241
2.35795,0.00141742,2.98807
2.31667,0.00142484,2.94603
2.35049,0.00138935,2.9793
2.34545,0.00139697,2.97502
2.34864,0.00139516,2.97747
2.34854,0.00145078,2.97785
2.38504,0.00141124,3.01375
2.36558,0.00148193,2.99603
2.3165,0.00140705,2.94437
2.34846,0.00130901,2.97877
2.35004,0.00131892,2.97876
2.37035,0.0014204,2.99926
2.4416,0.00130633,3.07038
2.34479,0.00130623,2.97299
2.31982,0.00142143,2.94966
2.33216,0.0013152,2.96204
2.33242,0.00130687,2.96097
2.35026,0.00133819,2.98049
2.3084,0.00130087,2.93654
2.29854,0.00137085,2.92716
2.34569,0.00139574,2.97636
2.31626,0.00139478,2.94589
2.33793,0.00132499,2.96692
2.38844,0.00130827,3.01715
2.3409,0.00129717,2.97057
2.35133,0.00139632,2.98071
2.41883,0.00136785,3.05025
2.32817,0.00132236,2.95914
2.31993,0.00140418,2.94817
2.34679,0.00139016,2.97606
2.32186,0.00138814,2.95095
2.36001,0.00132869,2.98873
2.31249,0.00146401,2.9421
2.32357,0.00134481,2.95249
2.50544,0.00129846,3.1335
2.33407,0.00137063,2.96556
2.35616,0.00132408,2.98514
2.37245,0.0013865,3.0009
2.31757,0.00136519,2.94711
2.35115,0.00139854,2.98097
2.36362,0.00140165,2.99379
2.55527,0.00146786,3.18402
2.33759,0.00133618,2.9669
2.37439,0.00130764,3.00357
2.34231,0.00139998,2.97146
2.30202,0.00138143,2.93193
2.35295,0.00134039,2.98241
2.36415,0.00145359,2.9927
2.36605,0.00132737,2.99497
6 threads per task
2.36029,0.00114207,2.99045
2.34547,0.0012389,2.97409
2.33451,0.00127667,2.96347
2.35848,0.00114216,2.98762
2.34401,0.00114203,2.97283
2.31607,0.00128788,2.94423
2.30812,0.00117304,2.93724
2.34866,0.00125652,2.97749
2.34731,0.00118192,2.97784
2.43972,0.00126996,3.06896
2.29809,0.00125894,2.9282
2.31067,0.00125717,2.93971
2.37169,0.00121545,2.99982
2.35208,0.00126995,2.98234
2.35695,0.00128416,2.98672
2.30386,0.00116509,2.9321
2.30164,0.00118196,2.93046
2.31634,0.00126326,2.94693
2.35407,0.00122512,2.98117
2.30701,0.00116503,2.93551
2.33392,0.00123601,2.96342
2.3088,0.00115194,2.938
2.30882,0.00116186,2.93939
2.33391,0.0012615,2.96307
2.3098,0.00116883,2.93967
2.37516,0.00125193,3.00231
2.36503,0.00125612,2.99481
2.31924,0.00117749,2.95016
2.34036,0.00127881,2.96914
2.34514,0.00127239,2.97432
2.34702,0.00128555,2.97614
2.3883,0.0012721,3.01792
2.33475,0.00116063,2.96315
2.34569,0.00122875,2.97487
2.35328,0.00113765,2.98222
2.29808,0.00114048,2.92652
2.30182,0.00114688,2.93175
2.30705,0.0011403,2.93589
2.351,0.00115695,2.97819
2.35661,0.00115925,2.98578
2.34832,0.00128527,2.97757
2.49417,0.00129836,3.12239
2.30369,0.00125687,2.93236
2.38802,0.00126833,3.01724
2.32591,0.0012629,2.95485
2.37481,0.00126055,3.00538
2.35132,0.00115918,2.98022
2.31559,0.00118717,2.94522
2.3921,0.00126995,3.02038
2.31103,0.00126219,2.93993
2.33727,0.00120931,2.96521
7 threads per task
2.90184,0.00102428,3.53178
2.34522,0.00109874,2.97344
2.2991,0.00113556,2.92791
2.31041,0.00099645,2.93805
2.33607,0.00118663,2.96391
2.31782,0.0010446,2.94753
2.35701,0.00106777,2.98522
2.35549,0.00119113,2.98505
2.35614,0.00118967,2.9858
2.30736,0.00100669,2.93588
2.29986,0.00119196,2.92734
2.36346,0.00104181,2.99406
2.40428,0.00119976,3.03298
2.36261,0.00118369,2.99131
2.32172,0.00119789,2.9503
2.31666,0.00109534,2.94624
2.31305,0.001041,2.94132
2.35627,0.00108401,2.98314
2.34096,0.00140613,2.97021
2.31326,0.00103385,2.94295
2.34036,0.0011852,2.96939
2.37419,0.00100842,3.00291
2.31779,0.00100768,2.94627
2.35543,0.00116342,2.98533
2.35281,0.00107942,2.98301
2.30909,0.00111122,2.93761
2.33782,0.00102015,2.96597
2.45339,0.00101608,3.08192
2.34912,0.0011829,2.97773
2.3375,0.00117353,2.96671
2.35327,0.0010466,2.98045
2.35939,0.00121148,2.98897
2.36129,0.00110399,2.98905
2.35074,0.00118336,2.97932
2.35586,0.00102383,2.98633
2.34163,0.00118627,2.97094
2.3103,0.001031,2.93949
2.37522,0.00118605,3.00437
2.31176,0.00109335,2.94074
2.35518,0.00100827,2.98386
2.337,0.00118013,2.96734
2.36299,0.00118946,2.9919
2.34753,0.00120226,2.97711
2.37573,0.0010342,3.00569
2.42208,0.00103262,3.05072
2.30396,0.00109735,2.9351
2.35153,0.00119312,2.98095
2.31645,0.00101216,2.94679
2.46279,0.00109807,3.09176
2.36419,0.00102614,2.99268
2.34499,0.00111325,2.97293
8 threads per task
2.3448,0.00113496,2.97378
2.33124,0.00112859,2.96136
2.34047,0.000884728,2.96962
2.34252,0.00113846,2.97288
2.4331,0.000939145,3.06185
2.34064,0.00112987,2.96877
2.35595,0.00112561,2.98554
2.30638,0.00101225,2.93583
2.35196,0.00101184,2.98131
2.36406,0.00114042,2.9927
2.31187,0.00112702,2.94199
2.34843,0.00113176,2.97911
2.36063,0.000914793,2.98851
2.30505,0.00113149,2.9348
2.35679,0.000996226,2.98716
2.35712,0.000929758,2.98569
2.32518,0.00113437,2.95347
2.31472,0.000947547,2.94514
2.35377,0.00113583,2.98316
2.335,0.00117927,2.96393
2.35837,0.000951719,2.98709
2.3645,0.00113611,2.99374
2.35317,0.000955989,2.98275
2.33327,0.00103046,2.96249
2.34584,0.00097904,2.97525
2.34883,0.000947669,2.97742
2.37202,0.00111461,3.00107
2.36039,0.000976159,2.98934
2.34226,0.0011257,2.97006
2.55866,0.00113567,3.18859
2.31462,0.000967113,2.9438
2.33622,0.000988194,2.96457
2.34212,0.00113003,2.97126
2.34863,0.00112561,2.9786
2.45439,0.00113918,3.08418
2.35255,0.00092764,2.98123
2.3962,0.00092704,3.02503
2.34113,0.00113415,2.97041
2.30978,0.0011318,2.94088
2.37787,0.00112516,3.00738
2.35958,0.000917972,2.98911
2.34877,0.000935011,2.97711
2.36653,0.000959782,2.99491
2.35396,0.00114163,2.98296
2.3666,0.001131,2.99542
2.36714,0.000990846,2.99538
2.35709,0.000935832,2.98547
2.34622,0.000952011,2.97462
2.33649,0.00113652,2.96566
2.34656,0.000980018,2.97695
2.33568,0.000989008,2.9649
2 tasks per node
1 threads per task
2.30877,0.00448247,2.63235
2.34877,0.00456288,2.67299
2.37539,0.00455043,2.69948
2.35575,0.0045283,2.68038
2.31571,0.00450013,2.63955
2.31146,0.00449865,2.6361
2.34687,0.00455891,2.67223
2.37595,0.00448956,2.69965
2.31969,0.00449753,2.64367
2.30351,0.00459973,2.62764
2.32548,0.00450059,2.6496
2.34076,0.00447989,2.66457
2.3218,0.00449071,2.64598
2.31165,0.00456226,2.63533
2.34121,0.00463786,2.66524
2.30832,0.00454798,2.6327
2.37374,0.00456758,2.69781
2.34759,0.00452584,2.67161
2.38597,0.00447176,2.70991
2.34734,0.00450702,2.67107
2.44057,0.0045026,2.7643
2.37794,0.0044807,2.70185
2.34821,0.00456547,2.67236
2.3499,0.00454886,2.67393
2.31301,0.00454761,2.63723
2.31324,0.00449055,2.63771
2.43905,0.00447696,2.76321
2.32862,0.00452054,2.65315
2.31813,0.00444074,2.64306
2.45618,0.00462571,2.78069
2.38404,0.00449663,2.70763
2.33851,0.00447931,2.66228
2.34371,0.00454788,2.66764
2.35694,0.00449467,2.68064
2.35403,0.00458501,2.67868
2.37148,0.00448919,2.69541
2.34876,0.00455177,2.67326
2.36814,0.00447769,2.69175
2.362,0.00448265,2.68603
2.38774,0.0044838,2.71189
2.34288,0.00448155,2.66718
2.31133,0.00451696,2.63532
2.30827,0.00450787,2.63177
2.37438,0.00447819,2.69821
2.36713,0.00455048,2.69126
2.38406,0.00457272,2.70754
2.3041,0.004496,2.62764
2.34988,0.00457857,2.67385
2.35055,0.00470794,2.67458
2.34283,0.0044856,2.66668
2.36407,0.00465291,2.68841
2 threads per task
2.33251,0.00286137,2.6553
2.34332,0.00280783,2.66618
2.31951,0.00281943,2.64193
2.34975,0.00279688,2.6717
2.30994,0.00287851,2.63221
2.32303,0.00286035,2.64541
2.34887,0.00277653,2.67114
2.35377,0.00278211,2.67599
2.36308,0.00278834,2.68522
2.34607,0.0027756,2.66844
2.33467,0.00277726,2.65683
2.3168,0.00285116,2.63974
2.3771,0.00277529,2.6984
2.35542,0.00284774,2.67753
2.3113,0.00296255,2.63366
2.31785,0.00286574,2.64025
2.36413,0.00283035,2.68611
2.38033,0.00279613,2.70221
2.37136,0.0027762,2.69317
2.35974,0.00287576,2.68194
2.3597,0.00284455,2.68196
2.36257,0.00283501,2.68511
2.37887,0.00284276,2.701
2.39715,0.0028506,2.71949
2.35204,0.00275546,2.67406
2.35122,0.00286472,2.67344
2.34751,0.00278167,2.67052
2.31711,0.0027573,2.63978
2.35269,0.0027763,2.67481
2.36004,0.00277738,2.68218
2.34484,0.00277714,2.66689
2.35784,0.00279208,2.68029
2.39426,0.00276913,2.71644
2.35586,0.00284821,2.6778
2.36858,0.00293778,2.69075
2.31217,0.00284873,2.63463
2.34694,0.00278533,2.66914
2.34844,0.00297585,2.67089
2.35057,0.00279038,2.67317
2.3462,0.00281603,2.6687
2.34511,0.00283863,2.6675
2.3123,0.00286707,2.63462
2.38725,0.00277851,2.7097
2.35622,0.00276085,2.67838
2.35482,0.00278217,2.67699
2.37192,0.00275213,2.69397
2.34603,0.00278628,2.66821
2.34012,0.0027866,2.66259
2.35806,0.00279572,2.68167
2.31689,0.00277743,2.63901
2.31108,0.00275998,2.63336
3 threads per task
2.34846,0.00200036,2.67005
2.34905,0.00199194,2.67089
2.34533,0.0020257,2.66676
2.34506,0.00201098,2.66654
2.30013,0.00216359,2.62209
2.3624,0.00207349,2.68423
2.31112,0.0020322,2.63291
2.31247,0.00201163,2.63385
2.34516,0.00198936,2.66665
2.3667,0.00199303,2.68826
2.31931,0.00199486,2.6411
2.31654,0.00202916,2.63805
2.34781,0.00199479,2.66914
2.34834,0.0020768,2.66985
2.35198,0.0020224,2.67376
2.36461,0.00199084,2.68637
2.30954,0.00206825,2.63073
2.38254,0.00211878,2.70358
2.38493,0.00206711,2.70697
2.38302,0.00199937,2.70423
2.35205,0.00199448,2.67376
2.35101,0.00207136,2.67259
2.35492,0.0021144,2.67603
2.304,0.00198419,2.62541
2.34042,0.00218204,2.66177
2.30637,0.00199834,2.62783
2.37262,0.00201829,2.69445
2.29893,0.002016,2.62077
2.34389,0.00200187,2.66472
2.33114,0.00199737,2.65264
2.35847,0.0019862,2.6799
2.42752,0.00199673,2.7486
2.30427,0.00199658,2.62566
2.34454,0.00202718,2.6659
2.33796,0.00198949,2.65945
2.36247,0.00202105,2.68431
2.30652,0.00199188,2.62855
2.34073,0.001998,2.66187
2.34914,0.00199701,2.67042
2.36515,0.00199989,2.68706
2.31165,0.00205783,2.63321
2.34294,0.00200028,2.66413
2.41558,0.00218467,2.73733
2.41566,0.00207116,2.7372
2.3333,0.00205438,2.65497
2.35186,0.00201032,2.67324
2.31023,0.00205779,2.63126
2.34495,0.00199428,2.66679
2.3369,0.00201347,2.6586
2.3592,0.00201516,2.68067
2.32401,0.00215511,2.64586
4 threads per task
2.42433,0.00160905,2.74587
2.37866,0.00197495,2.70005
2.31108,0.00160762,2.63221
2.34448,0.0016145,2.66517
2.3267,0.00161176,2.64758
2.34783,0.00169173,2.66895
2.35446,0.00161769,2.6754
2.34734,0.00163354,2.66825
2.48791,0.00161378,2.80851
2.3612,0.00161859,2.6823
2.34064,0.00162147,2.6617
2.30813,0.00166669,2.62941
2.30195,0.00162563,2.62285
2.37174,0.00162977,2.69294
2.36743,0.00168037,2.68919
2.35505,0.00162338,2.67653
2.31607,0.00161573,2.63733
2.34854,0.00173291,2.66962
3.11252,0.00164571,3.43491
2.3461,0.00162131,2.66712
2.4251,0.00169197,2.74651
2.315,0.00165405,2.63636
2.3628,0.0016148,2.68363
2.36033,0.00171654,2.6816
2.33784,0.00161701,2.6588
2.44822,0.00161837,2.76934
2.34228,0.00180447,2.66349
2.33865,0.00165868,2.66013
2.38735,0.00163238,2.70828
2.36248,0.00162028,2.6838
2.55827,0.0017685,2.88009
2.34014,0.00162071,2.66114
2.33162,0.00162264,2.65324
2.35029,0.00161606,2.67147
2.32289,0.00172092,2.64445
2.30722,0.00162119,2.62806
2.3512,0.00161498,2.6725
2.31199,0.00161249,2.63308
2.34149,0.00161475,2.66263
2.40388,0.00171324,2.72531
2.30245,0.00163557,2.62348
2.35966,0.00162048,2.68054
2.34181,0.001612,2.66225
2.39383,0.00161628,2.71471
2.30307,0.00165284,2.62402
2.33851,0.00161115,2.65952
2.35473,0.00161295,2.67579
2.31517,0.00160962,2.63635
2.34127,0.00161519,2.66242
2.35575,0.00168516,2.67718
2.36152,0.00162302,2.68335
5 threads per task
2.34854,0.00143211,2.66954
2.43522,0.00145636,2.75605
2.3699,0.00146134,2.69094
2.31377,0.00136989,2.63475
2.38286,0.00140703,2.70458
2.31253,0.00136903,2.63327
2.34384,0.00138574,2.66464
2.3081,0.00140158,2.62909
2.31712,0.00139295,2.63816
2.30069,0.00137304,2.62174
2.41683,0.00139767,2.73798
2.39317,0.00139315,2.71364
2.32947,0.00136908,2.64993
2.33673,0.00137689,2.6575
2.31667,0.00137848,2.63748
2.42762,0.00138611,2.74842
2.32089,0.00146286,2.64165
2.33906,0.00138969,2.65981
2.30086,0.00137656,2.62173
2.35067,0.00137024,2.67328
2.36353,0.0014027,2.68401
2.39123,0.00177587,2.71279
2.35348,0.00178847,2.67499
2.34472,0.00136969,2.66568
2.35786,0.00136641,2.67855
2.35432,0.00144335,2.67481
2.34809,0.00155955,2.6692
2.36179,0.00137405,2.68305
2.34026,0.00136931,2.66173
2.31099,0.00146549,2.63186
2.3586,0.00145553,2.67966
2.39418,0.00138837,2.71512
2.38157,0.00137611,2.70237
2.31156,0.00147015,2.63249
2.32921,0.00144605,2.65032
2.34958,0.00138169,2.67065
2.34891,0.0013679,2.66877
2.38439,0.00137213,2.70467
2.30578,0.00148208,2.62724
2.34924,0.00138375,2.67039
2.34466,0.00143066,2.66551
2.34178,0.00136567,2.66314
2.30959,0.00142138,2.63036
2.36171,0.00137211,2.68289
2.35464,0.00139374,2.67513
2.34835,0.00136452,2.66909
2.31042,0.00138291,2.63116
2.312,0.00144644,2.63339
2.34382,0.00140112,2.66438
2.34514,0.00137207,2.666
2.31048,0.00143152,2.63117
6 threads per task
2.34565,0.00128191,2.66644
2.36145,0.00130296,2.68229
2.35336,0.00125294,2.67404
2.34724,0.00126997,2.66829
2.31335,0.00121182,2.63429
2.31337,0.00131098,2.63447
2.39675,0.00125941,2.71741
2.3134,0.00126408,2.63454
2.32336,0.00130933,2.64523
2.43333,0.00121827,2.75399
2.34199,0.00121521,2.66284
2.31162,0.00129482,2.63305
2.35166,0.00128989,2.67281
2.30423,0.00121182,2.62501
2.30046,0.00162795,2.62187
2.30301,0.00127021,2.62378
2.31177,0.00125143,2.63266
2.36551,0.00126154,2.68632
2.38737,0.0012609,2.70827
2.4467,0.00130055,2.76753
2.3418,0.00130155,2.66252
2.35303,0.00127336,2.67482
2.31199,0.00121396,2.6326
2.35016,0.00124107,2.67044
2.34401,0.00125246,2.66474
2.35997,0.00124938,2.68067
2.31537,0.00126924,2.63616
2.318,0.00129419,2.63887
2.31453,0.00125616,2.63509
2.31763,0.00129548,2.63853
2.3037,0.00126845,2.62417
2.36554,0.00129569,2.68666
2.31395,0.00126736,2.63408
2.35971,0.00126981,2.68071
2.35116,0.00120968,2.67179
2.3575,0.00129441,2.67804
2.36258,0.00133493,2.68366
2.30058,0.00121901,2.62099
2.29392,0.00128733,2.61493
2.31434,0.00127373,2.63566
2.32401,0.00121714,2.64469
2.3566,0.00120736,2.67723
2.33805,0.00124275,2.65842
2.35465,0.00125761,2.67617
2.35571,0.0012537,2.67672
2.43447,0.00124502,2.75515
2.31561,0.00121168,2.63674
2.3048,0.00125984,2.62636
2.42245,0.0012586,2.74273
2.36127,0.00129683,2.68197
2.33719,0.00121163,2.65781
7 threads per task
2.33282,0.00119938,2.6533
2.35269,0.00121756,2.67379
2.34849,0.00105935,2.66936
2.33881,0.00121669,2.65939
2.32333,0.00118283,2.64359
2.32963,0.0010584,2.64983
2.3619,0.00106496,2.68236
2.35095,0.00120937,2.67153
2.33401,0.00119367,2.65493
2.32983,0.00121217,2.65035
2.3007,0.00120998,2.62173
2.3342,0.00105613,2.65447
2.31649,0.00121339,2.63802
2.34209,0.00106291,2.66218
2.3618,0.00119648,2.68241
2.35397,0.00119755,2.67434
2.32101,0.00119464,2.64275
2.31773,0.0012165,2.63867
2.33255,0.00105611,2.65321
2.34408,0.00120946,2.66538
2.31043,0.00106585,2.63117
2.41541,0.00111187,2.73625
2.31361,0.00120666,2.63451
2.34198,0.00123902,2.66277
2.427,0.00120479,2.74827
2.35819,0.0012217,2.6786
2.34189,0.00120092,2.66337
2.32747,0.00121227,2.64778
2.34818,0.00118597,2.66907
2.34267,0.00113275,2.66336
2.3219,0.00120003,2.64252
2.38668,0.00106844,2.7072
2.30775,0.00118744,2.62847
2.30955,0.00121168,2.63071
2.34524,0.00117904,2.66522
2.34923,0.00121,2.6701
2.3249,0.00125078,2.64575
2.34519,0.001213,2.66648
2.34377,0.00116675,2.66425
2.34902,0.00107042,2.66904
2.34094,0.00115219,2.6637
2.34537,0.00106475,2.66552
2.31022,0.0010621,2.63101
2.35215,0.00121732,2.67304
2.30628,0.00120363,2.62735
2.45817,0.00122254,2.7789
2.34966,0.00113364,2.67015
2.35351,0.00121887,2.674
2.36484,0.00123669,2.68582
2.35133,0.00122667,2.67181
2.32006,0.00119454,2.64085
8 threads per task
2.3277,0.0011939,2.64861
2.35774,0.000975388,2.67882
2.30758,0.00107123,2.62814
2.3037,0.00112701,2.62413
2.36005,0.00114607,2.68023
2.34406,0.000960401,2.66438
2.34584,0.00113816,2.66653
2.35719,0.000970043,2.67775
2.33218,0.00104406,2.65268
2.3043,0.00114791,2.62518
2.43665,0.000968534,2.75703
2.30509,0.00114369,2.62605
2.35009,0.00114736,2.67052
2.31158,0.000973326,2.6323
2.33606,0.00114609,2.65627
2.3165,0.00114556,2.63711
2.38205,0.0011371,2.70261
2.34608,0.00103527,2.66659
2.34423,0.000968792,2.66489
2.40037,0.00101344,2.72074
2.30804,0.00114856,2.62873
2.30047,0.00114059,2.62108
2.35558,0.00115736,2.67624
2.3703,0.00113836,2.69098
2.31608,0.00108,2.63627
2.34738,0.00114681,2.66797
2.38434,0.00110564,2.70471
2.30575,0.0010828,2.62707
2.32688,0.000990135,2.64738
2.35685,0.00113949,2.67728
2.34879,0.00115986,2.66986
2.30694,0.00107627,2.62773
2.31545,0.00119201,2.63596
2.35948,0.00112559,2.68004
2.42808,0.00114236,2.74895
2.32297,0.00114067,2.64415
2.3579,0.00108241,2.67811
2.36183,0.00103022,2.68202
2.35294,0.00114169,2.67327
2.30977,0.00103728,2.6305
2.35772,0.00115407,2.67841
2.35678,0.00100348,2.67681
2.35936,0.0011425,2.67982
2.34943,0.00114515,2.66997
2.3514,0.00107929,2.67171
2.35799,0.00115618,2.6786
2.34739,0.000985438,2.66783
2.39142,0.00119836,2.71206
2.36981,0.00135658,2.6904
2.3415,0.000976731,2.66194
2.31322,0.00106993,2.63373
3 tasks per node
1 threads per task
2.40822,0.0047117,2.73032
2.37664,0.00471146,2.6992
2.44858,0.00459216,2.77101
2.51279,0.00464379,2.835
2.47491,0.00464973,2.79725
2.42142,0.00462079,2.74442
2.43421,0.00467008,2.75664
2.38765,0.00466349,2.70979
2.42726,0.00465367,2.75025
2.44223,0.00462708,2.76488
2.43557,0.00464121,2.75772
2.39145,0.00470304,2.71396
2.39989,0.00464962,2.72228
2.39457,0.00460443,2.71717
2.38256,0.00469452,2.70501
2.43232,0.00460277,2.75484
2.38061,0.0046459,2.70268
2.38073,0.00460303,2.70285
2.41744,0.00479509,2.73982
2.42127,0.00460036,2.74385
2.40266,0.00475546,2.72527
2.43067,0.00466788,2.7538
2.37311,0.00464461,2.69528
2.37564,0.00460307,2.69779
2.5151,0.00460716,2.83744
2.4836,0.00463619,2.80732
2.38419,0.00460839,2.70658
2.41625,0.00460165,2.73847
2.44398,0.00475471,2.76642
2.42209,0.00466848,2.74576
2.42399,0.00466756,2.7467
2.37445,0.00461196,2.69773
2.40288,0.00466619,2.72512
2.42879,0.00456826,2.7508
2.37039,0.00482952,2.69282
2.41329,0.0046621,2.73597
2.42152,0.00473191,2.74407
2.39123,0.00460132,2.71393
2.4131,0.00467655,2.73535
2.41861,0.00459822,2.74314
2.41311,0.0046476,2.73558
2.3868,0.00462398,2.71009
2.42981,0.00473165,2.75259
2.42466,0.00474711,2.74773
2.41333,0.00491893,2.7362
2.39603,0.00480492,2.71836
2.48759,0.00456021,2.80964
2.37612,0.00460736,2.69863
2.37262,0.00459516,2.69521
2.41276,0.00466495,2.73517
2.37087,0.0047067,2.69334
2 threads per task
2.50602,0.00299336,2.82646
2.39405,0.00296182,2.71454
2.44482,0.00297082,2.76524
2.42736,0.00293456,2.74777
2.46808,0.00290058,2.78856
2.68498,0.00294138,3.00534
2.38065,0.00287131,2.70118
2.45921,0.00284648,2.77953
2.37557,0.00295804,2.69607
2.41865,0.00287529,2.73897
2.42451,0.00290412,2.74521
2.50667,0.0028666,2.82762
2.41977,0.00286269,2.74076
2.41091,0.00295396,2.73175
2.44606,0.00296493,2.76754
2.4336,0.00286816,2.75592
2.38797,0.00284128,2.70933
2.49574,0.00286783,2.81623
2.43403,0.0029485,2.75449
2.44609,0.00297843,2.76718
2.41235,0.00304204,2.73304
2.50071,0.00289329,2.8217
2.43513,0.00292963,2.75584
2.44855,0.00288172,2.76892
2.42427,0.00297856,2.74505
2.42491,0.00288229,2.74597
2.40744,0.00296091,2.72796
2.53422,0.00292577,2.85468
2.46224,0.00292461,2.78324
2.43886,0.00293909,2.75983
2.41422,0.00287653,2.73453
2.45729,0.0029207,2.77805
2.46222,0.00287747,2.78301
2.4283,0.00288517,2.74973
2.38091,0.0029537,2.70185
2.41932,0.00296661,2.73991
2.39722,0.00285742,2.71694
2.42908,0.00286068,2.74941
2.42185,0.00285793,2.74264
2.39242,0.002951,2.7129
2.42171,0.0029276,2.74253
2.45353,0.00302512,2.77421
2.41737,0.00287105,2.73825
2.39306,0.00284875,2.71399
2.38518,0.00287378,2.70604
2.53253,0.00293045,2.85314
2.41651,0.00286087,2.73689
2.4182,0.00292258,2.73826
2.37243,0.00297157,2.69303
2.42612,0.00286044,2.74689
2.38105,0.00290365,2.7015
3 threads per task
2.4765,0.00206188,2.79793
2.4232,0.00206791,2.7431
2.49842,0.00206461,2.8188
2.41584,0.00205678,2.73564
2.41803,0.00216346,2.73768
2.37588,0.00207785,2.69568
2.41954,0.00206049,2.73917
2.42234,0.00206754,2.74289
2.41108,0.00205918,2.7312
2.37302,0.00228055,2.69437
2.45094,0.00213679,2.77086
2.42141,0.00206135,2.74145
2.43517,0.00206259,2.75541
2.39066,0.00205629,2.7106
2.42031,0.00205677,2.74005
2.42253,0.00205658,2.74231
2.38397,0.00206633,2.70457
2.38338,0.00212424,2.70345
2.45511,0.00206353,2.77489
2.44747,0.00205895,2.76719
2.37851,0.00207341,2.69824
2.43004,0.00205727,2.75069
2.41536,0.00205818,2.73527
2.42454,0.00205963,2.74521
2.41872,0.00216866,2.73851
2.38435,0.00211114,2.70405
2.38128,0.00204993,2.70141
2.42794,0.00206876,2.74781
2.38046,0.00206083,2.70022
2.38158,0.00209009,2.70127
2.43802,0.00206237,2.7583
2.43214,0.00225757,2.75306
2.39128,0.00210081,2.71118
2.51269,0.00210185,2.83299
2.4299,0.00209961,2.7503
2.42252,0.00211618,2.74216
2.42557,0.00207681,2.74534
2.47622,0.00209577,2.79574
2.43539,0.00209596,2.75578
2.47281,0.00209272,2.79256
2.42018,0.00215944,2.74032
2.44383,0.00209244,2.76341
2.41484,0.00205552,2.7344
2.42524,0.00206488,2.74486
2.37255,0.00221625,2.69217
2.44178,0.00209435,2.76193
2.41843,0.00215345,2.73932
2.42623,0.0020722,2.74615
2.39012,0.00216751,2.71017
2.45653,0.00210086,2.77666
2.41497,0.00206163,2.73525
4 threads per task
2.43254,0.00169341,2.75194
2.4193,0.00194244,2.73884
2.42367,0.00168,2.74331
2.38721,0.00174285,2.70712
2.45824,0.00167338,2.77867
2.37056,0.001854,2.69009
2.38019,0.0017058,2.70006
2.4235,0.00184016,2.74313
2.41694,0.00166205,2.73609
2.43352,0.00166798,2.75323
2.45858,0.00169805,2.77866
2.42516,0.00166821,2.74447
2.47375,0.00166861,2.79357
2.42254,0.00167018,2.74187
2.42603,0.00170247,2.74554
2.43766,0.0016665,2.75697
2.43367,0.00176073,2.75333
2.49287,0.00174902,2.81248
2.40794,0.00167197,2.72751
2.41418,0.00167296,2.73326
2.47716,0.0016823,2.79642
2.4156,0.00175001,2.73522
2.44757,0.00168643,2.76752
2.44604,0.00167162,2.76573
2.40928,0.00174712,2.72838
2.42539,0.00175724,2.74522
2.45257,0.00166933,2.77197
2.39606,0.00166424,2.71548
2.44524,0.00166967,2.76443
2.49038,0.00170661,2.81067
2.44431,0.00166371,2.76369
2.36826,0.00169835,2.68805
2.42623,0.00167394,2.74554
2.42446,0.00169036,2.74436
2.46138,0.00167147,2.78084
2.46261,0.00168366,2.78142
2.37003,0.0016715,2.68927
2.43047,0.00168268,2.75176
2.37939,0.0017339,2.69884
2.42711,0.00182632,2.74714
2.42555,0.00166291,2.74621
2.41951,0.00166429,2.73883
2.44427,0.00173979,2.76383
2.41889,0.0016774,2.7383
2.37367,0.00188444,2.69336
2.41064,0.00167012,2.72992
2.42997,0.00168567,2.74906
2.37458,0.00167496,2.69385
2.42302,0.00175234,2.74226
2.41481,0.00170489,2.7347
2.38047,0.00201216,2.70008
5 threads per task
2.42063,0.00138806,2.73951
2.45351,0.00138966,2.77297
2.42606,0.00138648,2.74532
2.42071,0.00149756,2.73984
2.38319,0.00137595,2.70285
2.42057,0.00137513,2.73978
2.46358,0.00137515,2.78255
2.41838,0.00140615,2.73878
2.4238,0.0013846,2.74306
2.45449,0.00137757,2.77371
2.37381,0.00143079,2.69299
2.43362,0.00139402,2.75265
2.38182,0.00138525,2.70097
2.43823,0.00137534,2.75755
2.40417,0.00138017,2.72393
2.43544,0.00138908,2.75442
2.39865,0.0013799,2.71779
2.48765,0.00138214,2.80633
2.40239,0.00140206,2.72169
2.4229,0.00145866,2.74183
2.3897,0.00140749,2.70871
2.39524,0.00155479,2.71479
2.43215,0.00138872,2.75137
2.43188,0.00138659,2.7506
2.42039,0.0013789,2.7397
2.42713,0.00138835,2.74607
2.46565,0.00147573,2.78474
2.43582,0.00137284,2.75543
2.41917,0.00137528,2.73823
2.43152,0.00148277,2.7507
2.41306,0.00146692,2.73215
2.42072,0.00144067,2.74009
2.44235,0.00139777,2.76127
2.42106,0.00139322,2.74088
2.42422,0.0013844,2.74348
2.37838,0.00147027,2.69893
2.4163,0.00143943,2.73525
2.43308,0.0013865,2.75215
2.53296,0.00146126,2.85252
2.4145,0.00138113,2.73397
2.41706,0.00138518,2.73601
2.50599,0.00139487,2.82534
2.45368,0.00138319,2.77284
2.38776,0.00138442,2.70704
2.3874,0.00167901,2.70703
2.42132,0.00139394,2.74034
2.40062,0.00137689,2.72002
2.46464,0.00145611,2.78371
2.42405,0.00146073,2.74312
2.41754,0.00139614,2.73647
2.45129,0.00142462,2.77036
6 threads per task
2.42365,0.00128859,2.74239
2.38995,0.00125874,2.70928
2.43417,0.00161596,2.75377
2.42067,0.00127657,2.74005
2.4737,0.00122639,2.79332
2.42007,0.00143451,2.73932
2.38059,0.00122148,2.69934
2.43238,0.00122107,2.7513
2.39148,0.00128691,2.71046
2.42245,0.00128177,2.74125
2.38254,0.00121598,2.70149
2.41828,0.00121762,2.73711
2.41396,0.00122281,2.7327
2.46464,0.00125788,2.78383
2.39916,0.00124437,2.71811
2.39213,0.00129183,2.71199
2.43603,0.0012809,2.75546
2.41992,0.00124916,2.73918
2.41424,0.00121409,2.73321
2.43785,0.0012398,2.75723
2.49964,0.00122001,2.81872
2.49853,0.00123031,2.81754
2.401,0.00127409,2.72018
2.41856,0.00125396,2.73761
2.42391,0.00125065,2.74244
2.528,0.00122379,2.84837
2.40194,0.00136284,2.72094
2.44011,0.00131965,2.75865
2.39941,0.00121769,2.71817
2.41938,0.00125646,2.73814
2.41051,0.00124473,2.7295
2.3753,0.00125677,2.69457
2.52906,0.00130166,2.84836
2.39538,0.00125502,2.71474
2.43764,0.00133304,2.75677
2.46326,0.00125152,2.78244
2.45131,0.00121844,2.77071
2.37521,0.00132098,2.69517
2.45605,0.00122038,2.77578
2.41398,0.00140435,2.73324
2.42018,0.00124005,2.73984
2.38324,0.00123335,2.70224
2.39501,0.00124948,2.71432
2.42167,0.00127871,2.74259
2.42104,0.00121634,2.7413
2.40893,0.00130582,2.72812
2.38049,0.0012394,2.6999
2.39437,0.0012753,2.71325
2.48687,0.00121746,2.80572
2.46839,0.00122332,2.78719
2.41882,0.00124944,2.73782
7 threads per task
2.37933,0.00116424,2.69943
2.43561,0.00117271,2.75462
2.41005,0.00108182,2.72867
2.48302,0.0010769,2.80165
2.41843,0.00108259,2.73735
2.53473,0.00119047,2.85384
2.43564,0.00116535,2.75447
2.4406,0.00115957,2.75945
2.4339,0.00155098,2.75404
2.41886,0.0011816,2.73749
2.39412,0.00105238,2.71409
2.40389,0.00107603,2.72268
2.41973,0.00114059,2.73864
2.38199,0.0011427,2.70232
2.39837,0.0010882,2.71677
2.41804,0.00117684,2.7372
2.42278,0.00117795,2.74142
2.49893,0.00114062,2.81859
2.43153,0.00108874,2.75027
2.43129,0.00118383,2.75043
2.46099,0.0011804,2.77992
2.53602,0.00115376,2.85593
2.41033,0.00107523,2.73011
2.42184,0.0011669,2.74059
2.37567,0.00114183,2.69493
2.42354,0.00117696,2.74219
2.48858,0.00119006,2.80768
2.41683,0.00117497,2.73541
2.46806,0.00108012,2.78665
2.43263,0.00108175,2.75166
2.41509,0.00119178,2.7344
2.44089,0.00107628,2.75961
2.37776,0.00108079,2.69626
2.38662,0.00107762,2.70528
2.38435,0.00107079,2.70434
2.40627,0.00117034,2.72561
2.4453,0.00112109,2.76449
2.41424,0.00118812,2.7341
2.42097,0.00105333,2.74022
2.46294,0.00117987,2.78186
2.41041,0.00118387,2.72915
2.41863,0.00116801,2.73744
2.37315,0.00118189,2.6923
2.41019,0.00116075,2.72899
2.45317,0.00109897,2.77219
2.53595,0.00108472,2.85514
2.37568,0.00123254,2.69495
2.4819,0.00116489,2.80158
2.41611,0.00113426,2.73526
2.41612,0.00116027,2.73515
2.53308,0.00119739,2.85235
8 threads per task
2.42593,0.00599036,2.74964
2.41371,0.00599226,2.73719
2.44729,0.00601098,2.77142
2.42585,0.00596711,2.7499
2.4121,0.00601221,2.7367
2.3738,0.00600402,2.69759
2.41617,0.00600982,2.74078
2.4587,0.00600281,2.78224
2.41235,0.00599424,2.73605
3.27062,0.00596463,3.59401
2.37256,0.00600997,2.69632
2.41081,0.00448352,2.73276
2.47263,0.00607799,2.79652
2.38231,0.00606639,2.70591
2.47321,0.00600176,2.79725
2.44368,0.00442436,2.76558
2.36951,0.00603066,2.69321
2.40143,0.00600652,2.72521
2.37264,0.00599746,2.69657
2.41776,0.00599389,2.74149
2.43172,0.00603854,2.75521
2.41464,0.00601854,2.73808
2.38394,0.00598984,2.70796
2.41299,0.00601723,2.73663
2.44446,0.00601743,2.76874
2.41608,0.00599416,2.73973
2.39169,0.00605448,2.71549
2.46787,0.00424334,2.78926
2.40967,0.00600881,2.73332
2.41984,0.00598117,2.74319
2.43134,0.00603035,2.75538
2.39039,0.00600387,2.71453
2.44252,0.00602008,2.76622
2.40657,0.00600108,2.72976
2.41376,0.00601356,2.73763
2.42347,0.00598785,2.74749
2.39813,0.00598977,2.72189
2.37667,0.00600886,2.70019
2.39014,0.00599857,2.71346
2.45578,0.00599262,2.77975
2.53526,0.00593766,2.85887
2.42297,0.00599959,2.7472
2.49646,0.00600359,2.82018
2.42782,0.00601142,2.75131
2.49998,0.00598043,2.82333
2.46558,0.00603968,2.78949
2.3928,0.00601734,2.71671
2.49602,0.00598863,2.81968
2.43407,0.0059761,2.75801
2.43207,0.0060106,2.75619
2.44046,0.00595895,2.76408
4 tasks per node
1 threads per task
2.38093,0.00456798,2.4159
2.40967,0.0046012,2.44474
2.37199,0.00463643,2.40762
2.41328,0.00471847,2.44881
2.42759,0.00457663,2.46301
2.38681,0.0045684,2.4223
2.44072,0.00480497,2.47645
2.37432,0.00458519,2.40971
2.41813,0.00456714,2.45381
2.3903,0.00457327,2.42573
2.38286,0.00463589,2.41823
2.46049,0.00469584,2.49649
2.42514,0.00456408,2.46049
2.47122,0.0045613,2.50658
2.45467,0.00471013,2.49046
2.39185,0.00472631,2.42744
2.40627,0.0046101,2.4423
2.41662,0.00456602,2.45196
2.41842,0.0047012,2.45394
2.43055,0.00457099,2.46605
2.43027,0.00457181,2.46558
2.4073,0.00457799,2.44244
2.42862,0.0045634,2.46406
2.3737,0.00470464,2.4093
2.36445,0.00477621,2.40009
2.40718,0.00456488,2.44259
2.42988,0.00456598,2.46502
2.38778,0.00456049,2.42257
2.40614,0.00468812,2.44131
2.37214,0.00488516,2.408
2.42015,0.00509818,2.45681
2.42732,0.00455881,2.46277
2.50523,0.00457311,2.54076
2.40543,0.00470669,2.44057
2.41817,0.00466153,2.45363
2.36713,0.00457228,2.40285
2.36453,0.00456291,2.40032
2.43887,0.00469618,2.47439
2.4041,0.00474944,2.44016
2.36765,0.00477978,2.40317
2.35739,0.0048712,2.39316
2.40731,0.00456571,2.44303
2.40841,0.00477608,2.44369
2.41762,0.00475345,2.45293
2.3752,0.00459882,2.41124
2.42852,0.00464201,2.46434
2.45242,0.00456409,2.48775
2.43641,0.00473237,2.47233
2.38188,0.00457604,2.4171
2.36765,0.00456316,2.40303
2.45395,0.00457359,2.4896
2 threads per task
2.40095,0.00328145,2.43513
2.41977,0.00291941,2.45385
2.40475,0.00297153,2.43891
2.40665,0.00317017,2.44097
2.40791,0.00295596,2.44169
2.40546,0.00295792,2.43897
2.36182,0.00292377,2.39597
2.3876,0.0034503,2.42169
2.50101,0.00305429,2.53497
2.39111,0.00366184,2.42569
2.37101,0.00350733,2.40543
2.3765,0.00325908,2.41038
2.45256,0.00366156,2.48756
2.42165,0.00290995,2.45567
2.41274,0.00409813,2.4477
2.40729,0.00292586,2.44109
2.42057,0.00314357,2.4546
2.42499,0.00308925,2.45874
2.40114,0.00312401,2.4348
2.41838,0.00358831,2.45272
2.43458,0.00398785,2.46935
2.3844,0.00487334,2.42013
2.42483,0.00481096,2.46074
2.45386,0.00465986,2.48944
2.43711,0.0031917,2.4712
2.37488,0.00327529,2.40906
2.41124,0.00376138,2.44582
2.36702,0.00292709,2.40045
2.36839,0.00347604,2.40285
2.3731,0.00291104,2.40695
2.45946,0.00291012,2.49306
2.37263,0.00292407,2.40675
2.37607,0.00296644,2.40991
2.40433,0.00496517,2.44007
2.41488,0.00363714,2.44907
2.45077,0.00381486,2.48546
2.42861,0.00482528,2.46415
2.36021,0.00290974,2.39362
2.37245,0.00409525,2.40739
2.41085,0.00329439,2.44489
2.42097,0.00291117,2.45477
2.38324,0.00313659,2.41761
2.40141,0.00317242,2.43563
2.42818,0.00293292,2.46185
2.40646,0.00293379,2.4404
2.40398,0.00381761,2.43943
2.4221,0.00376261,2.45668
2.40651,0.00290108,2.43973
2.42331,0.00350181,2.45733
2.43521,0.00485763,2.47085
2.3679,0.00391283,2.40296
3 threads per task
2.41015,0.00213814,2.44304
2.39495,0.00236191,2.42796
2.37314,0.00413997,2.40806
2.37851,0.00284375,2.41232
2.4194,0.00298911,2.45336
2.44144,0.0028135,2.47509
2.42762,0.00241297,2.46096
2.63254,0.00243024,2.66577
2.36603,0.00251368,2.39937
2.4318,0.00297182,2.4652
2.40232,0.00246455,2.43605
2.39501,0.00211985,2.42797
2.40767,0.00387913,2.44246
2.36857,0.00405751,2.4035
2.40376,0.00260904,2.4372
2.43569,0.00277867,2.46911
2.43042,0.00211616,2.46326
2.42905,0.00312973,2.46302
2.37411,0.00291281,2.4078
2.38406,0.00254633,2.41751
2.37372,0.00421433,2.40839
2.36712,0.0041864,2.40206
2.3728,0.00317456,2.40681
2.49612,0.00228719,2.52919
2.40661,0.00277751,2.43995
2.37717,0.00213716,2.41016
2.41779,0.00224274,2.45084
2.37755,0.0043836,2.41272
2.41323,0.00498747,2.44921
2.40851,0.00307863,2.44247
2.45393,0.00229287,2.48712
2.43196,0.00212579,2.46527
2.44622,0.00221406,2.47929
2.39533,0.00406079,2.43029
2.41274,0.00254751,2.44579
2.42372,0.0030231,2.4579
2.37741,0.00273129,2.41095
2.53332,0.00486766,2.56902
2.42583,0.00348583,2.46011
2.40809,0.00283576,2.44198
2.40614,0.00210003,2.43928
2.40321,0.00288494,2.43695
2.43494,0.00390765,2.46934
2.40888,0.00326363,2.44324
2.62072,0.00318656,2.6549
2.38848,0.00230042,2.42172
2.41487,0.00409703,2.44983
2.39544,0.00389749,2.43031
2.40824,0.00292648,2.44212
2.44811,0.00594285,2.48488
2.42197,0.00270064,2.45561
4 threads per task
2.41629,0.0026648,2.45051
2.42308,0.00177743,2.45506
2.41908,0.00236133,2.45237
2.4158,0.00372624,2.45031
2.37259,0.00175503,2.40518
2.41821,0.00334231,2.45238
2.43836,0.0026678,2.47203
2.41232,0.00223556,2.44509
2.42654,0.00313066,2.46045
2.36377,0.00165085,2.397
2.4082,0.00365736,2.44257
2.44686,0.00323951,2.48101
2.43256,0.00251725,2.46559
2.42125,0.00524196,2.45739
2.42542,0.00234882,2.45911
2.40776,0.00362495,2.44218
2.44262,0.003993,2.47722
2.41331,0.00326324,2.44745
2.3674,0.00516371,2.40341
2.41527,0.00237558,2.4484
2.43835,0.00249637,2.47134
2.36695,0.00215634,2.40001
2.38984,0.00167802,2.42236
2.42636,0.00265702,2.45987
2.38207,0.00220418,2.41464
2.4128,0.00411933,2.44773
2.37463,0.00417462,2.4096
2.4157,0.00233784,2.44896
2.53663,0.00459682,2.57216
2.45218,0.00239919,2.48634
2.4036,0.00188081,2.43619
2.41319,0.00167854,2.4457
2.3665,0.00215838,2.39951
2.40009,0.00577582,2.43643
2.40525,0.00168853,2.43753
2.40941,0.00333054,2.4437
2.37623,0.00358559,2.41055
2.39905,0.00213803,2.43167
2.41874,0.00415822,2.45391
2.41787,0.00375702,2.452
2.39844,0.00268307,2.43195
2.39691,0.00230078,2.43003
2.39273,0.00238906,2.4256
2.36376,0.00287151,2.3976
2.41223,0.00251452,2.44568
2.44037,0.0037966,2.47493
2.48105,0.00251543,2.51434
2.40684,0.00247125,2.44035
2.41799,0.00206373,2.45065
2.41391,0.00363289,2.4484
2.4227,0.00210408,2.45535
5 threads per task
2.47761,0.00348481,2.51198
2.40061,0.00187432,2.43306
2.4106,0.00537089,2.44669
2.4291,0.00563068,2.46651
2.4124,0.00353657,2.44732
2.45952,0.00330787,2.49409
2.40825,0.00337003,2.44246
2.3846,0.00328913,2.41901
2.40779,0.00155004,2.4401
2.40402,0.00204163,2.43697
2.45707,0.00311698,2.49086
2.43455,0.00445672,2.46988
2.3961,0.0113878,2.43787
2.42755,0.0029897,2.46168
2.4015,0.00380938,2.43607
2.38948,0.00471577,2.42458
2.40999,0.00344355,2.44442
2.40936,0.00569297,2.44633
2.42589,0.00335804,2.46014
2.40309,0.00481861,2.43829
2.43212,0.00388297,2.46681
2.47574,0.00425599,2.51091
2.42174,0.00385899,2.45638
2.41229,0.00162198,2.44506
2.41201,0.00376779,2.44694
2.43543,0.0041734,2.47036
2.37892,0.00786972,2.41759
2.37528,0.00354969,2.40965
2.43587,0.00366361,2.47035
2.42172,0.00363401,2.45602
2.4643,0.00338274,2.49843
2.41963,0.00507815,2.45568
2.37152,0.00402684,2.40597
2.39935,0.00533153,2.43541
2.45624,0.00216478,2.48978
2.42014,0.0035176,2.45453
2.37718,0.00512981,2.41317
2.43694,0.00533753,2.47276
2.46074,0.00342491,2.49495
2.36254,0.00521331,2.39852
2.42167,0.00341083,2.45594
2.40919,0.00175413,2.44186
2.45631,0.00338428,2.49047
2.37846,0.00540956,2.41473
2.42057,0.00543195,2.45688
2.37147,0.00503186,2.40722
2.4424,0.00542043,2.47898
2.41046,0.00535463,2.44654
2.41765,0.00321789,2.45168
2.39507,0.00243599,2.42833
2.45012,0.00217792,2.48316
6 threads per task
2.41111,0.00500898,2.44702
2.42397,0.00516841,2.4605
2.40266,0.00568226,2.43941
2.40529,0.00499856,2.44089
2.42146,0.00514079,2.45783
2.42388,0.00494865,2.45995
2.38857,0.00503338,2.4244
2.3956,0.00619546,2.43269
2.41085,0.00535457,2.44679
2.37472,0.00500786,2.41046
2.38341,0.00617395,2.42007
2.41198,0.00499726,2.44818
2.40953,0.00426811,2.44469
2.44786,0.00502122,2.48331
2.38676,0.00524943,2.42276
2.39287,0.00607334,2.43014
2.45801,0.00350243,2.49236
2.41401,0.00512763,2.44986
2.426,0.00531286,2.4626
2.40402,0.00506981,2.43992
2.40489,0.00411693,2.44009
2.43277,0.00298977,2.46661
2.4497,0.00611669,2.48627
2.35907,0.0049997,2.39482
2.45846,0.00543588,2.49494
2.39468,0.00478013,2.43029
2.41537,0.00502606,2.45082
2.4193,0.00501561,2.45544
2.42536,0.00502878,2.46149
2.4159,0.00503053,2.45185
2.41422,0.00567821,2.45069
2.42788,0.00503153,2.46402
2.42576,0.00503723,2.46186
2.43394,0.00388242,2.46849
2.43482,0.00604244,2.4719
2.40952,0.00542553,2.44608
2.41554,0.00366015,2.45005
2.43365,0.00481118,2.46941
2.37408,0.00502339,2.41014
2.45481,0.00502265,2.49044
2.4203,0.00503348,2.45583
2.41615,0.0045762,2.45112
2.40055,0.00521711,2.4363
2.38621,0.00487887,2.42221
2.38533,0.00502123,2.42155
2.39506,0.00533781,2.4313
2.39537,0.0046102,2.43083
2.39431,0.00502905,2.43025
2.42409,0.00639586,2.46136
2.41588,0.00472514,2.45131
2.40679,0.00513642,2.44233
7 threads per task
2.40736,0.00633573,2.44455
2.37087,0.00495648,2.40666
2.41222,0.00498483,2.44791
2.38014,0.00495728,2.41579
2.43161,0.00743028,2.46969
2.44935,0.00495996,2.48508
2.42108,0.00479988,2.45732
2.40933,0.00478291,2.44465
2.41789,0.0049674,2.45375
2.37257,0.00557834,2.40837
2.36894,0.00478196,2.40468
2.36596,0.00593667,2.40282
2.43281,0.00495049,2.46852
2.41625,0.00475282,2.45139
2.43496,0.00479789,2.4706
2.41221,0.00602701,2.44957
2.37436,0.00477658,2.4101
2.3769,0.00478771,2.41282
2.39973,0.00575497,2.43611
2.41191,0.00727275,2.4499
2.36953,0.00592819,2.40642
2.37993,0.00661288,2.41703
2.42716,0.00502846,2.46298
2.42234,0.00592347,2.45922
2.38759,0.00491035,2.42335
2.40129,0.00475713,2.43663
2.4277,0.00476686,2.46331
2.37214,0.00489827,2.40779
2.41319,0.00515873,2.44923
2.41552,0.00494074,2.45123
2.37372,0.00453681,2.40916
2.37981,0.00673111,2.41767
2.40061,0.00479192,2.43623
2.42744,0.00494629,2.46328
2.40701,0.00495942,2.44269
2.4302,0.0049219,2.46604
2.41888,0.00494963,2.45504
2.41462,0.0049517,2.45038
2.42562,0.00509298,2.46149
2.4197,0.00452998,2.45479
2.42143,0.00693498,2.45922
2.3704,0.0065715,2.40777
2.40652,0.00494312,2.44189
2.37249,0.00667942,2.40989
2.4296,0.00624702,2.46662
2.36566,0.00772292,2.40375
2.38202,0.00668933,2.41952
2.41224,0.00493994,2.44807
2.41565,0.00475351,2.45163
2.37199,0.00591621,2.40872
2.40758,0.00506727,2.4434
8 threads per task
2.42019,0.0046373,2.45491
2.45629,0.0047714,2.49171
2.41554,0.0065516,2.45305
2.37313,0.00916107,2.41322
2.49854,0.0188865,2.54901
2.37752,0.00592999,2.41462
2.39073,0.00649465,2.4281
2.39866,0.00474783,2.43442
2.37887,0.00476212,2.41446
2.367,0.005775,2.40428
2.45375,0.00581985,2.48996
2.4207,0.00463344,2.45676
2.42436,0.0057364,2.46139
2.36698,0.00589516,2.4045
2.39987,0.00477504,2.4353
2.40724,0.00565169,2.44397
2.41375,0.00625771,2.45235
2.47468,0.00589834,2.5114
2.36907,0.00590577,2.40572
2.43127,0.00481029,2.46685
2.39751,0.00696022,2.43498
2.40103,0.00589433,2.43774
2.42092,0.0057508,2.45725
2.37359,0.00494241,2.40961
2.41202,0.00688077,2.44995
2.37909,0.00592163,2.41612
2.36708,0.00581459,2.40345
2.43957,0.00476171,2.47569
2.41722,0.0074482,2.45542
2.41607,0.00476378,2.4517
2.42028,0.00591439,2.45676
2.40208,0.00643015,2.43935
2.41929,0.00590335,2.45569
2.41048,0.00633628,2.44759
2.37649,0.00590548,2.4132
2.42298,0.00493478,2.45869
2.42897,0.00592753,2.46548
2.52171,0.00628444,2.55848
2.39718,0.00590084,2.43358
2.39565,0.00592469,2.43207
2.37616,0.00593462,2.41338
2.40988,0.00588524,2.44637
2.36688,0.00477894,2.40246
2.38724,0.00746872,2.42541
2.41923,0.00590912,2.45624
2.44836,0.00461172,2.48371
2.37909,0.00592915,2.41647
2.37383,0.00588451,2.41065
2.41662,0.00921306,2.45666
2.44801,0.0058967,2.48471
2.41788,0.00590052,2.45463
task end
