Bash version 4.2.46(1)-release...
1 tasks per node
1 threads per task
9.83656,0.00965249,11.2061
6.0493,0.00927374,7.42023
6.05705,0.0096878,7.4274
6.16647,0.00917306,7.53418
6.28054,0.00922122,7.6506
6.18261,0.00921543,7.54898
6.19408,0.00947938,7.56398
6.17122,0.00924491,7.5414
6.15975,0.00920788,7.52886
6.10782,0.00922849,7.47716
6.1835,0.00916863,7.55298
6.14398,0.00922153,7.51285
6.10227,0.00924626,7.47186
6.12709,0.00918355,7.49644
6.2096,0.00922487,7.57916
6.17998,0.00917744,7.54702
6.2461,0.00923119,7.6167
6.15558,0.00924666,7.52401
6.15173,0.00918642,7.52125
6.19487,0.009101,7.56376
6.0603,0.00910133,7.42778
6.32889,0.00918467,7.69826
6.1489,0.00918058,7.51844
6.25707,0.00918071,7.62724
6.13927,0.00916527,7.50824
6.14233,0.00922966,7.51131
6.02895,0.0090931,7.39624
6.15388,0.00916592,7.52478
6.15095,0.010014,7.52101
6.18167,0.00917978,7.55149
6.16125,0.00919941,7.53039
6.03399,0.00936749,7.40431
6.16605,0.00917839,7.53486
6.15996,0.0092422,7.52693
6.1652,0.00917266,7.53469
6.16496,0.00916743,7.53519
6.1436,0.00919162,7.51069
6.05753,0.00919884,7.42651
6.04456,0.0093245,7.4136
6.197,0.00916458,7.56654
6.18586,0.00916556,7.55567
6.13448,0.0092204,7.50409
6.1676,0.00918474,7.53763
6.14559,0.00917184,7.51521
6.05767,0.00923561,7.42446
6.33511,0.00917976,7.70396
6.09592,0.00917643,7.46391
6.17775,0.00921735,7.54635
6.177,0.00920549,7.54407
6.21383,0.00916878,7.58367
6.06543,0.00990791,7.43561
2 threads per task
6.09248,0.00665044,7.45885
6.16851,0.00667208,7.5355
6.06971,0.00664134,7.43485
6.18457,0.0066814,7.55172
6.12856,0.00673116,7.49565
6.14762,0.00669202,7.51447
6.16243,0.00666258,7.52906
6.02762,0.00660469,7.39002
6.17745,0.00666862,7.54239
6.16792,0.00673425,7.53465
6.09924,0.00670633,7.46624
6.10837,0.0072868,7.47399
6.10032,0.00666717,7.46405
6.1975,0.00663827,7.56256
6.11378,0.00667381,7.48076
6.18949,0.0066563,7.55763
6.04518,0.00670573,7.41204
6.42357,0.00661967,7.7898
6.06417,0.00669825,7.43118
6.24373,0.00671578,7.60925
6.02688,0.00665757,7.39345
6.16319,0.00666555,7.52966
6.13911,0.00670368,7.50395
6.10162,0.00666484,7.46745
6.01508,0.00661699,7.38058
6.29043,0.00667259,7.6572
6.20221,0.0066576,7.56907
6.07822,0.00670187,7.44294
6.07323,0.00666075,7.44089
6.34491,0.00672438,7.71186
6.33034,0.00665649,7.69641
6.17867,0.00669437,7.54642
6.07935,0.00667109,7.44183
6.15971,0.00667803,7.52687
6.05102,0.00664668,7.41814
6.1508,0.00667679,7.51794
6.31792,0.00684426,7.6861
6.17108,0.00665606,7.53854
6.09486,0.00670356,7.46233
6.02681,0.00659138,7.39432
6.12879,0.00667192,7.49605
6.21519,0.00666003,7.58302
6.12726,0.00665077,7.4952
6.24961,0.00663178,7.61669
6.2436,0.00667421,7.61074
6.04194,0.0067485,7.4091
6.19498,0.00677146,7.56222
6.25407,0.00668925,7.62067
6.03117,0.00730556,7.39799
6.02904,0.00679773,7.3969
6.17856,0.00664719,7.54552
3 threads per task
6.23415,0.0050085,7.59953
6.04191,0.00508829,7.40747
6.13531,0.00516691,7.5001
6.03197,0.00495585,7.39641
6.31987,0.00499152,7.68619
6.04503,0.00499965,7.41007
6.12412,0.00502241,7.49013
6.27896,0.00499954,7.6426
6.15145,0.00500897,7.51701
6.07835,0.00503894,7.4442
6.13889,0.00501209,7.50455
7.05493,0.00496017,8.4207
6.10057,0.00501659,7.46676
6.10507,0.00505033,7.47087
6.17275,0.00501464,7.53554
6.14193,0.00523974,7.50574
6.12196,0.00499582,7.48734
6.15936,0.00504629,7.52496
6.1374,0.00500709,7.5029
6.17506,0.00508928,7.54079
6.10964,0.00506542,7.47468
6.14849,0.00504589,7.51347
6.06169,0.00501851,7.42811
6.14136,0.00505191,7.50696
6.05852,0.00499644,7.42431
6.20927,0.00502665,7.57503
6.15387,0.00512906,7.52043
6.19419,0.00493446,7.5604
6.0862,0.00501226,7.45024
6.109,0.00502712,7.47365
6.06537,0.00500241,7.43035
6.49714,0.00499949,7.86255
6.13853,0.00495579,7.50137
6.12263,0.0050156,7.48795
6.09313,0.00504073,7.45804
6.13656,0.00501438,7.50292
6.15008,0.0050848,7.51499
6.23852,0.00503158,7.60407
6.24576,0.00502096,7.61153
6.1984,0.0050575,7.56324
6.08618,0.00500609,7.45045
6.11089,0.00502065,7.47569
6.1906,0.00503668,7.55434
6.039,0.00517297,7.40505
6.15909,0.00505381,7.52488
6.14666,0.00502077,7.51339
6.11613,0.00502078,7.48284
6.06036,0.00503536,7.42257
6.13994,0.0050434,7.50558
6.44807,0.00494967,7.81301
6.40039,0.00498393,7.76653
4 threads per task
6.15948,0.00409132,7.52406
6.14698,0.00411959,7.51244
6.13064,0.00406566,7.49599
6.0579,0.00405003,7.42243
6.16761,0.00410631,7.53184
6.02442,0.00406171,7.38797
5.99691,0.00400971,7.36084
6.15442,0.00408076,7.51819
6.04695,0.00406982,7.41188
6.12713,0.00407488,7.49132
6.20879,0.00406269,7.57367
6.16758,0.00406347,7.53093
6.01992,0.00402679,7.38453
6.08216,0.00406356,7.44689
6.28381,0.00526697,7.64664
6.13732,0.00482516,7.50225
6.1964,0.00407795,7.56101
6.15184,0.00407363,7.51704
6.16959,0.00410532,7.53383
6.13221,0.00404197,7.49652
6.06095,0.00429918,7.42779
6.02601,0.00402645,7.388
6.14995,0.00412371,7.51531
6.06684,0.00407159,7.43199
6.17298,0.00427784,7.53763
6.15427,0.00406952,7.51824
6.02546,0.00401927,7.3907
6.2385,0.0040325,7.60338
6.15242,0.00407504,7.51687
6.14792,0.00407555,7.51359
6.03309,0.00401979,7.39712
6.18603,0.00411261,7.54747
6.15239,0.00406809,7.51634
6.12994,0.00411486,7.49456
6.07568,0.00413074,7.43966
6.16836,0.00406886,7.53295
6.11377,0.00407449,7.47705
6.13887,0.00406695,7.50333
6.25291,0.00416543,7.61585
6.16676,0.00430711,7.5321
6.17296,0.00409567,7.5369
6.15711,0.00410835,7.52193
6.38483,0.00405481,7.7496
6.05468,0.00406993,7.41939
6.19051,0.00412524,7.55472
6.15961,0.00407246,7.52296
6.12997,0.00410197,7.49418
6.1281,0.00410806,7.49293
6.19934,0.00410899,7.56463
6.12854,0.00405813,7.49326
6.19839,0.00406394,7.55835
5 threads per task
6.13253,0.00346164,7.49613
6.28954,0.00340196,7.65226
6.04699,0.00343611,7.41075
6.17163,0.00340668,7.53543
6.16088,0.00344032,7.51999
6.15797,0.00331495,7.52151
6.24589,0.00346652,7.60955
6.02624,0.00335979,7.3906
6.16797,0.00360189,7.53188
6.21334,0.00343231,7.57466
6.19777,0.00345596,7.55932
8.24798,0.00336329,9.61159
6.03383,0.00340691,7.39801
6.20639,0.00343508,7.5702
6.21505,0.0033732,7.58056
6.14121,0.00333094,7.50422
6.14712,0.00344108,7.51081
6.09341,0.00346156,7.45746
6.18482,0.00333885,7.54653
6.02258,0.00337678,7.38778
6.19349,0.0033575,7.55781
6.1933,0.003411,7.55648
6.04687,0.00331746,7.40931
6.12026,0.00338102,7.48181
6.01345,0.00331481,7.37773
6.18153,0.00341295,7.54551
6.45691,0.00338893,7.82052
6.05153,0.0036937,7.41584
6.17151,0.00336596,7.53514
6.18095,0.00345985,7.54559
6.10035,0.0034311,7.46495
6.15044,0.00343408,7.51468
6.20479,0.00340649,7.56978
6.03157,0.00345,7.39477
6.15379,0.00345098,7.51818
6.13572,0.00344438,7.49985
6.01547,0.00338329,7.37933
6.19039,0.00336943,7.55453
6.05929,0.00345983,7.42447
6.0934,0.00342479,7.458
6.0575,0.00341084,7.41917
6.08428,0.00339549,7.44809
6.04429,0.00341435,7.40858
6.10256,0.0034153,7.46683
6.09236,0.00338985,7.45445
6.06277,0.00337577,7.42716
6.06285,0.00339604,7.42659
6.15823,0.00343787,7.52262
6.25808,0.00343803,7.62201
6.16826,0.00339222,7.53179
6.17736,0.00335399,7.54147
6 threads per task
6.09013,0.00378398,7.45392
6.13022,0.0029255,7.49396
6.17726,0.00283188,7.54099
6.17449,0.00289561,7.53814
6.13063,0.00288078,7.49193
6.13765,0.00293681,7.50016
6.18908,0.00289297,7.55266
6.0983,0.00292632,7.46192
6.08202,0.00287652,7.44576
6.11858,0.00292968,7.48212
6.0402,0.00297057,7.40224
6.06796,0.00287303,7.43146
6.23145,0.00289088,7.59455
6.12497,0.00285808,7.4883
6.37472,0.00291124,7.73952
6.04217,0.00296742,7.40571
6.04787,0.00306635,7.40962
6.16779,0.00291582,7.53036
6.04587,0.00290856,7.40878
6.19376,0.00288511,7.55455
6.05776,0.00285908,7.42137
6.13571,0.00290482,7.49936
6.1122,0.00287975,7.47525
6.14494,0.00289084,7.50806
6.10346,0.00282703,7.46704
6.08868,0.00286624,7.45178
6.13785,0.00290172,7.50013
6.03861,0.00304914,7.4018
6.13434,0.00290847,7.49816
6.06711,0.00282921,7.43051
6.15334,0.00282943,7.51677
6.06071,0.00288969,7.42098
6.09942,0.00296334,7.46157
6.10718,0.00285123,7.47074
6.08486,0.00285999,7.44856
6.16161,0.0028331,7.5262
6.04682,0.00284738,7.41014
6.04477,0.00288035,7.4065
6.11838,0.00288695,7.48193
6.04965,0.00287941,7.40973
6.11791,0.00285068,7.48127
6.12497,0.00283777,7.48816
6.17703,0.00288391,7.53922
6.14196,0.00285921,7.50582
6.04955,0.00321428,7.41263
6.1795,0.00289366,7.54267
6.17863,0.00287202,7.5415
6.10546,0.00293289,7.46845
6.13287,0.0028653,7.49693
6.05512,0.00287578,7.41573
6.1163,0.00282236,7.47956
7 threads per task
6.08329,0.00247235,7.44663
6.19773,0.00246813,7.56112
6.2447,0.0025494,7.60736
6.16184,0.00248783,7.52453
6.09991,0.00244522,7.46308
6.19979,0.00245951,7.56239
6.10606,0.00251788,7.46755
6.09451,0.00257367,7.4571
6.10222,0.00247026,7.46575
6.0849,0.00246654,7.44841
6.12444,0.00248084,7.48753
6.14527,0.00245626,7.50947
6.16354,0.00246491,7.52746
6.22941,0.00246898,7.59101
6.14733,0.00247453,7.50986
6.10297,0.00245117,7.46486
6.1283,0.00265817,7.4919
6.06403,0.00247745,7.42696
6.1153,0.00274625,7.48031
6.20139,0.0024407,7.56443
6.1516,0.00254029,7.51435
6.05959,0.00248321,7.42261
6.16606,0.00249536,7.53004
6.19336,0.00249564,7.55606
6.11872,0.00257184,7.48164
6.14862,0.00250972,7.51213
6.11167,0.00248476,7.47433
6.13036,0.00246784,7.49279
6.38409,0.00241427,7.74529
6.19339,0.00246563,7.55667
6.3095,0.00243891,7.67285
6.06072,0.00249675,7.42412
6.13802,0.00245229,7.5009
6.17645,0.00244738,7.53933
6.17827,0.00257946,7.54109
6.15347,0.00248917,7.51679
6.1412,0.00248975,7.50064
6.11482,0.00263636,7.4779
6.03502,0.0024195,7.39744
6.19759,0.00246941,7.56084
6.05116,0.00244383,7.41489
6.10505,0.00247334,7.46771
6.22031,0.00244547,7.58282
6.25632,0.0025154,7.61936
6.23177,0.00244819,7.59386
6.1034,0.00243583,7.46555
6.15726,0.0025071,7.51741
6.0514,0.00246615,7.41482
6.17691,0.0024604,7.54011
6.21112,0.00249619,7.57481
6.13689,0.00246449,7.49992
8 threads per task
6.23092,0.00221135,7.59134
6.03435,0.00213711,7.39668
6.12377,0.0021853,7.48689
6.278,0.00220416,7.63843
6.1154,0.00224336,7.47731
6.04114,0.00244299,7.4011
6.15769,0.00216461,7.52046
6.17755,0.00221858,7.54001
6.12609,0.00216245,7.48985
6.19655,0.00218718,7.55941
6.15765,0.00218782,7.51768
6.10084,0.00225466,7.46384
6.15756,0.00219743,7.51862
6.16186,0.00223836,7.52451
6.33186,0.00219248,7.69443
6.12973,0.00215693,7.49018
6.15652,0.00218948,7.51923
6.26508,0.00213392,7.62722
6.18755,0.00218915,7.55072
6.16508,0.00214126,7.52622
6.16377,0.0022761,7.52473
6.14835,0.00221609,7.51269
6.13427,0.00223025,7.49753
6.16508,0.00215917,7.52991
6.18145,0.00215213,7.54429
6.13924,0.00223201,7.50001
6.15647,0.00213621,7.51949
6.18716,0.00228183,7.55042
6.13173,0.00221532,7.49365
6.44321,0.00215039,7.80502
6.20165,0.00221912,7.56393
6.16815,0.00219733,7.53049
6.05306,0.00217954,7.4151
6.08971,0.0021592,7.45403
6.06396,0.00216767,7.42638
6.15661,0.00285587,7.52026
6.1654,0.0021543,7.52791
6.14015,0.00215149,7.50361
6.38054,0.0022386,7.73864
6.15101,0.0021673,7.51388
6.18257,0.00219911,7.54472
6.12421,0.00265562,7.48872
6.14182,0.00219668,7.50417
6.05055,0.00220122,7.41465
6.18985,0.00220368,7.55187
6.08043,0.00225587,7.44274
6.12674,0.00220192,7.48896
6.1061,0.00218741,7.46959
6.141,0.0021561,7.50129
6.12766,0.0022406,7.49011
6.22006,0.00241532,7.58338
2 tasks per node
1 threads per task
6.23717,0.0088657,6.8347
6.17125,0.00903162,6.76963
6.11731,0.00933252,6.71531
6.16244,0.00933578,6.76036
6.15186,0.00886841,6.74992
6.14838,0.00907387,6.74679
6.20077,0.00887004,6.7988
6.07782,0.0088703,6.67525
6.14158,0.00965475,6.74027
6.04057,0.0089009,6.63937
6.18516,0.00912328,6.78343
6.39853,0.00889463,6.99652
6.19098,0.00908206,6.78924
6.13204,0.00887366,6.73043
6.36425,0.00886635,6.96238
6.0553,0.00894269,6.65332
6.08995,0.00882955,6.68753
6.41494,0.00885907,7.01267
6.14217,0.00953414,6.7406
6.05698,0.00887051,6.65543
6.10035,0.00887295,6.69829
6.05409,0.00886985,6.65211
6.16717,0.00885843,6.76562
6.03686,0.00887804,6.63507
6.21652,0.00886454,6.81505
6.11224,0.00888714,6.70977
6.24216,0.00889146,6.8413
6.0949,0.00883772,6.69464
6.02952,0.00885907,6.62756
6.12394,0.00887251,6.72243
6.13489,0.00890073,6.73339
6.18346,0.00915059,6.78149
6.09794,0.0088724,6.69559
6.15343,0.0088682,6.75135
6.12294,0.00903614,6.72154
6.20127,0.00888381,6.79861
6.06392,0.00888006,6.66233
6.26604,0.00944758,6.8647
6.17358,0.00881864,6.7721
6.04387,0.00888025,6.6415
6.05253,0.00887707,6.65037
6.12904,0.00886574,6.72663
6.12602,0.00887594,6.72422
6.15572,0.0088388,6.75565
6.05979,0.00885979,6.65759
6.47622,0.0088651,7.07359
6.19239,0.00886877,6.79074
6.05636,0.00886879,6.65391
6.13876,0.00886015,6.73644
6.13996,0.00884269,6.73783
6.07823,0.010036,6.67713
2 threads per task
6.04219,0.00710534,6.63789
6.03474,0.00642827,6.62992
6.05473,0.00649784,6.65017
6.19021,0.00645049,6.78552
6.23954,0.00649429,6.83524
6.18672,0.00645742,6.78169
6.03875,0.00655674,6.63487
6.25627,0.00644109,6.85125
6.19852,0.00646124,6.79394
6.06889,0.00647552,6.66386
6.05185,0.0064871,6.64793
6.17232,0.00645386,6.76746
6.05323,0.00643534,6.64856
6.03365,0.00648103,6.62888
6.0419,0.00656577,6.63828
6.18111,0.0064281,6.77664
6.1687,0.00644343,6.76462
6.31777,0.00645192,6.91334
6.05525,0.00712032,6.65122
6.26291,0.00644821,6.85805
6.04419,0.00648251,6.64033
6.06433,0.00650026,6.66041
6.08537,0.00645749,6.6809
6.11451,0.00644399,6.71078
6.07952,0.00644837,6.67527
6.14796,0.00640839,6.74382
6.07893,0.00708732,6.67469
6.14948,0.00642595,6.74533
6.38023,0.00681229,6.97637
6.02156,0.00644847,6.61739
6.14992,0.00702872,6.74585
6.08834,0.00644302,6.68346
6.01948,0.00645287,6.6152
6.083,0.00699695,6.67916
6.04623,0.00645017,6.64225
6.08235,0.00645044,6.67818
6.32441,0.00641376,6.91953
6.1362,0.00644698,6.73142
6.17619,0.00645336,6.77198
6.39209,0.00644403,6.98753
6.13537,0.00707976,6.73247
6.18199,0.00644876,6.77733
6.16141,0.00645015,6.75691
6.34769,0.00645922,6.94291
6.05735,0.00650577,6.6528
6.16668,0.00644461,6.76262
6.02958,0.0069285,6.62533
6.17063,0.00708456,6.7662
6.30687,0.00644547,6.90251
6.16339,0.00644247,6.7589
6.37417,0.00646487,6.96954
3 threads per task
6.15398,0.00482959,6.74839
6.11436,0.00481964,6.70833
6.17872,0.00480523,6.77236
6.06599,0.00487902,6.65965
6.06266,0.0048536,6.65691
6.1657,0.00481135,6.75913
6.15632,0.00485092,6.75071
6.17187,0.00554369,6.76672
6.10321,0.004874,6.6971
6.13191,0.0049249,6.72572
6.14872,0.00548855,6.74288
6.06532,0.00559123,6.66042
6.16475,0.00485218,6.75837
6.12899,0.00483316,6.72389
6.08328,0.00487691,6.67978
6.17173,0.00490615,6.76538
6.23161,0.00487963,6.82524
6.0551,0.00480813,6.64887
6.34866,0.00488876,6.94215
6.16121,0.00491485,6.75557
6.16617,0.00483716,6.76016
6.05233,0.00484738,6.64583
6.15732,0.0055884,6.75157
6.06149,0.0048776,6.65522
6.04735,0.00484446,6.64083
6.22888,0.00479092,6.82316
6.23833,0.00484043,6.83361
6.06669,0.00486643,6.66011
6.38254,0.00481449,6.97613
6.04319,0.00484823,6.63694
6.20407,0.00492083,6.79772
6.05249,0.00487173,6.64632
6.18257,0.00482596,6.77665
6.11263,0.00481867,6.70821
6.23794,0.00488934,6.83203
6.19379,0.00489418,6.78791
6.16792,0.00490017,6.76218
6.05681,0.00488142,6.65036
6.14904,0.00482774,6.74353
6.32155,0.00485365,6.91543
6.15883,0.00483531,6.75256
6.26121,0.00485963,6.85555
6.08004,0.00490276,6.6745
6.14811,0.00492363,6.74178
6.10764,0.00491271,6.70149
6.05431,0.00550962,6.64934
6.15435,0.00480106,6.74817
6.26568,0.00485988,6.86092
6.09265,0.00489449,6.6866
6.12105,0.0048643,6.71519
6.1179,0.0049553,6.71166
4 threads per task
6.24076,0.00389822,6.83467
6.1618,0.00391732,6.75463
6.13269,0.00395158,6.72553
6.05139,0.00395598,6.64496
6.1321,0.00391688,6.72521
6.12575,0.0039697,6.71941
6.13875,0.0038897,6.73123
6.13533,0.00396054,6.72802
6.0416,0.00391071,6.63466
6.04783,0.00402381,6.64159
6.09592,0.00391831,6.68869
6.04429,0.00396357,6.63743
6.18017,0.00390233,6.77284
6.04028,0.0040788,6.63363
6.17396,0.00428899,6.76695
6.1259,0.00394139,6.71879
6.14075,0.00396338,6.73366
6.21394,0.00459792,6.80818
6.16273,0.00391146,6.75554
6.00638,0.0039518,6.59994
6.31435,0.00396025,6.90732
6.29167,0.00394313,6.88514
6.16468,0.00403498,6.75783
6.10615,0.00394931,6.69978
6.05339,0.00396249,6.64687
6.16048,0.00394632,6.75368
6.06711,0.00399418,6.66012
6.1591,0.00394754,6.75195
6.23558,0.00393263,6.82867
6.05557,0.00397658,6.64868
6.07485,0.00453595,6.66853
6.14197,0.00395174,6.73529
6.42743,0.00433941,7.0213
6.10634,0.00396879,6.69965
6.19883,0.00393216,6.79142
6.1595,0.003973,6.75239
6.08095,0.0039051,6.67446
6.11704,0.00397277,6.70986
6.21492,0.00394338,6.80937
6.22548,0.00398536,6.81875
6.03659,0.00392649,6.63023
6.01569,0.00399357,6.60833
6.08509,0.0039608,6.6787
6.15303,0.00397621,6.74699
6.19541,0.00390004,6.78787
6.17793,0.00397074,6.77142
6.14995,0.00393214,6.74344
6.03444,0.00396938,6.62736
6.09036,0.00393364,6.68298
6.05928,0.00398465,6.65218
6.12741,0.0039041,6.72067
5 threads per task
6.13626,0.00336573,6.72865
6.04633,0.00335809,6.64016
6.05209,0.00337048,6.64489
6.19839,0.00335341,6.79124
6.2206,0.00338472,6.81304
6.14374,0.00337814,6.73709
6.10877,0.00335624,6.7007
6.41869,0.00336675,7.01159
6.1773,0.0033674,6.77115
6.18264,0.0033681,6.77469
6.07962,0.00336628,6.67205
6.03983,0.00334085,6.63223
6.20563,0.00335172,6.79814
6.24243,0.00337849,6.83499
6.08551,0.00334924,6.67797
6.17824,0.0033727,6.7709
6.22767,0.00335068,6.82036
6.09362,0.00337754,6.68644
6.11552,0.0039736,6.70889
6.20475,0.00336436,6.79701
6.1738,0.00335047,6.76643
6.13003,0.00340359,6.72252
6.10781,0.00335162,6.70011
6.20014,0.0034064,6.79286
6.09554,0.00336731,6.68841
6.15583,0.00337703,6.75019
6.21103,0.00336076,6.80355
6.05637,0.00337288,6.64908
6.1162,0.00334318,6.70848
6.20433,0.00334996,6.79763
6.13123,0.00337243,6.72333
6.09813,0.00335036,6.69069
6.25963,0.00334454,6.8528
6.14553,0.00334731,6.73762
6.09465,0.0033558,6.68755
6.05405,0.00335449,6.64626
6.16469,0.00334281,6.75685
6.15641,0.00404758,6.74925
6.04754,0.00336483,6.63997
6.10167,0.00337245,6.69381
6.63989,0.00347972,7.23465
6.12054,0.00333276,6.71351
6.15549,0.00335533,6.74784
6.15618,0.00335011,6.7489
6.15991,0.00336993,6.7525
6.1412,0.00336678,6.73352
6.19632,0.00336054,6.78854
6.15793,0.0033784,6.75008
6.15836,0.00338207,6.75164
6.05926,0.00336234,6.65147
6.172,0.00335327,6.76445
6 threads per task
6.15817,0.00286265,6.75043
6.35035,0.0028444,6.94285
6.03259,0.00285652,6.62451
6.2759,0.00283592,6.86964
6.14326,0.00284935,6.73637
6.27162,0.00285964,6.86359
6.17007,0.00285395,6.76239
6.22474,0.00287457,6.81677
6.14784,0.00283313,6.73971
6.11207,0.00284263,6.70385
6.23922,0.00283929,6.83131
6.10765,0.00287164,6.69977
6.1897,0.00285062,6.78129
6.16423,0.00284512,6.75668
6.04062,0.00283827,6.6328
6.03194,0.00287903,6.62363
6.16297,0.00283358,6.75505
6.03081,0.00314829,6.623
6.16118,0.00284335,6.75416
6.18605,0.0036945,6.77884
6.14346,0.00286051,6.73515
6.1497,0.00287036,6.74188
6.05202,0.00287875,6.64368
6.02261,0.00287773,6.61483
6.13281,0.00287275,6.72478
6.07279,0.00285582,6.66521
6.10485,0.00283769,6.69738
6.1135,0.00285591,6.70558
6.14186,0.00284945,6.73386
6.1481,0.00284341,6.74041
6.15489,0.0036262,6.74731
6.13939,0.00333149,6.73258
6.19954,0.00286657,6.79154
6.03655,0.00287966,6.62824
6.16384,0.00284768,6.75577
6.13731,0.00288167,6.73059
6.27113,0.00286296,6.863
6.06431,0.0029317,6.65625
6.20203,0.00328018,6.79413
6.05082,0.00286546,6.64294
6.16012,0.0028687,6.75328
6.12174,0.00286055,6.71467
6.18539,0.00282815,6.77723
6.0646,0.00288011,6.65661
6.117,0.00294048,6.70941
6.23434,0.00287239,6.82634
6.06143,0.00283273,6.65295
6.17418,0.00284298,6.76736
6.03439,0.00289463,6.6263
6.19668,0.00285331,6.78929
6.14694,0.00284494,6.7388
7 threads per task
6.14546,0.00247197,6.73734
6.06335,0.00247147,6.65557
6.16273,0.00243537,6.75363
6.25676,0.00246858,6.84844
6.06788,0.00251169,6.65902
6.15766,0.00243444,6.75012
6.22629,0.00243939,6.81776
6.12925,0.0025493,6.72109
6.12458,0.00248769,6.71585
6.16,0.00244126,6.75161
6.1138,0.00243353,6.70511
6.06949,0.00328244,6.66163
6.24279,0.00247982,6.8346
6.08432,0.00247154,6.67585
6.12649,0.00302173,6.71864
6.05977,0.00247534,6.65129
6.05365,0.00248447,6.64586
6.12253,0.00242461,6.71418
6.12926,0.00259432,6.72094
6.11047,0.00251975,6.70162
6.32904,0.00249536,6.92042
6.05725,0.00243195,6.64821
6.05126,0.00247455,6.6434
6.10583,0.00264637,6.69764
6.12389,0.00247048,6.71662
6.1607,0.00245764,6.75255
6.05988,0.00246345,6.65135
6.16112,0.00246159,6.7526
6.3741,0.00323976,6.96662
6.25226,0.00254186,6.84382
6.12475,0.00245567,6.71678
6.13997,0.00245819,6.73157
6.21016,0.00244952,6.80102
6.36585,0.00246884,6.95751
6.08063,0.00247838,6.67237
6.1463,0.00246133,6.7378
6.0493,0.00245655,6.64079
6.12956,0.00244771,6.72195
6.22619,0.00246762,6.8178
6.0554,0.00245102,6.6466
6.091,0.002443,6.6825
6.05014,0.00246263,6.64116
6.08812,0.00244662,6.67961
6.14146,0.00285261,6.73307
6.20519,0.00246285,6.79667
6.12035,0.0024626,6.71178
6.0399,0.00246244,6.63176
6.04623,0.00251551,6.63739
6.10338,0.00244729,6.69487
6.08926,0.00245478,6.68188
6.12005,0.00245036,6.71159
8 threads per task
6.42422,0.00277209,7.01587
6.05627,0.00220284,6.64781
6.14181,0.0022334,6.73288
6.04016,0.00220742,6.63165
6.14497,0.00219335,6.73594
6.05651,0.00222623,6.64791
6.37924,0.0021989,6.97042
6.2569,0.00220413,6.84847
6.1528,0.00219958,6.74489
6.03985,0.00220128,6.63227
6.06778,0.00254512,6.65958
6.06157,0.00280145,6.65391
6.16254,0.00219822,6.75319
6.33041,0.00219568,6.92126
6.10396,0.00218641,6.6955
6.22034,0.00221249,6.8113
6.12903,0.00227607,6.721
6.17833,0.00220332,6.77019
6.14675,0.00216747,6.73911
6.0658,0.00220545,6.65699
6.38295,0.0021974,6.97379
6.19529,0.00269617,6.78676
6.14201,0.0022586,6.73335
6.38055,0.00219049,6.97169
6.09186,0.00220039,6.683
6.25024,0.00224452,6.84209
6.06649,0.00285435,6.65982
6.25042,0.00228785,6.84348
6.06441,0.00219323,6.65538
6.11242,0.00220052,6.70359
6.03393,0.00219761,6.62544
6.17029,0.00226379,6.762
6.12025,0.00218939,6.71128
6.18129,0.00219543,6.77228
6.16612,0.00220759,6.75828
6.15699,0.0022075,6.74857
6.05829,0.00221374,6.64947
6.21096,0.00220221,6.80241
6.15148,0.00490853,6.74551
6.17711,0.0021922,6.76979
6.01354,0.00219774,6.60437
6.25838,0.00218753,6.84959
6.05778,0.00223658,6.64904
6.10403,0.00219552,6.69475
6.66861,0.00226132,7.26062
6.14569,0.00218956,6.73715
6.05929,0.00220634,6.65042
6.24732,0.00271413,6.83875
6.05984,0.00219001,6.65175
6.13828,0.00221054,6.7293
6.05494,0.0023202,6.64602
3 tasks per node
1 threads per task
6.22423,0.00916646,6.8257
6.2915,0.00910702,6.89315
6.54249,0.00969271,7.14537
6.25817,0.0090629,6.85988
6.24741,0.00906935,6.84927
6.34393,0.00909894,6.94496
6.23158,0.0104269,6.83442
6.30228,0.00912912,6.90327
6.31455,0.00927813,6.91534
6.30142,0.00910997,6.90251
6.2843,0.00910133,6.88578
6.328,0.00915636,6.92881
6.32146,0.00906959,6.92237
6.24637,0.00917404,6.84871
6.46057,0.00916155,7.06254
6.33638,0.00905102,6.93766
6.3316,0.00916727,6.93276
6.27276,0.00913161,6.87355
6.24889,0.00915614,6.84951
6.29877,0.00912437,6.89974
6.22422,0.00909909,6.82575
6.32051,0.00913405,6.92139
6.43775,0.00912285,7.03888
6.37459,0.00976708,6.97666
6.3039,0.00982022,6.90572
6.2599,0.00947278,6.86083
6.2403,0.00909336,6.84152
6.34971,0.00910582,6.95143
6.32478,0.00908766,6.92621
6.43063,0.00897378,7.03195
6.44394,0.00911585,7.04526
6.3921,0.00916347,6.9929
6.3899,0.00897473,6.99145
6.36225,0.00913528,6.96355
6.32296,0.00910729,6.92408
6.35201,0.00908504,6.95296
6.4567,0.00904355,7.05781
6.34058,0.00911621,6.94185
6.28256,0.00915227,6.8835
6.28714,0.00915312,6.88819
6.22081,0.0091025,6.82232
6.22851,0.00905762,6.82963
6.24167,0.00912714,6.84284
6.32762,0.00970887,6.92919
6.25929,0.00913938,6.86027
6.33421,0.00909398,6.93533
6.36431,0.00909358,6.96572
6.28255,0.00912718,6.88381
6.2954,0.00906713,6.89648
6.3817,0.00908599,6.9827
6.3209,0.00915239,6.92187
2 threads per task
6.32535,0.00662084,6.92399
6.23987,0.00666262,6.83844
6.28826,0.00720132,6.88766
6.20099,0.00663144,6.79973
6.28911,0.00662181,6.88781
6.23201,0.00662255,6.83057
6.2401,0.00662928,6.83873
6.24337,0.00665539,6.84208
6.29741,0.00664801,6.89577
6.24462,0.00656461,6.84324
6.41794,0.00667343,7.01672
6.35715,0.00662497,6.95584
6.41056,0.00668039,7.00906
6.30143,0.00666817,6.89991
6.40784,0.00670505,7.00621
6.22417,0.00665586,6.82353
6.3974,0.00664611,6.99702
6.25405,0.00735943,6.85363
6.42695,0.0066273,7.0262
6.32262,0.00664786,6.92113
6.27143,0.00661993,6.87048
6.56113,0.00661289,7.15967
6.65175,0.00665212,7.25007
6.38587,0.00665058,6.98549
6.3195,0.00650892,6.91821
6.30628,0.00664047,6.90471
6.32383,0.00672029,6.92231
6.41876,0.00670108,7.0173
6.38902,0.00665252,6.98825
6.23332,0.00662747,6.8332
6.33381,0.00662858,6.93217
6.32079,0.00663024,6.91991
6.37009,0.00659005,6.96859
6.27415,0.00662572,6.87266
6.31421,0.00663251,6.91333
6.29578,0.00731025,6.89507
6.27384,0.00663278,6.87307
6.21585,0.00739629,6.81512
6.30296,0.00658416,6.90159
6.32863,0.00662989,6.92807
6.31645,0.00664539,6.91517
6.24102,0.00664101,6.8397
6.30652,0.0066737,6.905
6.42338,0.00658373,7.02222
6.30989,0.00655891,6.90857
6.34363,0.00666447,6.94299
6.31614,0.00662508,6.91522
6.31776,0.00662541,6.91608
6.24799,0.00781527,6.84795
6.24292,0.00664999,6.84199
6.32688,0.00664454,6.92576
3 threads per task
6.2458,0.00499606,6.84311
6.33002,0.00503794,6.92699
6.46357,0.00561961,7.06135
6.3675,0.00489226,6.9646
6.30303,0.0049906,6.90029
6.25635,0.00565624,6.85399
6.3057,0.00497564,6.9029
6.35879,0.00500367,6.95569
6.37011,0.00499547,6.96802
6.25736,0.00499439,6.8551
6.32166,0.0049815,6.91841
6.32486,0.00501892,6.92145
6.35121,0.00500028,6.94819
6.2306,0.00498519,6.82957
6.37081,0.00498781,6.96784
6.22761,0.00501094,6.82446
6.42538,0.00499902,7.02258
6.3619,0.00495751,6.95948
6.60134,0.00507606,7.20413
6.36336,0.00499773,6.96012
6.21586,0.00498997,6.81283
6.21271,0.00503351,6.80935
6.32446,0.0049938,6.92159
6.21832,0.00500492,6.81554
6.35933,0.00501932,6.95616
6.23014,0.00500596,6.82722
6.33044,0.00563262,6.92788
6.25099,0.00503272,6.84787
6.4024,0.00505058,6.99938
6.35565,0.00596166,6.95392
6.5116,0.00500946,7.1094
6.67076,0.00496283,7.26775
6.29514,0.00499378,6.89217
6.30334,0.00498911,6.90044
6.31174,0.00508742,6.90873
6.24381,0.00498539,6.84067
6.32035,0.00499213,6.91756
6.28837,0.00502308,6.88604
6.43884,0.00496814,7.03633
6.43581,0.00489466,7.03265
6.43641,0.00500355,7.03307
6.32019,0.00499755,6.91692
6.3183,0.00499404,6.91544
6.24062,0.00499945,6.83766
6.29533,0.00498689,6.89246
6.37008,0.00499156,6.96747
6.39277,0.00499511,6.99106
6.36432,0.00499107,6.96203
6.32093,0.00499436,6.91784
6.37973,0.00499101,6.97718
6.34161,0.00500377,6.93861
4 threads per task
6.45773,0.00402938,7.05443
6.23598,0.00406809,6.8317
6.32023,0.00407059,6.91585
6.32456,0.00400407,6.92051
6.3688,0.00404257,6.96547
6.26884,0.00402613,6.86443
6.29058,0.00407055,6.88682
6.34111,0.00406862,6.93722
6.25238,0.004063,6.84825
6.24119,0.00405406,6.83669
6.30444,0.00406568,6.9003
6.29156,0.00445646,6.88805
6.37385,0.00406428,6.9695
6.28019,0.00403591,6.87639
6.35083,0.00405857,6.94685
6.56745,0.00410372,7.16338
6.25594,0.00403854,6.8528
6.25128,0.00405469,6.84728
6.22334,0.00403952,6.81964
6.54181,0.00405388,7.13833
6.25853,0.00406161,6.85527
6.44571,0.00402099,7.04227
6.32883,0.00477784,6.92556
6.38015,0.00405824,6.9766
6.33885,0.00405814,6.93483
6.28604,0.00406446,6.88243
6.25244,0.00406188,6.84816
6.29105,0.00403891,6.88855
6.23744,0.0040662,6.83322
6.41475,0.00406279,7.01057
6.34429,0.0040737,6.94033
6.31365,0.00407385,6.90928
6.23366,0.00404668,6.82987
6.23343,0.00403907,6.83061
6.34999,0.00405471,6.94617
6.33736,0.0040658,6.93388
6.24116,0.00406551,6.83763
6.30331,0.00471906,6.90209
6.35641,0.00407234,6.9525
6.36241,0.00404455,6.95842
6.30277,0.0040597,6.89864
6.34485,0.0040568,6.94195
6.31909,0.00407043,6.91485
6.3163,0.00403067,6.91218
6.33114,0.00405842,6.92736
6.29802,0.00406213,6.89378
6.30035,0.00406411,6.89624
6.22678,0.00405765,6.82273
6.36108,0.00402409,6.95655
6.36094,0.00405843,6.95741
6.33345,0.00477934,6.92992
5 threads per task
6.4089,0.00338799,7.00425
6.34227,0.00341558,6.93706
6.23723,0.00338208,6.83234
6.35395,0.00336362,6.94935
6.36557,0.00339644,6.96044
6.32184,0.00339576,6.91792
6.34094,0.00337874,6.93662
6.32309,0.00337873,6.91845
6.29575,0.00338395,6.89078
6.2746,0.0033854,6.8703
6.27062,0.00337589,6.86568
6.36068,0.00340091,6.95726
6.25049,0.00337472,6.84573
6.29135,0.00338153,6.8868
6.40573,0.00339848,7.00116
6.28931,0.0033724,6.88459
6.35984,0.0033984,6.95505
6.31809,0.0033757,6.91359
6.37536,0.00339029,6.97095
6.2506,0.00339127,6.84658
6.28366,0.00338517,6.87894
6.24101,0.00339562,6.83666
6.22048,0.00337606,6.81551
6.41278,0.00339078,7.00876
6.30307,0.00337014,6.89845
6.2176,0.0033885,6.8136
6.33722,0.00338212,6.9332
6.2405,0.00357129,6.83596
6.3256,0.00339009,6.92242
6.25427,0.00339065,6.85014
6.32868,0.0033826,6.92416
6.29369,0.00338085,6.88905
6.36872,0.00339097,6.96457
7.82889,0.0033937,8.42467
6.37253,0.0033817,6.96816
6.22305,0.00336124,6.8183
6.35494,0.00419142,6.95098
6.22199,0.00338903,6.81794
6.35019,0.00340522,6.94623
6.3161,0.00338974,6.91175
6.26265,0.00337967,6.85823
6.25722,0.00360445,6.85296
6.35169,0.0033763,6.94798
6.31798,0.00338593,6.91358
6.23709,0.00340932,6.83219
6.38023,0.00341395,6.97595
6.25524,0.00339219,6.85089
6.34805,0.00414287,6.94428
6.33747,0.00338334,6.93328
6.28541,0.00337617,6.88079
6.34757,0.0033925,6.94306
6 threads per task
6.22978,0.00290438,6.82506
6.54975,0.00288744,7.14449
6.28873,0.00287682,6.88349
6.3593,0.00287694,6.95363
6.32643,0.002861,6.92095
6.40806,0.00288333,7.00388
6.30081,0.00289553,6.89577
6.25447,0.00286827,6.84936
6.62491,0.00286431,7.22003
6.21945,0.00286946,6.81445
6.43169,0.00289061,7.02652
6.27289,0.00290367,6.86893
6.28444,0.00333887,6.87996
6.25034,0.0028885,6.84528
6.23169,0.00288568,6.82671
6.30806,0.00286419,6.9024
6.26371,0.00287028,6.85829
6.4644,0.00285908,7.05937
6.24485,0.00289826,6.84015
6.27485,0.0028572,6.87093
6.22047,0.00288405,6.81536
6.31978,0.00325323,6.9152
6.21785,0.00286239,6.81291
6.25811,0.00288585,6.85288
6.32842,0.00287157,6.92331
6.28099,0.00287348,6.87613
6.42463,0.00288613,7.02075
6.3519,0.00287837,6.94651
6.26182,0.00287541,6.85689
6.34906,0.00287637,6.9433
6.23204,0.00291688,6.82718
6.35171,0.0028916,6.94635
6.30876,0.00289693,6.90356
6.3237,0.00289428,6.91874
6.30855,0.00288308,6.90352
6.3063,0.0028901,6.90173
6.42781,0.00285903,7.02308
6.23494,0.00288707,6.82957
6.54278,0.00289087,7.1377
6.39168,0.00288308,6.98666
6.23884,0.00287786,6.8335
6.22506,0.00288337,6.82016
6.49908,0.00285795,7.09415
6.26198,0.00287367,6.85704
6.33411,0.00287725,6.92907
6.3416,0.00286398,6.93649
6.37073,0.00287723,6.96522
6.32385,0.00287308,6.91892
6.29311,0.00286096,6.8899
6.3122,0.00287862,6.90712
6.35623,0.00287267,6.95132
7 threads per task
6.31953,0.00249009,6.91388
6.38419,0.00248502,6.97869
6.31784,0.00248031,6.91281
6.38323,0.00248019,6.97795
6.38659,0.00248518,6.98161
6.41951,0.00248539,7.0141
6.36176,0.00247745,6.9561
6.33549,0.00247068,6.92974
6.37536,0.00247435,6.97045
6.43551,0.00247629,7.03
6.3113,0.00249399,6.90601
6.35588,0.0024759,6.95006
6.38803,0.00248468,6.98268
6.61882,0.00248499,7.21334
6.2522,0.00249033,6.84719
6.28748,0.00248024,6.88212
6.44271,0.00249403,7.03873
6.33711,0.00248509,6.93163
6.24513,0.00248626,6.8395
6.28639,0.00247469,6.88097
6.2367,0.00249001,6.83125
6.34748,0.00248422,6.94262
6.44127,0.00249173,7.03576
6.32221,0.00248087,6.91686
6.45217,0.00248314,7.04644
6.32292,0.00247525,6.91724
6.30447,0.00248379,6.89924
6.31713,0.00247813,6.91136
6.40783,0.00247471,7.00199
6.42976,0.00246041,7.02467
6.35396,0.00316855,6.94937
6.28026,0.00249187,6.87536
6.58918,0.00248448,7.18385
6.24615,0.00248263,6.84065
6.36038,0.00248928,6.95513
6.32891,0.00249584,6.92396
6.28868,0.00248339,6.88384
6.6411,0.00248839,7.23528
6.35079,0.00249822,6.94528
6.3096,0.00248951,6.9047
6.33939,0.00248777,6.93396
6.35795,0.00247674,6.95237
6.25249,0.00247617,6.84684
6.3762,0.00249263,6.97087
6.28693,0.00283765,6.88196
6.33569,0.00249262,6.93008
6.29783,0.00249304,6.89265
6.20578,0.00247779,6.80013
6.35446,0.00248084,6.9487
6.32817,0.00329244,6.92374
6.28175,0.00249573,6.87684
8 threads per task
6.2992,0.00443504,6.89555
6.27897,0.00451535,6.87543
6.27956,0.00452212,6.87632
6.23652,0.00451715,6.8332
6.34075,0.00519445,6.93779
6.33982,0.00459888,6.94059
6.22024,0.00516046,6.81733
6.24567,0.00679947,6.84433
6.24424,0.00682744,6.84307
6.22732,0.00515989,6.82552
6.29356,0.00679973,6.89294
6.22254,0.005147,6.82014
6.4323,0.00680112,7.03106
6.45347,0.00680684,7.05235
6.4051,0.00427164,7.00183
6.24772,0.00448504,6.84363
6.37252,0.00460467,6.96894
6.22951,0.0045946,6.82584
6.29744,0.00487771,6.89452
6.25023,0.0051819,6.84683
6.41465,0.00678063,7.01416
6.35396,0.00679027,6.95287
6.33004,0.00680431,6.92897
6.35088,0.0045624,6.94717
6.58919,0.00680843,7.18827
6.33452,0.00678857,6.93345
6.36059,0.00430847,6.95651
6.3851,0.00679389,6.98405
6.38881,0.00515564,6.98734
6.23547,0.00451753,6.83214
6.328,0.00677007,6.92731
6.22422,0.00453071,6.82126
6.30322,0.00485205,6.90006
6.41923,0.00681984,7.01859
6.2779,0.00451459,6.87435
6.21853,0.00481007,6.81538
6.55351,0.00680092,7.15253
6.35246,0.0067871,6.95185
6.33849,0.00452923,6.93507
6.36234,0.00681001,6.96173
6.28608,0.0067947,6.88522
6.28593,0.00454025,6.88217
6.37384,0.00485032,6.9714
6.33392,0.00680641,6.93279
6.36121,0.00678331,6.95982
8.42306,0.00674241,9.02317
6.22977,0.00431601,6.82611
6.44476,0.00680468,7.04387
6.4278,0.00444748,7.02466
6.27496,0.00456034,6.87223
6.21967,0.00449454,6.81592
4 tasks per node
1 threads per task
6.34589,0.0095805,6.41919
6.35335,0.0090795,6.42616
6.37219,0.00956778,6.44542
6.2618,0.00910915,6.33473
6.30907,0.00912892,6.38243
6.33308,0.00907012,6.40563
6.2913,0.00910649,6.36409
6.24919,0.00907088,6.32208
6.38538,0.00907152,6.45815
6.42607,0.00981027,6.49967
6.2801,0.00970592,6.35379
6.25585,0.00910689,6.32856
6.31029,0.00979764,6.38362
6.38871,0.00907359,6.46168
6.36703,0.00908598,6.43991
6.23628,0.00907227,6.30917
6.23274,0.00974044,6.30605
6.22368,0.00911085,6.29657
6.3505,0.00908521,6.42311
6.2183,0.0091217,6.29083
6.27074,0.00907073,6.34345
6.28139,0.00910845,6.3543
6.2189,0.00907041,6.29168
6.29554,0.00969359,6.36878
6.21181,0.0090903,6.28483
6.23805,0.00910237,6.3112
6.29542,0.0090966,6.36818
6.39254,0.00908386,6.46509
6.30675,0.00908854,6.37945
6.3648,0.00910296,6.43845
6.32497,0.00909345,6.39783
6.25888,0.00910481,6.33175
6.27264,0.00955227,6.34601
6.30411,0.00907763,6.37676
6.55189,0.00908568,6.62454
6.20488,0.00911982,6.27799
6.34914,0.00914523,6.42245
6.25489,0.00907985,6.32854
6.34065,0.00939274,6.41357
6.271,0.00910821,6.34397
6.3206,0.0092136,6.39343
6.33755,0.00907334,6.41018
6.31895,0.00908902,6.39162
6.53344,0.00907139,6.60605
6.25822,0.00907416,6.33103
6.20911,0.00909434,6.28199
6.31718,0.00907946,6.39033
6.27815,0.00948477,6.35116
6.21283,0.00907437,6.28543
6.19751,0.00911791,6.27035
6.43735,0.00907793,6.51064
2 threads per task
6.24773,0.00830198,6.32014
6.31524,0.00700829,6.38624
6.33596,0.00828871,6.40796
6.31464,0.00676726,6.38505
6.26923,0.00735438,6.34106
6.37321,0.00717444,6.44392
6.35175,0.00756135,6.4231
6.23663,0.00852405,6.30883
6.28466,0.00761482,6.35624
6.36392,0.00673846,6.43449
6.25903,0.00682073,6.32954
6.51438,0.00681559,6.5848
6.3002,0.00680829,6.37137
6.36278,0.0073487,6.43397
6.26253,0.00696189,6.33312
6.23898,0.00715001,6.30989
6.26027,0.0073603,6.33134
6.30735,0.00830487,6.37926
6.3296,0.00759816,6.4011
6.2188,0.00678676,6.2892
6.26101,0.00764408,6.33221
6.25068,0.00697296,6.32184
6.33042,0.00817479,6.40241
6.33192,0.00713105,6.40275
6.32755,0.00766977,6.39866
6.22843,0.00677732,6.29887
6.32823,0.00689529,6.39873
6.24461,0.00817635,6.31635
6.26422,0.00841478,6.33625
6.42281,0.00809436,6.49468
6.39986,0.00670364,6.47009
6.234,0.00702365,6.30504
6.40772,0.00725267,6.47862
6.2506,0.00698983,6.3211
6.35192,0.00696464,6.4224
6.31845,0.00711321,6.38905
6.2267,0.00745289,6.29783
6.20714,0.00685538,6.27763
6.21698,0.00678475,6.28752
6.20051,0.00707884,6.2717
6.38863,0.00728879,6.45945
6.36034,0.00699408,6.43086
6.26845,0.0082412,6.34053
6.3426,0.00772685,6.41379
6.35499,0.00756707,6.42656
6.53208,0.00698787,6.60315
6.21496,0.00739275,6.28611
6.23344,0.00718493,6.30445
6.29172,0.007799,6.36305
6.33949,0.00787923,6.41144
6.32941,0.00771391,6.40066
3 threads per task
6.30152,0.00523597,6.37093
6.41528,0.00670771,6.48572
6.27558,0.00524028,6.3447
6.30327,0.00632362,6.37292
6.43702,0.00597211,6.50937
6.26918,0.00550078,6.33879
6.32693,0.00515652,6.39615
6.23042,0.00587255,6.30094
6.38626,0.00546965,6.45577
6.34806,0.00671644,6.41863
6.34489,0.00546758,6.41409
6.39084,0.00670174,6.46133
6.37878,0.00624105,6.44855
6.20726,0.0065744,6.27764
6.21477,0.00733411,6.2859
6.32007,0.00589981,6.38999
6.3952,0.00647922,6.46539
6.23209,0.00605607,6.3018
6.21773,0.00553438,6.287
6.20484,0.0096974,6.27857
6.19033,0.00647997,6.26046
6.24408,0.00705565,6.31482
6.3557,0.00603892,6.4258
6.30191,0.007735,6.37373
6.25175,0.00549858,6.3211
6.34017,0.0051453,6.40891
6.3119,0.00606557,6.38167
6.22969,0.00530657,6.29895
6.34618,0.00556007,6.41542
6.35387,0.00566469,6.42344
6.26974,0.005368,6.339
6.2375,0.00651154,6.30762
6.39083,0.00575575,6.4604
6.20748,0.00743993,6.27859
6.35662,0.00587356,6.42636
6.20233,0.00972139,6.27578
6.27653,0.00594854,6.34678
6.58661,0.00516756,6.6555
6.32591,0.00551205,6.39549
6.22205,0.00574852,6.29172
6.33259,0.00545473,6.40186
6.34751,0.00526226,6.41652
6.31901,0.00742883,6.39029
6.42769,0.00597076,6.49733
6.27767,0.00515384,6.3464
6.21166,0.00689524,6.2821
6.38578,0.0056479,6.45492
6.27817,0.00785647,6.35055
6.33002,0.00570314,6.39942
6.29725,0.00517029,6.36608
6.35659,0.00648155,6.42699
4 threads per task
6.32535,0.00858666,6.39742
6.33977,0.00422819,6.40807
6.30839,0.00459269,6.37669
6.33666,0.00545709,6.4062
6.38288,0.00448817,6.45101
6.35265,0.00487378,6.42132
6.3956,0.00577781,6.46525
6.33132,0.00564854,6.40079
6.36202,0.00462782,6.43039
6.33309,0.00487585,6.40234
6.3585,0.00569037,6.42782
6.26287,0.00428841,6.33078
6.35165,0.00408528,6.4193
6.41157,0.00652386,6.48209
6.38232,0.00416606,6.45037
6.53083,0.00740103,6.60203
6.29029,0.00570085,6.35939
6.37913,0.0046307,6.44724
6.37511,0.00402846,6.44273
6.36001,0.00440971,6.42845
6.38209,0.00436569,6.4505
6.20558,0.00407388,6.27326
6.53538,0.00829692,6.6074
6.25456,0.00422264,6.32238
6.42233,0.00402612,6.49035
6.22573,0.00413581,6.29429
6.28445,0.00572503,6.35425
6.35022,0.0070544,6.42072
6.35398,0.00411247,6.42194
6.29009,0.00561036,6.35924
6.39737,0.00626642,6.46726
6.26279,0.00490304,6.33139
6.32652,0.00405702,6.39429
6.34746,0.00616159,6.4174
6.19943,0.00458395,6.26792
6.20799,0.00468322,6.27659
6.26705,0.00485448,6.33553
6.35873,0.00547084,6.42807
6.27077,0.00429459,6.33851
6.34176,0.00415657,6.40964
6.43619,0.00610599,6.50621
6.36336,0.00407953,6.43131
6.33735,0.00614762,6.40698
6.33366,0.00538825,6.4033
6.28584,0.004294,6.354
6.33392,0.00857055,6.40692
6.33824,0.00484687,6.40704
6.20936,0.0040613,6.27718
6.33297,0.00603929,6.40323
6.32675,0.00492762,6.39537
6.26454,0.0048274,6.33333
5 threads per task
6.37323,0.00576131,6.44253
6.34638,0.00807683,6.41821
6.31297,0.00590687,6.3829
6.35677,0.00743961,6.42765
6.23183,0.00534007,6.301
6.32279,0.00567244,6.39205
6.25481,0.00591784,6.32472
6.29373,0.00750119,6.36472
6.31716,0.00788216,6.38842
6.27592,0.00557116,6.34503
6.32423,0.00711995,6.39536
6.32309,0.0146665,6.40169
6.32397,0.00675625,6.39456
6.32596,0.00530433,6.39483
6.22616,0.00708583,6.29676
6.34211,0.00557908,6.41163
6.31804,0.00702924,6.38946
6.30757,0.00687208,6.37805
6.37521,0.00572974,6.44452
6.34313,0.00621889,6.41292
6.32746,0.00677451,6.39773
6.35085,0.00682045,6.42132
6.21759,0.00573336,6.28748
6.31967,0.00590635,6.38942
8.50863,0.00710923,8.57924
6.38483,0.00711852,6.45579
6.3152,0.00688888,6.38588
6.34487,0.00730331,6.4157
6.31938,0.00765761,6.39087
6.24815,0.00798847,6.31984
6.38582,0.00526618,6.45478
6.44304,0.00624945,6.51281
6.25243,0.00687328,6.32287
6.25673,0.00687374,6.32759
6.20685,0.00783111,6.27839
6.34168,0.00528425,6.41055
6.3428,0.00717145,6.4137
6.2332,0.0057424,6.30279
6.31835,0.00497464,6.3874
6.42809,0.00477152,6.49703
6.30319,0.00629191,6.37307
6.3201,0.00712511,6.39072
6.34924,0.0161177,6.42946
6.3243,0.00675595,6.39475
6.27858,0.00573847,6.34794
6.39609,0.00631885,6.46586
6.3281,0.00683041,6.39898
6.20036,0.00689463,6.27076
6.22502,0.00768903,6.29613
6.22842,0.0087115,6.30064
6.306,0.00711856,6.37671
6 threads per task
6.30055,0.00709227,6.37116
6.37079,0.00918003,6.44404
6.32463,0.00661592,6.39646
6.27858,0.00662168,6.34863
6.28591,0.00599954,6.3558
6.68351,0.00688476,6.75438
6.19653,0.00661041,6.26717
6.21763,0.00660706,6.28781
6.35172,0.00651918,6.42203
6.29248,0.00737475,6.36344
6.35193,0.00713795,6.42303
6.37899,0.00659402,6.44943
6.35326,0.00876035,6.42571
6.27072,0.00682177,6.34117
6.37153,0.00637351,6.44202
6.22031,0.00777627,6.29179
6.40661,0.00753688,6.47805
6.2162,0.00432032,6.28426
6.55494,0.00629987,6.62485
6.5701,0.00660736,6.64038
6.22649,0.00657236,6.29701
6.30857,0.00657392,6.37923
6.5178,0.00659119,6.58807
6.26919,0.00591976,6.3386
6.19048,0.00597581,6.26024
6.21602,0.00661632,6.28636
6.32047,0.0068288,6.39083
6.32718,0.00662775,6.39765
6.38932,0.00658407,6.4593
6.33197,0.00738411,6.403
6.38509,0.0082906,6.45726
6.34492,0.00660511,6.4151
6.32939,0.00911093,6.40209
6.39529,0.00580629,6.46447
6.45076,0.00595807,6.52071
6.20908,0.00792414,6.28087
6.32954,0.00751923,6.4015
6.3372,0.00659886,6.40769
6.33996,0.00527156,6.40872
6.27045,0.00661491,6.34145
6.23995,0.00807444,6.31179
6.2746,0.00656351,6.34498
6.30506,0.00791725,6.37656
6.34231,0.00729825,6.41366
6.34609,0.00649906,6.41618
6.27821,0.00753705,6.3496
6.32688,0.00653663,6.39695
6.27599,0.00599162,6.34595
6.19946,0.00695617,6.27047
6.2876,0.00598403,6.35707
6.26578,0.00736185,6.33713
7 threads per task
6.28293,0.00722677,6.35389
6.31241,0.00874461,6.38475
6.28668,0.00880428,6.35968
6.3903,0.00999812,6.464
6.35619,0.00896182,6.42909
6.28679,0.00841081,6.35935
6.43852,0.00874354,6.51088
6.30303,0.0107877,6.3775
6.36401,0.00679789,6.4344
6.43083,0.00710552,6.50167
6.39631,0.00651116,6.4664
6.33774,0.00683927,6.40838
6.26426,0.00658441,6.33452
6.33303,0.00892313,6.40591
6.2209,0.00847247,6.29306
6.34499,0.00671076,6.41535
6.22514,0.00660819,6.29534
6.19639,0.00874762,6.26875
6.19746,0.00671755,6.26795
6.34969,0.00825376,6.42152
6.38223,0.00710261,6.45288
6.28221,0.00611979,6.35214
6.20335,0.00648693,6.27349
6.32784,0.00838934,6.39997
6.34041,0.00545944,6.40984
6.3179,0.0056384,6.38711
6.36005,0.00873975,6.43248
6.30069,0.0056993,6.37002
6.31867,0.00589737,6.3885
6.36697,0.00736464,6.4386
6.21365,0.0181643,6.29575
6.23028,0.00661371,6.30089
6.20321,0.00725907,6.27443
6.32698,0.00716713,6.39805
6.50826,0.00820786,6.58017
6.31214,0.00827973,6.38398
6.22916,0.00590488,6.29886
6.38,0.00571107,6.44931
6.33505,0.00689168,6.40586
6.23619,0.00582926,6.30575
6.3599,0.0064731,6.43026
6.29027,0.00897555,6.36287
6.26562,0.00852619,6.33777
6.36594,0.00560393,6.43519
6.38538,0.00646568,6.45543
6.26662,0.00724683,6.33772
6.34117,0.00584071,6.4105
6.22143,0.00860127,6.29442
6.37053,0.00823216,6.44231
6.26645,0.00619867,6.33615
6.28474,0.017561,6.36757
8 threads per task
6.19914,0.00878503,6.27194
6.3407,0.00885465,6.41303
6.38831,0.00775354,6.45958
6.3345,0.00798499,6.40613
6.32582,0.00671288,6.39607
6.28373,0.00661335,6.35418
6.29516,0.00625113,6.36545
6.35647,0.00676418,6.42675
6.23306,0.00795959,6.30459
6.33585,0.00606998,6.40597
6.35812,0.00938116,6.43127
6.39541,0.00654753,6.46554
6.37439,0.0090434,6.44742
6.28229,0.00625039,6.35241
6.31972,0.00906856,6.39245
6.34094,0.00624974,6.41102
6.37388,0.00619379,6.44367
6.35736,0.0060705,6.42712
6.3164,0.0065492,6.38646
6.30233,0.00614134,6.37228
6.2423,0.00878289,6.31472
6.35176,0.00815098,6.42358
6.21626,0.0062556,6.28619
6.40292,0.00714728,6.47365
6.22138,0.00624765,6.29139
6.23484,0.00873762,6.30733
6.37295,0.00634529,6.44295
6.52523,0.00662178,6.59538
6.27092,0.00576629,6.34068
6.33849,0.00624881,6.4084
6.28095,0.00635811,6.3509
6.21546,0.00605947,6.28526
6.33697,0.00632384,6.40704
6.38362,0.00624304,6.4538
6.45376,0.00720582,6.5249
6.2336,0.00782135,6.30537
6.34826,0.00625501,6.41812
6.20784,0.00954224,6.28124
6.35995,0.00635972,6.43003
6.31383,0.00623813,6.38378
6.22036,0.00784841,6.29182
6.26829,0.00734174,6.33955
6.26605,0.00707449,6.33692
6.34467,0.00646493,6.41496
6.2965,0.00850506,6.36897
6.30877,0.00785348,6.38024
6.26736,0.00630929,6.33735
6.20968,0.00741023,6.281
6.23723,0.00868382,6.30992
6.34322,0.00624651,6.41305
6.40151,0.00797915,6.47303
