5 tasks per node
 threads per task
4.20882,0.000454141,5.18072
4.14939,0.000482179,5.12048
4.1483,0.000497865,5.12274
4.15662,0.000664841,5.12525
4.12683,0.000484372,5.09293
4.14533,0.00055377,5.1123
4.14648,0.000490613,5.11161
4.17746,0.000541234,5.14575
4.08453,0.000515342,5.05334
4.13108,0.000487791,5.10716
4.22571,0.00055686,5.19574
4.08998,0.000483116,5.05956
4.05525,0.000497833,5.03162
4.18304,0.000579223,5.14763
4.0725,0.000526827,5.06022
4.16637,0.000555703,5.1367
4.14354,0.000441434,5.11251
4.16144,0.000477979,5.13206
4.07925,0.000530766,5.05506
4.06489,0.000539618,5.03519
4.27412,0.000589618,5.254
4.15928,0.000465244,5.12846
4.21455,0.00051144,5.18165
4.15849,0.000493113,5.13003
4.13288,0.000515195,5.10211
4.19923,0.000460327,5.16874
4.17985,0.000471178,5.14364
4.12122,0.00056624,5.09627
4.17959,0.000424657,5.14622
4.07341,0.000468453,5.04649
4.09612,0.000562966,5.06347
4.12434,0.000549918,5.10353
4.10438,0.000549518,5.07345
4.10758,0.000511665,5.07986
4.06451,0.000558302,5.03146
4.16555,0.000522656,5.13408
4.14953,0.000518288,5.11387
4.15999,0.000446403,5.1417
4.13739,0.000568746,5.10579
4.17342,0.00058344,5.14587
4.13082,0.00051526,5.11126
4.12464,0.000470048,5.09038
4.23064,0.000460533,5.19972
4.16116,0.000524517,5.13053
4.17308,0.000701541,5.13998
4.08618,0.000456885,5.05735
4.13854,0.000789952,5.11576
4.07313,0.000558244,5.05003
4.1258,0.000425488,5.09052
4.15194,0.000632776,5.12683
4.15852,0.000585746,5.12393
 threads per task
4.18889,0.00118143,5.16674
4.09066,0.000634361,5.0645
4.05176,0.000410538,5.0233
4.12248,0.00222531,5.09292
4.13883,0.00140311,5.112
5.01694,0.000914831,5.99591
4.07959,0.000407035,5.04914
4.18756,0.000935264,5.1568
4.1845,0.000773419,5.15361
4.05026,0.00087915,5.02096
4.19738,0.00127143,5.16979
4.1413,0.00102701,5.12602
4.15245,0.00178515,5.11867
4.12105,0.00168706,5.0986
4.13626,0.00123938,5.11085
4.24114,0.00135712,5.21646
4.14651,0.00101424,5.12327
4.51751,0.000797978,5.49172
4.1407,0.00160579,5.11293
4.11986,0.000331171,5.09574
4.12834,0.000806082,5.09403
4.09928,0.00138178,5.07092
4.1433,0.000339219,5.11094
4.09068,0.00172285,5.05958
4.05607,0.00182717,5.03804
4.12098,0.00122819,5.09839
4.08572,0.000585755,5.05588
4.1182,0.000458183,5.0869
4.19035,0.000778878,5.15716
4.07955,0.00163417,5.04817
4.02343,0.000990815,4.99203
4.16026,0.00122981,5.1325
4.07205,0.00107408,5.04249
4.12879,0.000937715,5.09859
4.11274,0.00111825,5.09059
4.06953,0.000533093,5.04275
4.57195,0.00050349,5.54823
4.09518,0.00176878,5.06404
4.1764,0.00126017,5.14761
4.07913,0.000957146,5.05756
4.15648,0.00114365,5.12214
4.23189,0.00115602,5.20403
4.10526,0.000892919,5.07545
4.20994,0.00048871,5.18562
4.16516,0.00180519,5.12956
4.14898,0.000516059,5.11454
4.10203,0.00135856,5.07208
4.08267,0.000869866,5.04773
4.13459,0.00193015,5.10416
4.07758,0.00117291,5.0557
4.15124,0.00196508,5.11913
 threads per task
4.06432,0.00371119,5.03837
4.13997,0.00356099,5.11228
4.16319,0.0035578,5.13412
4.12665,0.00365584,5.10438
4.17919,0.00349282,5.14715
4.1457,0.00375093,5.13019
4.18751,0.00361762,5.16289
4.14168,0.00359221,5.11696
4.06775,0.00356737,5.03775
4.14579,0.00367088,5.1288
4.09784,0.00359246,5.06934
4.08715,0.00368284,5.06011
4.23224,0.00364536,5.20268
4.0387,0.00373112,5.02383
4.19696,0.00361073,5.16925
4.13183,0.00361391,5.11128
4.17731,0.0035843,5.14692
4.18556,0.00366403,5.16431
4.1,0.00367078,5.07588
4.07672,0.00359842,5.04835
4.17705,0.00372273,5.1459
4.11952,0.00367203,5.09667
4.11889,0.00361804,5.09591
4.17272,0.00372365,5.14171
4.12124,0.00345431,5.10135
4.11722,0.00362602,5.08771
4.22146,0.00359509,5.19742
4.14029,0.00363607,5.11862
4.12074,0.00352178,5.08999
4.20321,0.00366449,5.17737
4.17187,0.00372255,5.14057
4.1424,0.00359844,5.11325
4.12162,0.00387775,5.09898
4.14679,0.00359072,5.11912
4.31162,0.00369813,5.2946
4.16157,0.00353672,5.13175
4.09055,0.00367782,5.07962
4.04942,0.00387649,5.0177
4.12619,0.00361464,5.09489
4.12905,0.00357888,5.11241
4.07932,0.0034878,5.06109
4.20526,0.00385022,5.17789
4.13487,0.00352417,5.10271
4.08486,0.00364348,5.05935
4.16544,0.00359109,5.13747
4.07409,0.00408389,5.04156
4.15793,0.00376731,5.13072
4.19138,0.0038133,5.16096
4.18742,0.00351358,5.15579
4.09052,0.00349653,5.07044
4.12478,0.00368825,5.09467
 threads per task
4.07567,0.00880124,5.06625
4.05464,0.0051863,5.03336
4.06617,0.00526298,5.0397
4.17578,0.0138639,5.16074
4.17822,0.00858574,5.15969
4.06613,0.0138958,5.05898
4.15016,0.00508272,5.12455
4.17729,0.0095164,5.16512
4.15848,0.00585234,5.13209
4.0884,0.00850332,5.07268
4.15382,0.0141461,5.13826
4.20679,0.0142504,5.18748
4.14092,0.00508622,5.10725
4.18502,0.0087192,5.16703
4.12731,0.0140147,5.10863
4.21225,0.00683994,5.18297
4.04969,0.01366,5.03276
4.07002,0.0134957,5.0517
4.16521,0.0124991,5.14456
4.20324,0.00666385,5.17493
4.13536,0.0144145,5.11973
4.17457,0.01237,5.15094
4.08458,0.0138023,5.07039
4.24957,0.0182484,5.24222
4.0741,0.0165979,5.05734
4.15167,0.0136718,5.13956
4.12765,0.00621875,5.11026
4.14477,0.0053042,5.12053
4.14641,0.00564963,5.12103
4.05238,0.00891675,5.02409
4.02344,0.00509162,4.99378
4.15964,0.00866299,5.13483
4.13836,0.0135393,5.11968
4.07021,0.0092136,5.05055
4.13853,0.0134612,5.11872
4.07855,0.0100742,5.05852
4.11983,0.00511413,5.09295
4.12145,0.00859565,5.10397
4.14902,0.00514088,5.12405
4.08128,0.00589368,5.06009
4.16527,0.00518366,5.1411
4.12499,0.0127216,5.102
4.13795,0.00515382,5.11832
4.16331,0.0136418,5.14673
4.09904,0.0106011,5.0758
4.22169,0.0142194,5.20147
4.05481,0.0143877,5.0383
4.07194,0.0148124,5.05344
4.21379,0.00904604,5.18624
4.10845,0.0137772,5.09304
4.04123,0.00901885,5.0151
 threads per task
4.08635,0.00901724,5.06148
4.15051,0.00704645,5.1266
4.22613,0.00891058,5.2017
4.12067,0.00532391,5.09089
4.14536,0.0139644,5.12418
4.10798,0.00594967,5.09131
4.182,0.0148114,5.17451
4.07208,0.00677586,5.04991
4.19323,0.0156677,5.19939
4.14462,0.00824358,5.12284
4.07233,0.00778027,5.04979
4.20167,0.0135726,5.18051
4.12469,0.0085162,5.1
4.05876,0.0146341,5.05127
4.08544,0.0147139,5.06917
4.06086,0.00950364,5.03688
4.1013,0.00819498,5.07794
4.11563,0.0102954,5.11538
4.12979,0.0148415,5.11239
4.16145,0.00904627,5.1537
4.1418,0.00853735,5.12472
4.0878,0.0186517,5.07623
4.1291,0.0144142,5.11451
4.15794,0.00850181,5.1345
4.15021,0.0121653,5.12741
4.07502,0.00574776,5.05011
4.08901,0.0102306,5.06931
4.16051,0.00831916,5.13726
4.07335,0.0139674,5.05742
4.13545,0.00675515,5.10924
4.13563,0.0102352,5.11543
4.1407,0.00836117,5.11726
4.1755,0.00583935,5.15779
4.10825,0.00882593,5.08285
4.08733,0.00527321,5.06258
4.17584,0.00673258,5.14532
4.09286,0.0162642,5.10461
4.09541,0.0111643,5.07697
4.0941,0.0051507,5.07066
4.08534,0.00518916,5.05843
4.08855,0.0082045,5.05958
4.07904,0.01016,5.05025
4.14324,0.00676516,5.12004
4.15208,0.00672284,5.1297
4.15552,0.00584171,5.12918
4.09337,0.0134052,5.07973
4.16349,0.00897485,5.14122
4.1102,0.0146243,5.09192
4.11714,0.0104012,5.09431
4.0603,0.00867856,5.0384
4.08237,0.0117078,5.05938
 threads per task
4.05294,0.00899542,5.03019
4.15158,0.00856673,5.13361
4.37258,0.0160209,5.35538
4.34146,0.00990388,5.31618
4.1212,0.00966219,5.09561
4.11831,0.0156758,5.1001
4.0679,0.0102167,5.04644
4.09082,0.0162374,5.07588
4.5145,0.0148809,5.50508
4.14185,0.00819979,5.11466
4.19418,0.0091417,5.17057
4.18212,0.0158918,5.17018
4.15801,0.00977604,5.1407
4.1102,0.00834633,5.08786
4.20097,0.00869206,5.17611
4.08118,0.0158734,5.06579
4.16196,0.00892687,5.13948
4.17138,0.00853359,5.14929
4.09765,0.0137634,5.08636
4.14513,0.0159096,5.13095
4.16703,0.0177472,5.15462
4.04355,0.00993409,5.02002
4.16506,0.00838465,5.14279
4.13581,0.00828712,5.12025
4.12453,0.00845548,5.10488
4.09879,0.00846792,5.07802
4.14417,0.00837288,5.11638
4.08533,0.0160247,5.07087
4.05997,0.0164294,5.04414
4.07492,0.00831421,5.05367
4.15435,0.00856211,5.13211
4.15716,0.0158106,5.15306
4.12259,0.00827929,5.09642
4.18187,0.0178963,5.17003
4.09673,0.00887346,5.07774
4.13031,0.00845498,5.10406
4.22179,0.00830346,5.19886
4.10157,0.0083021,5.08181
4.1543,0.0085651,5.13062
4.08339,0.0100274,5.06744
4.10717,0.00878764,5.0823
4.0478,0.00852101,5.0293
4.04943,0.00842168,5.02766
4.14412,0.00868105,5.12883
4.14298,0.0083277,5.1154
4.16998,0.0083332,5.14586
4.10042,0.0083947,5.07727
4.21528,0.00849355,5.19095
4.14981,0.00895821,5.1308
4.14928,0.0217141,5.14804
4.0903,0.00881021,5.06357
 threads per task
4.1279,0.0119375,5.10481
4.07126,0.0165665,5.05475
4.10935,0.0101844,5.08693
4.14954,0.0208005,5.14286
4.0687,0.0165347,5.0528
4.17571,0.0114122,5.15691
4.06456,0.0114939,5.04639
4.14799,0.0178837,5.13103
4.14414,0.0101153,5.12249
4.05138,0.00998287,5.03122
4.15544,0.0144436,5.1372
4.17685,0.0139203,5.15444
4.1,0.00994621,5.08158
4.09504,0.0114345,5.073
4.07257,0.012269,5.04988
4.16826,0.0190994,5.1589
4.15586,0.0100489,5.13949
4.08083,0.00997899,5.05929
4.112,0.0124246,5.0937
4.22701,0.00986772,5.20488
4.16469,0.0099051,5.15042
4.06715,0.010486,5.05244
4.15953,0.0175855,5.14938
4.14044,0.00991125,5.11572
4.0767,0.0117881,5.05702
4.12449,0.0117313,5.10375
4.16169,0.0157867,5.16743
4.14211,0.0113908,5.12811
4.17854,0.0146253,5.16623
4.08552,0.010102,5.06072
4.2221,0.00999791,5.20454
4.13343,0.00998126,5.11065
4.32117,0.00991965,5.2994
4.0991,0.0115597,5.08281
4.155,0.0187452,5.13608
4.07881,0.0100063,5.06363
4.04876,0.0162293,5.033
4.16367,0.0195961,5.17509
4.13337,0.0100665,5.12026
4.07566,0.0116744,5.06041
4.09725,0.0116129,5.08953
4.1663,0.0187929,5.15847
4.14079,0.0162185,5.12402
4.08157,0.00989462,5.0632
4.12312,0.0101286,5.10394
4.14917,0.0114705,5.12747
4.05071,0.0100744,5.02889
4.11723,0.0102893,5.09742
4.06018,0.0138741,5.04523
4.20002,0.0179791,5.18765
4.07001,0.0112788,5.05187
 threads per task
4.12997,0.0117319,5.112
4.13293,0.0117461,5.12094
4.11438,0.0114502,5.10874
4.08588,0.0115644,5.06954
4.14761,0.0116209,5.12389
4.26797,0.0114528,5.24516
4.13512,0.0162416,5.13282
4.16787,0.0117051,5.14648
4.13391,0.0135865,5.1136
4.13994,0.0116432,5.12116
4.11679,0.0115139,5.09666
4.19921,0.0115132,5.1771
4.17657,0.0115996,5.15329
4.0629,0.0115849,5.0463
4.16448,0.0116206,5.14929
4.09048,0.00995233,5.06613
4.08484,0.0116393,5.06443
4.15861,0.0116852,5.144
4.06081,0.0115353,5.03615
4.05483,0.0155314,5.04635
4.16148,0.0114934,5.14128
4.38377,0.0114763,5.36142
4.06445,0.013592,5.05117
4.09148,0.0134877,5.07262
4.10175,0.0115609,5.08749
4.14893,0.0126707,5.13246
4.29082,0.0115788,5.27321
4.13761,0.0113978,5.11449
4.07705,0.0116637,5.06183
4.09714,0.0115662,5.07926
4.15729,0.017567,5.14345
4.07228,0.0115646,5.06301
4.1295,0.017264,5.11862
4.13179,0.0136007,5.12458
4.10345,0.0220629,5.10295
4.14652,0.0115922,5.12312
4.16235,0.0101224,5.14835
4.65032,0.0115388,5.62817
4.14248,0.0115291,5.1219
4.56637,0.0209991,5.55635
4.09684,0.01154,5.09054
4.09228,0.0185247,5.07803
4.09238,0.0196062,5.07798
4.15541,0.016669,5.14255
4.18703,0.0111365,5.19746
4.1705,0.0130622,5.15915
4.08524,0.0116494,5.0686
4.06051,0.0116041,5.04362
4.13655,0.0132775,5.12188
4.18396,0.0115283,5.16484
4.07335,0.0116849,5.05273
