4 tasks per node
1 threads per task
6.28722,0.00170648,7.84862
6.43375,0.0014429,7.95842
6.44387,0.00175262,7.97863
6.47462,0.00153787,7.98262
6.33272,0.00182163,7.94424
6.47639,0.00171376,8.00106
6.47302,0.00143413,7.98693
6.88842,0.00143784,8.41746
6.49144,0.00176628,7.99925
6.5145,0.00172663,8.02262
6.72246,0.00152894,8.23735
6.46764,0.00146293,7.9741
8.00267,0.00153021,9.51832
6.38879,0.00142866,7.90615
6.53415,0.00177817,8.04614
6.32932,0.00147039,7.90334
6.45246,0.00146468,7.95889
6.32152,0.00166856,7.84196
6.41894,0.00149145,7.94387
6.29611,0.00139946,7.82612
6.45285,0.00176729,7.97588
6.37219,0.00176236,7.89337
6.46082,0.00162361,7.97951
6.56387,0.00157478,8.08085
6.41974,0.00172269,7.93438
6.31824,0.00154554,7.84007
6.51502,0.00166542,8.12092
6.55926,0.0017027,8.06772
6.44384,0.00139364,7.96477
6.42192,0.00146888,7.93641
6.26252,0.0014587,7.78247
6.53461,0.00157123,8.0583
6.53486,0.00139204,8.05057
6.45056,0.00175209,7.97387
6.5027,0.00170846,8.03499
6.51824,0.00139643,8.05203
6.36602,0.00156506,7.8757
6.39982,0.0014688,7.95884
6.3653,0.00146766,7.87966
6.5201,0.00168962,8.02865
6.44934,0.00175891,7.98627
6.69028,0.00159419,8.22006
6.58582,0.00144119,8.10569
6.52065,0.00145836,8.02727
6.46336,0.00139643,8.02421
6.31635,0.00172214,7.83282
6.45012,0.00175846,7.96174
6.3855,0.0014933,7.89939
6.70122,0.00177117,8.26052
6.28299,0.00171141,7.78771
6.69821,0.00160074,8.22946
2 threads per task
6.38219,0.00242708,7.89669
6.55291,0.00222414,8.07219
6.47187,0.00147814,7.99219
6.53071,0.00234572,8.0382
6.46393,0.0017581,7.98244
6.42667,0.0012416,7.9428
6.36072,0.00138138,7.8849
6.46403,0.00124735,7.9877
6.47742,0.00156283,8.00556
6.37823,0.00134584,7.90929
6.30055,0.00172505,7.81963
6.54265,0.00152492,8.07717
6.45385,0.00123004,7.98515
6.33302,0.00168539,7.83801
6.56811,0.001192,8.08237
6.51021,0.00155047,8.01779
6.48785,0.00153765,8.06027
6.51994,0.00189302,8.04273
6.44179,0.0013303,7.96155
6.54664,0.00126353,8.07467
6.43585,0.00122853,7.99421
6.54562,0.00134538,8.06338
6.32852,0.00159261,7.83606
6.29875,0.00177684,7.82295
6.38615,0.00140983,7.91358
6.57589,0.00120826,8.0913
6.49625,0.00153177,8.00835
6.48053,0.0013281,8.04689
6.38636,0.00152122,7.9084
6.50836,0.0026967,8.0324
6.37726,0.00138249,7.89949
6.57299,0.00187382,8.08273
6.4893,0.00127984,7.99665
6.35999,0.00129806,7.87168
6.51555,0.00120819,8.03086
6.45127,0.0013858,7.96547
6.28784,0.00147373,7.80527
6.49609,0.00241298,8.01097
6.53416,0.00153161,8.08893
6.62343,0.00147143,8.13761
6.37885,0.00137746,7.88428
6.38521,0.00166326,7.89763
6.48496,0.00132992,8.0384
6.39896,0.00153609,7.9102
6.34767,0.0012783,7.86973
6.56347,0.0020113,8.07866
6.47417,0.00149393,8.05124
6.54002,0.00150656,8.04981
6.38598,0.00208556,7.90242
6.59257,0.00128021,8.10421
6.42066,0.00126472,7.93536
3 threads per task
6.46991,0.00228371,7.97894
6.59339,0.0014716,8.10708
6.46093,0.00236669,8.02864
6.52729,0.00133243,8.0619
6.28921,0.00222368,7.81074
6.42631,0.00116507,7.94561
6.62677,0.00151239,8.13803
6.34013,0.0014403,7.84696
6.25801,0.00103836,7.77953
6.50061,0.00128839,8.00667
6.48761,0.00135447,8.00565
6.41369,0.00216865,7.92861
6.47077,0.00195522,7.97981
6.3998,0.00128905,7.90808
6.41211,0.00202084,7.92831
6.30619,0.00100077,7.8187
6.58279,0.00186548,8.10182
6.50195,0.00103485,8.08212
6.27461,0.00191466,7.78965
6.4629,0.00225365,7.97682
6.51591,0.00193567,8.04975
6.39011,0.00129981,7.96969
6.32422,0.00105875,7.84411
6.53345,0.00148789,8.0509
6.37708,0.00213928,7.88839
6.50796,0.00131172,8.0346
6.49392,0.0013068,8.03297
6.55717,0.00205462,8.0669
6.41836,0.00117148,7.97239
6.88659,0.00389512,8.40721
6.5009,0.00117783,8.01837
6.46215,0.00149067,7.98327
6.5539,0.00109625,8.06381
6.46149,0.00131551,7.97814
6.49234,0.00206594,8.00973
error: error running IJS server: "could not get remote execution state"
--------------------------------------------------------------------------
ORTE was unable to reliably start one or more daemons.
This usually is caused by:

* not finding the required libraries and/or binaries on
  one or more nodes. Please check your PATH and LD_LIBRARY_PATH
  settings, or configure OMPI with --enable-orterun-prefix-by-default

* lack of authority to execute on one or more specified nodes.
  Please verify your allocation and authorities.

* the inability to write startup files into /tmp (--tmpdir/orte_tmpdir_base).
  Please check with your sys admin to determine the correct location to use.

*  compilation of the orted with dynamic libraries when static are required
  (e.g., on Cray). Please check your configure cmd line and consider using
  one of the contrib/platform definitions for your system type.

* an inability to create a connection back to mpirun due to a
  lack of common network interfaces and/or no route found between
  them. Please check network connectivity (including firewalls
  and network routing requirements).
--------------------------------------------------------------------------
7.07875,0.00238212,8.59309
6.38957,0.00143347,7.90866
6.34276,0.00225942,7.86231
6.52397,0.000991513,8.0401
6.33086,0.00127649,7.89087
6.36432,0.00149947,7.87902
6.42868,0.00129764,7.94454
6.49432,0.00193139,8.02168
6.57307,0.00231008,8.13487
6.30601,0.00224973,7.82584
6.53928,0.00193902,8.05658
6.48024,0.00239377,7.99184
6.31278,0.00134134,7.88257
6.32844,0.00229768,7.8461
6.50075,0.0034014,8.01
4 threads per task
6.46334,0.00240975,7.99049
6.56958,0.00196808,8.08336
6.6008,0.00123001,8.12158
6.51168,0.00183155,8.02992
6.55765,0.00125429,8.07974
6.66802,0.00115504,8.18286
6.58334,0.00358064,8.10301
6.54562,0.00132198,8.0617
6.47913,0.00197091,8.03897
6.27622,0.00373341,7.79325
6.3093,0.00283937,7.82392
6.3494,0.00292883,7.85964
6.44405,0.000910748,8.00251
6.44946,0.000983015,7.96093
6.48949,0.00260399,8.00245
6.38428,0.00194806,7.89618
6.50468,0.000977614,8.07242
6.28371,0.00192653,7.79682
6.34707,0.00189587,7.87706
6.47048,0.00380437,7.98558
6.55713,0.00195022,8.06671
6.51706,0.00159628,8.02477
6.37365,0.00225403,7.89366
6.46982,0.00255316,7.98043
6.48691,0.00189348,8.00248
6.51125,0.00192337,8.04674
6.3552,0.0020912,7.87416
6.35396,0.00224841,7.8666
6.29429,0.00219903,7.80362
6.40957,0.00215864,7.91579
6.42918,0.001423,7.94886
6.36447,0.00214464,7.91839
6.48067,0.0013108,8.01745
6.56925,0.00361819,8.09505
6.29067,0.00211537,7.80155
6.52738,0.00199685,8.10472
6.4872,0.00212583,7.99747
6.5717,0.00202314,8.10279
6.50763,0.00163599,8.02068
6.46447,0.00121125,7.98695
6.45412,0.00339078,7.97216
6.41849,0.00141297,7.9372
6.43106,0.00192591,8.01681
6.31889,0.00219228,7.82643
6.63904,0.00148981,8.16221
6.47146,0.00188736,8.00224
6.5444,0.00116324,8.10687
6.2829,0.000892146,7.79879
6.40903,0.00217866,7.94455
6.49139,0.00153313,8.00747
6.4506,0.00199258,8.03808
5 threads per task
6.34834,0.00383987,7.8684
6.47097,0.0053236,7.9874
6.44975,0.00384752,7.9766
6.43182,0.00516506,7.95581
6.34882,0.00524025,7.89415
6.52637,0.00472327,8.06276
6.38241,0.00379637,7.9122
6.50304,0.00498385,8.02608
6.6704,0.0051694,8.1999
6.49914,0.00526337,8.02313
6.58064,0.00382185,8.09567
6.38206,0.00424538,7.89737
6.4897,0.0136574,8.03162
6.53026,0.00420468,8.04493
6.6584,0.00382697,8.22788
6.37978,0.0141815,7.91869
6.52226,0.00395842,8.0353
6.47776,0.00526245,8.01581
6.4207,0.00520118,7.98682
6.45968,0.00408901,7.98557
6.53519,0.00683204,8.05239
6.35846,0.00533879,7.8846
6.4367,0.00449439,8.00403
6.46565,0.00525851,7.99838
6.39443,0.00407881,7.91602
6.39393,0.00743935,7.91614
6.54393,0.00549883,8.06792
6.34786,0.00419699,7.86544
6.49325,0.00560907,8.03103
6.43636,0.0113532,7.95922
6.47192,0.00892348,7.99537
6.36065,0.0136598,7.88441
6.47946,0.00410148,8.00077
6.54905,0.0044681,8.11401
6.4422,0.00417181,7.97865
6.25508,0.00397641,7.78141
6.46719,0.00527649,7.98399
6.423,0.00431614,8.0127
6.53507,0.0110081,8.05551
6.63108,0.00542578,8.16659
6.53711,0.00496913,8.04691
6.32501,0.00433546,7.88317
6.8101,0.00587588,8.34611
6.46259,0.00380938,7.97862
6.34364,0.00387042,7.8589
6.42938,0.00573835,7.952
6.54308,0.00461963,8.07466
6.47667,0.00514678,7.99631
6.51556,0.00532044,8.07649
6.37228,0.0052171,7.90273
7.07299,0.00542298,8.59874
6 threads per task
6.47102,0.00531032,7.98635
6.41613,0.0144967,7.93776
6.34188,0.0066362,7.87439
6.41535,0.00530988,7.95106
6.50358,0.00539858,8.03758
6.39698,0.00517193,7.92577
6.50941,0.00859055,8.04097
6.57139,0.0053867,8.10313
6.34879,0.00583337,7.92484
6.36893,0.00523455,7.89378
6.47808,0.0117905,8.01561
6.52909,0.00507681,8.05082
6.48253,0.00504347,8.04453
6.43655,0.0052248,7.96101
6.409,0.00515987,7.93895
6.46666,0.0059113,8.03711
6.45536,0.00521729,7.96686
6.59914,0.00660443,8.10972
6.4137,0.00533287,7.93773
6.4659,0.00509613,7.98603
6.43645,0.00542424,7.95432
6.40239,0.00524586,7.91931
6.46637,0.010027,7.99248
6.48835,0.0052811,8.01534
6.45281,0.00528397,7.97856
6.45581,0.0140072,7.97456
6.6124,0.0146721,8.14526
6.42653,0.00507233,7.95436
6.45845,0.00618665,7.98658
6.52532,0.00515985,8.04108
6.22685,0.00529222,7.79207
6.5457,0.00502901,8.05674
6.28811,0.00533283,7.81732
6.44096,0.0053171,7.96978
6.58177,0.00529449,8.1422
6.47737,0.0147344,7.99737
6.67171,0.00527476,8.18945
6.43049,0.00519281,7.95994
6.50096,0.00536773,8.06833
6.52481,0.00642139,8.0517
6.39807,0.00548474,7.92212
6.45594,0.00522669,7.97673
6.41967,0.005286,7.98895
6.50732,0.00549967,8.03684
6.47751,0.00619923,8.02509
6.38421,0.00706153,7.9119
6.47706,0.00530987,7.99607
6.48853,0.00525885,8.00964
6.43141,0.00524795,7.95392
6.42463,0.00584263,7.94861
6.48463,0.00517054,8.00686
7 threads per task
6.29343,0.00682871,7.80666
6.47881,0.00638946,8.00189
6.41336,0.00691347,7.92927
6.29594,0.00672456,7.83016
6.52872,0.0163418,8.06426
6.35863,0.00543594,7.88475
6.50656,0.00538989,8.07482
6.39685,0.00615577,7.90981
6.39992,0.00531453,7.93408
6.39141,0.00692309,7.92783
6.49644,0.00531373,8.09711
6.57154,0.00545001,8.09957
6.40678,0.00666881,7.92255
6.58052,0.00529716,8.11802
6.41516,0.00585611,7.9774
6.50369,0.00580461,8.03456
6.45517,0.00642674,7.98153
6.5587,0.00682154,8.08166
6.68838,0.00628022,8.26063
6.4232,0.00523392,7.95493
6.44316,0.00678311,7.96286
6.49768,0.00623863,8.02455
6.51415,0.00549372,8.03627
6.44835,0.00683804,7.96923
6.47226,0.00672544,8.00536
6.36426,0.00546478,7.88315
6.31469,0.00538403,7.8303
6.52707,0.00692724,8.05472
6.29232,0.00621877,7.81105
6.34365,0.00710018,7.92363
6.55409,0.00538009,8.06239
6.54422,0.00513917,8.0571
6.3482,0.0052872,7.86405
6.50689,0.00689146,8.06641
6.34278,0.00521054,7.8583
6.42137,0.00599699,7.95222
6.49767,0.00543373,8.02023
6.50596,0.00753688,8.02773
6.4624,0.0058105,7.97832
6.3841,0.00613464,7.91112
6.35315,0.00580304,7.88401
6.52773,0.00546311,8.03877
6.38558,0.00684164,7.90999
6.42424,0.016455,7.95448
6.43376,0.00653696,7.96366
6.45748,0.00598066,7.96878
6.41709,0.00537723,7.9353
6.47127,0.00514021,7.99
6.52594,0.00513689,8.08394
6.61931,0.00549188,8.14618
6.31588,0.00687508,7.82778
8 threads per task
6.45298,0.00665133,7.97061
6.57373,0.00707446,8.11327
6.32116,0.00684677,7.84991
6.50058,0.00671634,8.01712
6.67607,0.00541191,8.25689
6.42504,0.00520231,7.95069
6.69159,0.00739996,8.21822
6.42486,0.00662294,7.93671
6.42809,0.00672072,8.0033
6.61122,0.00654375,8.13062
6.45386,0.00622547,7.98208
6.31894,0.00686188,7.85693
6.42985,0.00607057,7.99987
6.47247,0.00537306,7.99114
6.40536,0.00668793,7.92524
6.4575,0.00550146,7.9807
6.54087,0.00529381,8.0658
6.50854,0.00665358,8.04486
6.8009,0.00748201,8.32366
6.64748,0.00521799,8.22588
6.36136,0.00677069,7.8796
6.51357,0.00799511,8.04434
6.48965,0.00694947,8.01862
6.65664,0.00509388,8.17064
6.30656,0.00522508,7.83358
6.43948,0.00526012,7.96809
6.51266,0.00509166,8.0326
6.33638,0.00874855,7.85661
6.31339,0.00686293,7.83352
6.39418,0.00526477,7.93102
6.3799,0.00528554,7.90312
6.34435,0.0103619,7.87515
6.33439,0.00686273,7.86493
6.45628,0.00517295,7.98204
6.50309,0.00659098,8.07023
6.41049,0.00617999,7.92146
6.41183,0.00525861,7.93211
6.35552,0.00692872,7.87939
6.32297,0.00525689,7.88807
6.4997,0.00538048,8.01836
6.51179,0.00516696,8.03399
6.50776,0.00663775,8.03548
6.41891,0.00524234,7.98154
6.42516,0.00694197,7.93866
6.3367,0.00685982,7.87372
6.38293,0.00624584,7.89537
6.50337,0.0050861,8.03421
7.07307,0.00524773,8.58724
6.25807,0.00519702,7.78484
6.37986,0.00683298,7.89927
6.23459,0.00682561,7.7536
