12 tasks per node
1 threads per task
24.2142,0.0039069,0.000202836,26.422
15.0081,0.00288158,0.000372162,17.2174
15.4007,0.0031567,0.00017935,17.6067
14.8442,0.00287155,0.00071613,17.0511
14.8639,0.0028609,0.00040853,17.0767
14.9356,0.00313117,0.000544088,17.1418
14.8471,0.00286229,0.00036778,17.0529
14.9283,0.00288561,0.000389627,17.1369
14.8565,0.00300723,0.000745427,17.0655
14.8892,0.00287397,0.000827394,17.0956
14.9426,0.0028687,0.000895994,17.1514
14.8531,0.0030312,0.000366133,17.0662
14.9825,0.00288297,0.000770896,17.1912
14.8743,0.0030581,0.000547341,17.0882
14.9529,0.00285218,0.00039286,17.1663
15.0845,0.00289014,0.00066744,17.2925
14.9595,0.00287547,0.000577133,17.1653
15.0541,0.00286344,0.000701517,17.2615
14.9961,0.00313448,0.000513909,17.2031
15.2782,0.0031427,0.000335553,17.4862
14.9534,0.00315262,0.000683237,17.1608
2 threads per task
14.9183,0.00424936,0.00800715,17.1327
14.9007,0.00367201,0.00241423,17.1147
14.8571,0.00613429,0.000183736,17.0663
15.0993,0.00339124,0.00263117,17.309
14.928,0.00572095,0.00469925,17.141
14.8887,0.00359311,0.00321023,17.0982
14.9336,0.00507648,0.0121603,17.1576
14.9339,0.006098,0.000768239,17.1439
14.8967,0.00611614,0.000184168,17.1096
14.9113,0.00393941,0.00501299,17.1266
15.1547,0.00389067,0.0131609,17.3751
14.8948,0.00212241,0.00940522,17.1158
14.8575,0.00333932,0.00329057,17.0705
14.9509,0.00210297,0.00590922,17.1664
14.8917,0.00364994,0.0038129,17.1019
14.8548,0.00548146,0.0070184,17.0701
15.0967,0.0034624,0.00273487,17.3084
14.8978,0.0055468,0.00152994,17.1126
16.0739,0.00446823,0.00892582,18.2897
14.9457,0.00207909,0.0047567,17.1544
15.154,0.00376218,0.00825356,17.3698
3 threads per task
14.9719,0.0054454,0.00647461,17.188
16.0945,0.0057979,0.00583097,18.309
14.9037,0.00548484,0.00583933,17.119
14.8455,0.00544437,0.00686527,17.0606
15.0525,0.00708587,0.00464058,17.2674
14.8469,0.00421318,0.00662673,17.0615
14.9916,0.0120255,0.000392899,17.2089
15.3031,0.00574119,0.0103095,17.5302
14.8538,0.00570958,0.0068377,17.0711
14.7889,0.00734763,0.00540441,17.0071
15.009,0.00571363,0.00536267,17.2244
14.9314,0.00547985,0.00775433,17.1485
14.7056,0.0119842,0.000203567,16.9246
14.7668,0.0090572,0.0023468,16.9813
14.9519,0.00537231,0.00819453,17.1683
14.832,0.00448673,0.00783985,17.0471
14.932,0.0113259,0.000234327,17.1464
14.9268,0.00582371,0.0156561,17.1521
14.8831,0.00433934,0.00926686,17.1081
14.8451,0.00546567,0.00258484,17.056
14.9204,0.002897,0.0104537,17.1444
4 threads per task
14.9016,0.0100551,0.00835329,17.1265
14.9389,0.0029017,0.0147546,17.1605
14.8725,0.014281,0.00442504,17.0929
14.9552,0.0104787,0.0124613,17.1831
15.0037,0.00873452,0.00686259,17.225
14.9966,0.011937,0.00982539,17.221
14.8379,0.00647012,0.00965232,17.0603
14.9487,0.00952044,0.00840023,17.1722
15.3308,0.0102424,0.00869704,17.552
14.9189,0.00890676,0.00773233,17.1389
14.9337,0.0104811,0.00863539,17.1575
14.9111,0.00869181,0.00936062,17.1431
14.9001,0.00870844,0.00839553,17.1241
14.842,0.0104737,0.00739301,17.0617
14.8523,0.00857956,0.011584,17.0785
15.0702,0.0106905,0.00625016,17.2908
14.825,0.00908202,0.00765046,17.049
14.9401,0.0107835,0.00604958,17.1592
14.9337,0.00985757,0.00773021,17.1577
14.782,0.00866639,0.00688765,17.0027
14.8764,0.00962303,0.00746893,17.1001
5 threads per task
14.8508,0.00665227,0.017562,17.077
14.866,0.0164392,0.015463,17.1011
14.9078,0.00822265,0.016528,17.1356
14.8534,0.015083,0.00680413,17.0781
14.9656,0.0125105,0.010659,17.1936
14.8902,0.0104342,0.0147731,17.1193
14.8819,0.0147984,0.0130198,17.1137
14.8851,0.00547277,0.0190033,17.1144
14.8539,0.0110399,0.0121093,17.0795
14.9194,0.019106,0.00277905,17.1437
14.8978,0.0175692,0.00399898,17.1226
15.3699,0.00827711,0.0149333,17.5967
14.8301,0.00999489,0.0132838,17.0567
14.8895,0.00801047,0.018826,17.1227
14.7912,0.0124286,0.0102444,17.0197
14.9706,0.00622464,0.0162787,17.1983
14.8682,0.01211,0.00989133,17.0944
14.9153,0.0058323,0.0183623,17.1445
14.8404,0.010238,0.0136053,17.0682
14.9578,0.0103139,0.0147329,17.1853
14.8666,0.0097412,0.0162887,17.0951
6 threads per task
14.9988,0.00990466,0.018969,17.2313
15.0065,0.0211001,0.0119817,17.2435
15.0067,0.0143477,0.0150848,17.2388
14.8745,0.0134533,0.0192229,17.111
14.9319,0.0151298,0.0155287,17.1681
14.9157,0.0150112,0.0130907,17.1488
14.9004,0.0147379,0.0238099,17.1514
14.959,0.0190039,0.0095631,17.191
14.9716,0.0198337,0.00972028,17.2064
14.8963,0.00878694,0.0188375,17.1336
15.0363,0.0133302,0.0262301,17.2807
14.7522,0.0191707,0.0401072,17.0237
14.9371,0.0130146,0.0199456,17.1795
14.8963,0.0127418,0.0171823,17.1324
14.9841,0.0174918,0.0136907,17.2196
14.7813,0.0158911,0.0117561,17.0193
14.979,0.013578,0.017569,17.2117
14.8645,0.00780893,0.020897,17.0977
14.8612,0.0179117,0.0107217,17.104
14.9224,0.0218051,0.00768031,17.1558
14.9643,0.0113939,0.0155243,17.1959
7 threads per task
14.8838,0.0150174,0.0178501,17.1293
14.9557,0.0284753,0.00321806,17.1916
14.8292,0.0288979,0.0134793,17.0824
15.0296,0.0268445,0.00429086,17.2703
14.8909,0.0143193,0.0210914,17.1341
14.8901,0.0193259,0.0367953,17.1569
14.8845,0.014354,0.0175019,17.1212
15.0765,0.0219417,0.0184267,17.3202
14.922,0.0193122,0.010169,17.1564
14.9995,0.0111715,0.0220763,17.2377
15.3539,0.018924,0.0151646,17.5918
14.9978,0.0151028,0.0158533,17.2324
15.0104,0.0133086,0.0195652,17.2466
14.8669,0.025731,0.00696815,17.1032
14.9241,0.016421,0.0203237,17.1656
14.9179,0.0226812,0.00922706,17.1569
14.9925,0.0146226,0.0163793,17.2282
15.0384,0.0161432,0.0164639,17.276
14.9328,0.0213656,0.0100522,17.1683
14.94,0.0132029,0.018879,17.1746
14.8944,0.0224128,0.0269914,17.1455
8 threads per task
14.9086,0.0196636,0.0161816,17.1482
14.7985,0.0321509,0.00275502,17.0426
15.1416,0.0199307,0.0179657,17.391
15.1272,0.01666,0.0223407,17.3768
14.8636,0.0304803,0.00810176,17.1074
14.8692,0.0178997,0.0165563,17.1088
14.9095,0.0216434,0.0173852,17.1532
14.9537,0.0224935,0.0190517,17.1979
14.9353,0.0298735,0.0106546,17.1802
14.8731,0.0212032,0.0172376,17.1158
14.9822,0.017186,0.0208676,17.2249
15.0317,0.0148739,0.0224591,17.2742
14.8294,0.0125277,0.0554651,17.1009
14.9346,0.0272437,0.00898689,17.1775
14.9293,0.0202612,0.0195091,17.1725
14.8703,0.0160439,0.0190523,17.1076
14.8852,0.0216175,0.0141167,17.1313
15.0319,0.0160568,0.0201732,17.2721
14.9492,0.0181071,0.0164957,17.1883
14.8578,0.0237086,0.0126121,17.1029
14.8618,0.03285,0.00450436,17.1026
