14 tasks per node
1 threads per task
10.5081,0.00150644,11.5413
6.95269,0.00160087,7.98496
7.06663,0.00184241,8.09373
6.96117,0.00163364,7.98726
6.99695,0.00205862,8.02497
6.97272,0.00189679,8.00372
6.94399,0.00179655,7.97041
6.95363,0.00158381,7.98003
6.90447,0.00199666,7.93595
6.91186,0.0020564,7.94046
7.00461,0.00149563,8.03104
6.81273,0.00190515,7.84393
7.20779,0.00164472,8.24569
7.07437,0.001578,8.10688
6.97305,0.00164445,8.00767
6.95513,0.00151862,7.98248
6.96612,0.00164588,7.99154
6.95283,0.00162908,7.97806
6.97083,0.00162973,7.99681
7.04019,0.00152463,8.06617
7.15608,0.00160206,8.18255
7.10855,0.00157146,8.14098
6.88296,0.00179418,7.91178
6.85013,0.00151824,7.88001
6.90328,0.00152544,7.93683
6.99809,0.00164486,8.025
6.85811,0.00164378,7.88997
6.85891,0.00151681,7.89613
6.95521,0.00158361,7.99577
6.87139,0.00151753,7.90474
6.85456,0.00156364,7.88818
6.84031,0.00151207,7.87373
6.91325,0.00165279,7.94538
6.98004,0.00165105,8.00848
6.88118,0.00161242,7.91111
6.98297,0.00178256,8.00931
6.91612,0.00165196,7.94192
6.82497,0.00157963,7.85002
6.97039,0.00192254,7.99817
6.96187,0.00152221,7.99186
6.92047,0.00153051,7.94707
6.96575,0.00156882,7.99712
7.04765,0.00166038,8.08066
6.80154,0.00164942,7.82894
6.95316,0.00162496,7.97925
6.94656,0.00153078,7.98033
6.98526,0.00152432,8.01133
6.85413,0.00180195,7.88569
6.86309,0.00156822,7.88922
6.92586,0.00165086,7.95307
6.87452,0.00161181,7.90388
2 threads per task
6.99793,0.00601901,8.03974
7.16308,0.00737326,8.19486
7.19141,0.00924867,8.22601
6.99044,0.00567857,8.02255
6.85024,0.00808277,7.88322
6.80029,0.00569421,7.83054
6.96372,0.0049126,7.99962
6.97185,0.00531199,8.00976
6.82475,0.00464917,7.85493
6.94164,0.00883176,7.97818
6.88667,0.00556721,7.91885
6.8432,0.0117299,7.88536
6.88942,0.00762035,7.92191
7.04893,0.00536645,8.07784
6.96231,0.00535688,7.99349
6.81913,0.00679532,7.85859
6.9003,0.0152966,7.9451
6.81792,0.00904809,7.85252
6.97905,0.00560571,8.01069
6.94858,0.0146664,7.99429
6.93185,0.00469831,7.97164
6.82272,0.0142982,7.86065
6.98732,0.00570199,8.02424
6.83598,0.00489143,7.87075
7.04305,0.00576943,8.07773
6.95084,0.00570176,7.98083
7.0129,0.00586418,8.0515
6.90427,0.0051426,7.93489
6.88521,0.0163636,7.93402
6.87338,0.0141042,7.91131
6.96912,0.0152772,8.00838
6.8857,0.00485911,7.91457
6.93549,0.0083828,7.96961
6.90802,0.00702366,7.94028
6.91519,0.009275,7.94952
6.95782,0.00461277,7.98964
6.95814,0.0047709,7.99808
6.93253,0.0134775,7.9703
6.91678,0.00953503,7.95783
6.94034,0.0141668,7.97921
6.96199,0.00512853,7.99164
6.95102,0.00791484,7.98291
6.97511,0.00875318,8.00857
7.18284,0.010158,8.22171
6.98536,0.0076597,8.01695
6.99428,0.00475595,8.02589
7.09395,0.0141725,8.13273
6.85982,0.0048002,7.8941
6.98592,0.00436008,8.01919
6.96971,0.0123163,8.01095
6.94511,0.0104773,7.98048
3 threads per task
6.84468,0.0160554,7.8853
6.94522,0.015809,7.98813
6.96208,0.0148262,8.00225
6.92776,0.0157989,7.96775
6.83931,0.0156685,7.88076
6.90989,0.0173895,7.95054
6.95608,0.0155392,7.99594
6.94846,0.0153198,7.98856
6.93456,0.0128556,7.97359
6.8749,0.0135962,7.91464
6.92895,0.0169545,7.97004
6.80665,0.0192396,7.85107
6.88673,0.0140624,7.92587
6.83731,0.0173159,7.88514
6.90961,0.0224389,7.99237
6.92117,0.0136293,7.96007
6.94404,0.0160911,7.99078
6.9616,0.0140712,8.00041
7.23717,0.0135438,8.27809
6.91077,0.0139071,7.95332
6.79125,0.0177401,7.83431
6.93976,0.0141167,7.97833
6.83196,0.0142538,7.87437
6.88607,0.0167938,7.92926
6.91361,0.0121784,7.95171
6.93934,0.015072,7.9775
6.93053,0.0146423,7.978
6.99833,0.0182008,8.05035
6.82257,0.0133825,7.86809
7.19871,0.015379,8.23883
6.86966,0.0151623,7.90978
6.97205,0.0125106,8.00823
6.90895,0.0151018,7.9503
6.91875,0.0139637,7.95896
6.98985,0.0168418,8.03792
6.9407,0.0178533,7.98746
6.82068,0.0139123,7.86317
6.90139,0.016056,7.94617
6.85477,0.0151039,7.89694
6.96442,0.0202551,8.00717
6.97971,0.0128439,8.0177
7.10732,0.0174054,8.15427
6.98824,0.0197345,8.03302
6.94107,0.0136455,7.98065
6.80287,0.0126441,7.84967
6.95907,0.0157149,8.00292
6.90907,0.0144986,7.94851
7.0808,0.0146284,8.12034
6.81129,0.0197629,7.85502
6.96881,0.0118112,8.0053
6.92895,0.0154032,7.97055
4 threads per task
6.96142,0.0202743,8.00822
7.15839,0.0215915,8.20527
6.90393,0.0230289,7.95555
6.86992,0.018369,7.91967
6.92349,0.0205095,7.96953
6.83729,0.0214144,7.88931
6.8659,0.0233677,7.92044
6.89751,0.0211018,7.94534
6.86874,0.0200295,7.91307
6.94348,0.0223735,7.9891
6.98447,0.0169442,8.03304
6.94837,0.0245403,7.99773
6.90756,0.0225333,7.95527
6.81251,0.024799,7.8616
7.03613,0.0200977,8.08819
6.83944,0.0291197,7.8949
6.82789,0.0296801,7.88956
6.88364,0.0232556,7.93069
6.90012,0.0197466,7.94469
6.90451,0.0200593,7.94879
6.95903,0.0209551,8.00365
6.81555,0.0187482,7.85743
6.85646,0.0206089,7.90317
7.15572,0.0212652,8.2024
6.9715,0.0216314,8.01829
6.84384,0.0215974,7.89687
7.06545,0.0220488,8.11945
6.98697,0.0188024,8.03216
6.91388,0.019475,7.96474
7.05606,0.0194832,8.10028
6.94857,0.0248196,7.99803
6.88432,0.0239097,7.93372
6.84712,0.0191701,7.89185
6.9796,0.0190156,8.03211
6.9711,0.0267546,8.03006
6.87271,0.0216803,7.92126
6.99549,0.0172654,8.04711
6.92176,0.0245381,7.97579
6.99631,0.0259243,8.04618
6.93821,0.0236184,7.99633
6.96852,0.018554,8.0114
6.99564,0.0190544,8.04442
6.95905,0.0221612,8.01279
6.94312,0.0233817,7.99125
7.00234,0.0281866,8.06104
6.91659,0.0193591,7.97003
6.88516,0.0195789,7.93043
6.84186,0.0168821,7.89846
6.94055,0.025135,7.99736
6.92684,0.0248692,7.97664
6.95687,0.0218662,8.00714
5 threads per task
6.94703,0.0242678,7.99697
6.96112,0.0255456,8.01105
7.02937,0.0271293,8.08578
6.85401,0.0296419,7.91644
6.94213,0.0249981,7.99246
6.81689,0.0345206,7.87577
6.88035,0.0255258,7.9325
6.80966,0.0279286,7.86261
6.84242,0.0283104,7.89718
6.9521,0.0271763,8.00459
6.95195,0.0288268,8.01262
6.88534,0.027149,7.93606
6.97921,0.0255661,8.02874
7.02876,0.0249536,8.09591
6.93838,0.0257999,7.99
6.80792,0.0274886,7.85886
6.96164,0.0283874,8.02222
6.83278,0.0230153,7.88175
7.00433,0.027809,8.0651
6.92651,0.0330236,7.99414
6.97264,0.0237198,8.02754
6.88626,0.0233059,7.94177
6.9526,0.0379998,8.01393
6.97292,0.028162,8.03092
7.05103,0.0256001,8.10873
7.08514,0.0294694,8.14076
6.88835,0.0243594,7.93741
6.86154,0.0285315,7.91967
6.94238,0.0230729,7.9975
6.96291,0.0262612,8.02058
6.9529,0.02802,8.00608
6.95704,0.0309486,8.01279
6.80542,0.0298035,7.86544
6.95784,0.0278345,8.00993
6.81431,0.0251738,7.87069
6.81969,0.0242616,7.86997
6.82725,0.0341171,7.88461
6.83933,0.0279702,7.89145
6.83148,0.0295649,7.88871
7.03035,0.0253879,8.07866
6.88492,0.0255764,7.93777
6.92304,0.0233566,7.97077
7.07904,0.0312517,8.13561
6.83892,0.0243628,7.89091
6.80789,0.0264374,7.86006
7.03065,0.0311727,8.09571
7.03401,0.0259299,8.08477
6.93739,0.0223193,7.98395
6.81928,0.0249998,7.86997
6.94887,0.023418,7.99963
6.96917,0.0250021,8.01835
6 threads per task
6.83067,0.027382,7.88354
6.91933,0.0288465,7.97133
6.99953,0.029022,8.05584
6.89621,0.0345771,7.96142
6.8467,0.02977,7.90091
6.86561,0.025307,7.91859
6.97206,0.0339829,8.03093
6.85174,0.0281765,7.90826
6.86848,0.03439,7.92463
6.97517,0.033601,8.03836
6.91423,0.0282074,7.96979
6.90719,0.0297623,7.96429
6.91664,0.0288093,7.97459
6.83973,0.0310963,7.89584
6.87079,0.0260368,7.92511
6.96969,0.0370391,8.03529
6.96521,0.0306182,8.03395
7.06461,0.0255902,8.11931
6.84271,0.0267429,7.90206
6.9409,0.0312804,8.00358
6.89143,0.0313129,7.94848
6.98513,0.0299978,8.04192
6.99448,0.0295326,8.04857
7.00833,0.0288939,8.07202
6.82253,0.0317557,7.88009
6.90079,0.0285531,7.96481
6.79926,0.0318497,7.86033
6.84659,0.0335973,7.9051
6.83238,0.0332966,7.89201
6.9838,0.0291796,8.03802
6.91239,0.0380464,7.99222
6.96554,0.0298352,8.02264
6.82317,0.0310378,7.88093
6.84051,0.02371,7.89564
7.07363,0.0311235,8.14341
6.90553,0.0271683,7.96074
6.95672,0.0280021,8.01709
6.96735,0.0334941,8.02709
6.93226,0.0319908,7.98953
6.99623,0.0345819,8.06207
6.92091,0.0280201,7.97373
7.00722,0.0298703,8.06365
6.94667,0.0308983,8.00603
6.9227,0.0311219,7.9803
6.98168,0.0283999,8.04246
7.0668,0.0325664,8.12936
7.10859,0.027631,8.16511
6.81952,0.0271258,7.88069
6.95601,0.0339341,8.01629
6.82977,0.0354841,7.90016
6.99733,0.0256869,8.04931
7 threads per task
6.96886,0.0387698,8.03206
6.94628,0.0361671,8.01202
6.82287,0.0402225,7.88671
6.82449,0.033609,7.8835
6.9765,0.0305459,8.03633
6.99172,0.0359658,8.05868
7.00059,0.0364976,8.07704
6.77643,0.0327463,7.83696
6.97074,0.0297401,8.02728
6.94966,0.0352694,8.01026
6.9688,0.0290435,8.031
6.9995,0.0341722,8.05956
6.92031,0.0356102,7.98446
6.95635,0.0339685,8.02773
6.97359,0.0347754,8.03562
6.97301,0.0378259,8.04118
6.80826,0.0307498,7.86571
6.95396,0.0366188,8.01538
6.90086,0.0332685,8.02609
6.89178,0.0366908,7.95492
6.93013,0.0374897,7.99005
6.94324,0.0376906,8.01296
6.96702,0.0307428,8.0243
7.01717,0.039337,8.08305
6.83639,0.0358974,7.89706
6.92441,0.034674,7.98946
6.84415,0.0357691,7.90389
6.81738,0.0338452,7.8882
6.83395,0.0340681,7.90219
6.83998,0.0303043,7.89914
6.906,0.0390562,7.97542
6.90101,0.0324867,7.9644
6.95508,0.0392306,8.0197
6.94128,0.0368253,8.01292
6.83046,0.0364292,7.88994
6.95705,0.0316619,8.05966
6.96368,0.0389122,8.03098
6.94034,0.0334623,8.0113
6.94036,0.0436808,8.00976
6.81822,0.0316807,7.88475
6.82602,0.0321643,7.8888
6.95222,0.0391394,8.019
6.9559,0.0382867,8.02821
6.85583,0.0347924,7.91764
6.85336,0.0300856,7.93191
6.92166,0.0375273,7.99034
6.85149,0.0327852,7.91589
7.58724,0.0356557,8.65067
6.96371,0.0374567,8.02514
6.82016,0.0285536,7.88711
6.96085,0.0337873,8.02013
8 threads per task
6.95658,0.0485767,8.03766
6.9834,0.0388717,8.04996
6.89135,0.0342732,7.95908
6.8883,0.035914,7.95186
6.95204,0.0497313,8.02719
6.95143,0.0419642,8.02034
6.95703,0.0387676,8.02142
6.94864,0.03141,8.02484
6.90979,0.0418623,7.97822
6.97882,0.0400398,8.04691
6.99481,0.0381195,8.10009
7.05342,0.0325075,8.11911
6.97966,0.0394979,8.05197
6.96226,0.040766,8.0334
6.95413,0.0384288,8.02706
6.83592,0.0393914,7.90681
6.88148,0.0360221,7.95252
6.9086,0.0372883,7.97411
6.86159,0.0378003,7.92471
6.98404,0.0392187,8.04542
6.92395,0.0374675,7.98894
6.88081,0.0352983,7.95876
7.03386,0.032259,8.11506
6.89112,0.0401724,7.96727
6.85066,0.0320448,7.92461
6.94551,0.0405092,8.01839
7.29346,0.0395553,8.3585
6.97654,0.0365641,8.07082
7.00708,0.0355964,8.07335
6.84997,0.0393539,7.92204
6.87334,0.0357415,7.9411
6.80913,0.0408647,7.88108
6.91381,0.0386348,7.98151
7.17998,0.0327466,8.24171
7.01374,0.0344763,8.09549
7.19561,0.041415,8.26716
7.0467,0.0333459,8.11155
6.92943,0.0304029,7.99787
6.82033,0.0396789,7.89088
6.95834,0.0427863,8.03046
7.16022,0.0407548,8.23876
6.84552,0.0365156,7.90774
6.84644,0.0425001,7.91456
6.96316,0.0337149,8.03065
6.99314,0.0348018,8.05874
6.99103,0.0442788,8.06196
6.84206,0.0365075,7.91467
6.89598,0.0380288,7.96466
6.83841,0.0405998,7.90645
6.80388,0.0332131,7.86434
6.91365,0.0376914,7.97572
