3 tasks per node
 threads per task
4.20225,0.000404377,5.17541
3.94578,0.000543399,4.92908
4.04877,0.000647167,5.02074
4.07055,0.00060123,5.047
4.11561,0.000576023,5.09131
4.11969,0.000510707,5.0983
4.04729,0.000494558,5.03404
4.01925,0.000474464,4.99985
3.93558,0.000470363,4.92451
4.04736,0.000510199,5.02507
4.0329,0.000528194,5.01754
3.94436,0.000504663,4.92589
4.03112,0.000502285,5.00686
4.00425,0.000639681,4.98431
4.04161,0.000525314,5.01506
4.13232,0.000524985,5.10663
3.99285,0.000399899,4.97104
3.97492,0.000497468,4.95687
3.93154,0.000494529,4.90566
4.03396,0.000488186,5.01238
3.99352,0.000499858,4.96834
4.02946,0.000515467,5.00381
3.9354,0.000533005,4.92427
4.04253,0.000411205,5.02122
4.00042,0.000509853,4.97396
4.12816,0.000755141,5.10597
4.02162,0.000540361,4.99899
4.04854,0.000851994,5.0278
4.02754,0.000568513,5.00062
3.93048,0.00048949,4.9146
3.97835,0.000435319,4.954
4.09362,0.000494365,5.07411
4.05009,0.000509819,5.02591
4.02467,0.000551147,5.0075
3.9881,0.000512522,4.9619
3.97509,0.000539605,4.96486
4.01927,0.000458434,4.99242
3.94446,0.000505768,4.92425
4.05352,0.00063264,5.02932
4.11234,0.000542395,5.09654
4.01313,0.000493744,4.9871
3.97901,0.000544647,4.96414
4.0122,0.00046145,4.99467
4.03879,0.000459433,5.01298
4.04488,0.000513341,5.01858
4.02667,0.000625908,5.00767
3.95803,0.000997938,4.93508
4.04618,0.000590801,5.02072
3.98623,0.000547713,4.96886
4.03631,0.000518933,5.00901
4.05809,0.000371356,5.03383
 threads per task
3.96563,0.000626054,4.9465
3.96777,0.000473525,4.94014
3.99604,0.000562014,4.96772
3.98121,0.000519972,4.96496
4.06092,0.000392057,5.04067
3.96278,0.000447236,4.94054
4.13433,0.000459215,5.11187
3.94575,0.000554344,4.92574
4.02662,0.000428181,5.00788
4.11701,0.000355881,5.09899
3.98554,0.00045321,4.96492
3.98829,0.000341859,4.9688
4.08545,0.000532381,5.05969
4.00559,0.000411795,4.97724
4.05598,0.000634864,5.03669
3.96895,0.000458874,4.95112
4.01255,0.000519922,4.99018
3.95136,0.000424318,4.93866
3.99831,0.000471465,4.98522
3.9418,0.000386022,4.92769
4.04811,0.000752373,5.02843
3.9466,0.000604706,4.92192
4.00461,0.000671884,4.98998
4.05976,0.000399131,5.03659
4.05627,0.000807697,5.03579
3.9965,0.000330184,4.97917
3.98836,0.000475649,4.97608
4.06938,0.000405734,5.04855
3.99215,0.00100406,4.96584
4.03225,0.000448154,5.01191
4.12707,0.000397203,5.10264
3.97153,0.000623988,4.95191
3.96634,0.00039655,4.95405
3.9959,0.000418119,4.97777
3.9701,0.00104288,4.95125
4.06299,0.000399945,5.04523
4.0557,0.000446375,5.03266
4.00549,0.000476645,4.98933
4.06952,0.000451222,5.05525
4.04341,0.000460241,5.01946
4.04884,0.000405617,5.03267
4.04263,0.000530427,5.01896
4.00542,0.000492053,4.98284
4.0435,0.000845939,5.0236
3.94752,0.00109537,4.92218
3.96975,0.000463095,4.94291
3.95739,0.000707811,4.93496
4.0242,0.000417324,5.00181
4.06475,0.000378298,5.03926
4.01318,0.000449624,4.98892
3.99218,0.000355588,4.97834
 threads per task
4.01344,0.000396397,4.9912
4.04645,0.000412174,5.02004
4.08969,0.000439057,5.06897
3.98079,0.000566769,4.9562
3.94502,0.000592997,4.93653
3.93643,0.000613948,4.9187
4.07198,0.000745138,5.05189
4.05458,0.000450801,5.04482
4.06495,0.00106354,5.04219
3.98304,0.000626542,4.95738
3.92331,0.000507873,4.89919
4.05119,0.000500774,5.03682
4.05076,0.000650719,5.03032
4.05249,0.000494689,5.02996
4.00607,0.00109945,4.98126
4.04421,0.000542633,5.02081
4.0564,0.00174569,5.03322
4.04634,0.00102398,5.02762
4.18467,0.000484142,5.16251
4.04693,0.000553954,5.02254
4.06627,0.000808964,5.04401
4.03405,0.000441553,5.01367
4.08511,0.000456717,5.06173
4.03624,0.000636499,5.0092
4.02169,0.000426276,5.00045
4.00495,0.000573168,4.97962
4.07922,0.000378262,5.06216
4.0763,0.000610063,5.05088
3.98649,0.000986144,4.96165
4.06662,0.000418732,5.04633
4.05837,0.000962904,5.0378
4.09825,0.000635056,5.08806
4.02437,0.000725966,4.99842
3.93348,0.000599038,4.90887
3.95725,0.000393968,4.93578
4.09898,0.000717385,5.08229
4.10206,0.000492737,5.08502
4.0327,0.000604196,5.00814
4.03264,0.000419093,5.03026
3.93983,0.000485485,4.91562
4.09914,0.000902025,5.08115
4.04755,0.000554098,5.0231
3.97594,0.000450077,4.95373
3.93687,0.000373513,4.91408
4.05806,0.000894215,5.03362
4.08328,0.00118623,5.07073
4.04582,0.000727538,5.02296
4.08261,0.000528796,5.06106
3.96795,0.000384884,4.94958
4.10342,0.00114544,5.08838
3.97259,0.000391165,4.95552
 threads per task
4.00313,0.000588639,4.98035
3.97408,0.00162864,4.94921
3.94329,0.00217663,4.92994
4.04759,0.000370974,5.02571
3.98745,0.00204106,4.97164
4.09592,0.00250757,5.08799
4.11798,0.00182247,5.09522
4.06137,0.000585373,5.04043
4.06373,0.00101763,5.04234
4.07309,0.00192674,5.05529
3.99578,0.000366604,4.97446
4.08112,0.00105594,5.05828
4.43358,0.0010293,5.41059
3.97007,0.000659106,4.95837
4.02363,0.000721101,4.99948
4.02189,0.000381488,5.00269
4.03702,0.000847366,5.01229
4.10772,0.00189778,5.08302
4.0641,0.000974212,5.03963
4.14176,0.000354236,5.11746
4.03932,0.00111074,5.02631
3.97098,0.00198808,4.94749
3.98644,0.00101346,4.97026
4.03615,0.000430452,5.00932
4.1429,0.0004525,5.12761
4.03182,0.000698343,5.01208
3.9662,0.000716651,4.93948
4.02255,0.000846645,4.99905
4.03706,0.00187341,5.01306
3.96292,0.00180548,4.93878
4.02948,0.00197936,5.00614
4.12627,0.000354731,5.10114
4.02493,0.000625081,4.99874
3.9867,0.00174951,4.96346
4.18568,0.00217894,5.1599
4.00664,0.000455132,4.98067
3.95627,0.000562761,4.94158
4.18045,0.000634449,5.15773
4.07689,0.00109033,5.05507
4.02945,0.00190275,5.00431
4.14571,0.00118451,5.12465
3.96264,0.000839813,4.9348
3.95694,0.000469021,4.93496
3.94972,0.000607155,4.92416
4.05081,0.000412745,5.0368
3.9469,0.00157301,4.92505
3.95849,0.000902491,4.94455
4.03848,0.00184667,5.01885
3.97999,0.00131411,4.95606
4.05279,0.00106644,5.03879
3.93118,0.00110111,4.91352
 threads per task
4.05602,0.0130131,5.05894
4.07593,0.00557291,5.06299
3.92282,0.013599,4.91452
4.07359,0.0141052,5.06503
4.04428,0.00517072,5.02738
4.03713,0.0145555,5.0251
4.02375,0.0144582,5.01319
4.08156,0.0141222,5.07977
3.98676,0.0164127,4.97425
3.97115,0.0166187,4.96032
4.03137,0.00886735,5.01703
4.03945,0.0141279,5.03374
4.00481,0.0142554,5.00328
3.95198,0.015953,4.94693
3.94798,0.00895122,4.93478
4.02894,0.0168436,5.01847
3.99724,0.0153178,4.98309
3.93296,0.00857371,4.93304
3.96206,0.017327,4.9521
4.03784,0.0138942,5.03558
3.90518,0.00514609,4.88501
4.02417,0.00528485,5.00292
4.04253,0.00511259,5.0276
3.98204,0.0143672,4.97767
4.02162,0.0144498,5.02421
4.05104,0.00464972,5.02956
4.0066,0.00981544,4.99002
4.04903,0.00917734,5.03138
4.04962,0.00422448,5.02574
3.94434,0.0039913,4.92507
4.04782,0.0136921,5.04596
5.31734,0.00373416,6.29618
3.9983,0.0147339,4.98712
4.04109,0.0163299,5.03275
3.96554,0.0161876,4.95806
4.04855,0.0145832,5.03804
3.98542,0.00508671,4.97823
4.00293,0.0139131,4.99643
4.00026,0.0145134,4.98741
3.94503,0.00496462,4.92298
4.0247,0.0147663,5.01712
3.95991,0.0134787,4.95861
4.06879,0.00366485,5.04483
4.05082,0.0128432,5.04721
4.03141,0.00522328,5.00967
4.06876,0.0134404,5.05712
4.06133,0.015881,5.05437
3.98433,0.00823092,4.97292
4.07154,0.00515091,5.05662
3.95471,0.0169237,4.94386
4.0511,0.0138237,5.03804
 threads per task
4.02216,0.0138997,5.01804
4.17033,0.0146452,5.15726
4.01682,0.0139986,5.0106
4.03743,0.00526295,5.02421
4.12672,0.00521605,5.11791
3.97475,0.00882512,4.96481
4.09616,0.00528584,5.07951
3.96115,0.0089091,4.94405
4.05035,0.0104781,5.04439
3.934,0.00814938,4.91663
4.04427,0.015446,5.04429
4.02832,0.00528996,5.00918
4.04341,0.013293,5.04146
4.02543,0.0142066,5.02416
3.98436,0.00920081,4.96827
3.94949,0.0137614,4.9375
3.9955,0.00908478,4.98324
4.06792,0.0109596,5.05373
3.99437,0.00968608,4.97515
4.08084,0.00521645,5.06975
4.03475,0.00888533,5.02222
4.09087,0.0137892,5.08457
3.95163,0.0136689,4.94396
4.0831,0.0168164,5.07301
3.93728,0.00915639,4.92045
3.95009,0.00673724,4.93862
4.08468,0.0134115,5.07374
4.18592,0.013515,5.17337
4.02672,0.0143145,5.01713
3.95762,0.00926063,4.9503
3.95765,0.0140409,4.94584
4.06687,0.0147187,5.0644
4.01493,0.00911466,4.99694
3.98938,0.00518645,4.97974
3.96637,0.00517875,4.95295
4.07974,0.0127875,5.06477
3.98668,0.00510729,4.97197
4.0426,0.00820497,5.02453
4.00831,0.0145578,5.00033
4.04249,0.00519908,5.03403
4.08886,0.00511493,5.08564
4.03948,0.00909069,5.02763
4.03631,0.00808914,5.02044
4.03406,0.0135798,5.02112
4.02667,0.0135704,5.0133
4.08145,0.00543875,5.06508
4.03738,0.0140878,5.03613
4.00998,0.0135333,5.00518
3.93326,0.0138107,4.92197
4.04831,0.0142916,5.04008
4.01046,0.00908059,5.00004
 threads per task
3.97497,0.0084299,4.96572
3.95995,0.00657847,4.9417
3.96193,0.0133696,4.95013
3.9357,0.00511759,4.91902
4.03773,0.00530061,5.01574
4.07404,0.00716891,5.05481
4.03743,0.00522826,5.01627
4.03868,0.00843728,5.0282
4.0239,0.0050788,5.00271
3.9974,0.00864047,4.98055
4.00559,0.00536855,4.9856
4.02535,0.00523671,5.00867
4.1003,0.0055359,5.08153
4.07875,0.00848471,5.06543
4.00253,0.00524106,4.98673
4.09676,0.00850343,5.07723
4.04183,0.00522375,5.02165
3.94109,0.0143781,4.93847
4.02855,0.0133796,5.01485
4.07891,0.0065878,5.06191
3.9851,0.00519506,4.96536
3.9749,0.0147258,4.9762
3.99521,0.00518174,4.98519
4.01665,0.013551,5.00473
4.03636,0.0155304,5.02688
4.00868,0.00921214,4.9962
4.03171,0.00537436,5.01249
4.05433,0.0143747,5.05405
4.09103,0.0134931,5.08263
4.04307,0.00828342,5.02479
4.10278,0.00657218,5.09382
4.03471,0.0146502,5.02794
4.06337,0.00526311,5.04324
4.05715,0.00833137,5.04313
4.0187,0.00518188,4.99848
3.9553,0.00821143,4.94496
4.01663,0.00885379,5.01498
4.10111,0.0133528,5.09602
3.97376,0.010122,4.96532
4.01533,0.0066978,4.99821
3.96261,0.00883822,4.95149
4.05552,0.0137553,5.04931
4.05061,0.0146193,5.06629
4.06169,0.00916323,5.05877
4.04315,0.00897568,5.02846
3.94799,0.0132773,4.93783
4.13206,0.00664111,5.11981
4.09445,0.013638,5.08434
3.99538,0.00668468,4.97559
4.05067,0.0141878,5.05785
3.96338,0.00515897,4.94512
 threads per task
3.9695,0.00508738,4.95436
3.97805,0.00657901,4.96431
3.96629,0.00656434,4.94559
4.07042,0.00672875,5.05198
4.0625,0.00515318,5.0453
4.03695,0.00539398,5.01713
4.03727,0.00654566,5.02476
4.03551,0.0052487,5.01318
4.00938,0.00688474,4.99835
3.95439,0.00665229,4.93656
4.06664,0.00691687,5.04646
4.01769,0.00648548,4.99956
4.03405,0.00656073,5.01679
4.09541,0.00525366,5.07509
4.12568,0.0068063,5.11387
3.98041,0.00674171,4.96549
4.00087,0.00517664,4.98228
4.05644,0.00523078,5.0427
4.00588,0.0068447,4.99541
4.04868,0.00693003,5.02725
4.03998,0.00520982,5.01776
3.96519,0.00672336,4.9481
4.04332,0.00510282,5.02083
4.07337,0.00524783,5.0573
4.04098,0.00517497,5.02347
4.06557,0.00512842,5.04331
4.02972,0.006643,5.01861
3.97203,0.00662619,4.95346
3.98516,0.0067183,4.97641
4.04718,0.00518975,5.0255
4.01417,0.00697681,4.99674
4.09364,0.00527219,5.0782
4.00337,0.0051535,4.99158
3.99398,0.00671059,4.97422
3.96497,0.005431,4.94559
3.97826,0.00676353,4.95947
3.96,0.00515091,4.94222
3.94211,0.00513585,4.92148
3.96359,0.00667948,4.9425
3.97683,0.00507757,4.96379
4.00672,0.00520734,4.98886
4.04432,0.00661508,5.03756
4.02833,0.00505473,5.00581
4.03707,0.00681749,5.02254
3.91578,0.00656642,4.89776
4.07527,0.00522669,5.05466
3.97563,0.00677019,4.9636
4.00636,0.00506654,4.98895
3.96062,0.00670023,4.94544
3.99717,0.00859246,4.97988
4.04353,0.00504315,5.03705
