12 tasks per node
 threads per task
4.37445,0.000563255,5.14795
4.3892,0.000575328,5.16174
4.39041,0.000683295,5.16266
4.5174,0.00089136,5.28941
4.44701,0.000621261,5.21842
4.38342,0.000600774,5.15577
4.37124,0.000673803,5.144
4.30235,0.000617927,5.07325
4.39535,0.000541236,5.16918
4.42176,0.000648379,5.19562
4.3802,0.000550274,5.15253
4.39853,0.000589421,5.17162
4.39139,0.000876794,5.16806
4.3836,0.000597855,5.15642
4.3627,0.000669042,5.13554
4.42697,0.000757698,5.19951
4.37331,0.000583295,5.14723
4.32392,0.000516286,5.09548
4.30079,0.000625674,5.0772
4.32791,0.000841605,5.10016
4.49485,0.000548059,5.26575
4.36554,0.000519788,5.13686
4.29646,0.000573354,5.06737
4.40262,0.000693431,5.18387
4.34736,0.000663843,5.11925
4.33393,0.000702443,5.10744
4.4095,0.000763103,5.18286
4.38443,0.000734478,5.16328
4.27228,0.000628633,5.05157
4.38539,0.000701588,5.15758
4.30821,0.000640579,5.08135
4.44375,0.000899334,5.21507
4.40574,0.000535684,5.18602
4.29177,0.000727171,5.06883
4.33223,0.0005963,5.10431
4.31679,0.0007571,5.09143
4.3905,0.000553939,5.16288
4.39378,0.000612708,5.16672
4.39711,0.000521312,5.17073
4.43613,0.000566054,5.2072
4.48717,0.000813589,5.26341
4.37125,0.000523465,5.14235
4.39128,0.000609662,5.16539
4.43185,0.000579519,5.20333
4.38698,0.000611326,5.15998
4.38689,0.000618871,5.16045
4.36621,0.000569697,5.14061
4.34076,0.000817608,5.11811
4.35143,0.000673518,5.12358
4.38769,0.000584306,5.16321
4.30189,0.000523949,5.07527
 threads per task
4.32928,0.00534472,5.10565
4.45096,0.00508408,5.23326
4.32864,0.0038734,5.10852
4.39931,0.00393271,5.17552
4.36625,0.00382307,5.14414
4.42777,0.003801,5.21937
4.40533,0.00419262,5.18044
4.41002,0.00851056,5.19071
4.39962,0.0163454,5.19243
4.49587,0.0147079,5.29428
4.36228,0.00374537,5.13803
4.59337,0.0045968,5.37624
4.38983,0.00677951,5.16942
4.30886,0.0139992,5.09289
4.42794,0.00512031,5.20559
4.31881,0.00525503,5.09503
4.29601,0.00521794,5.07354
4.49881,0.00374309,5.27429
4.39677,0.00418462,5.17181
4.40896,0.00379419,5.18596
4.31726,0.00694014,5.09776
4.36043,0.00388943,5.1387
4.32716,0.0037629,5.10706
4.39325,0.00531684,5.17811
4.3657,0.00795399,5.1455
4.3638,0.00640046,5.1432
4.3157,0.00541544,5.09361
4.30001,0.0053469,5.0788
4.45899,0.00394011,5.23716
4.27398,0.00424071,5.04902
4.4624,0.00536078,5.24029
4.28839,0.00584478,5.06679
4.29489,0.00396093,5.07237
4.32183,0.00405523,5.09967
4.37961,0.00525125,5.15713
4.38593,0.00395905,5.16222
4.34143,0.00387792,5.11614
4.39752,0.00516476,5.17453
4.40361,0.00529929,5.18132
4.32759,0.00738972,5.10593
4.31003,0.00379797,5.09029
4.41645,0.00639692,5.19495
4.32046,0.00381489,5.09573
4.4207,0.00548822,5.19804
4.44481,0.00547614,5.22424
4.29912,0.00442879,5.0756
4.46575,0.00406074,5.24366
4.41526,0.00384315,5.18944
4.42417,0.0103004,5.20733
4.39258,0.00388931,5.16744
4.42171,0.00384274,5.19814
 threads per task
4.33489,0.0147592,5.14895
4.43724,0.0100978,5.21858
4.3202,0.00978461,5.1039
4.39481,0.0085574,5.1762
4.39662,0.0102182,5.178
4.31538,0.0083379,5.09615
4.36836,0.0100624,5.14882
4.36218,0.0100042,5.14453
4.38198,0.0115359,5.16431
4.32019,0.0155918,5.11755
4.30418,0.00867392,5.08765
4.36693,0.0106598,5.14964
4.31927,0.00989283,5.10933
4.45791,0.011345,5.24032
4.39538,0.01178,5.1802
4.29809,0.0101535,5.07943
4.43689,0.0177289,5.22981
4.3806,0.00997119,5.16257
4.39891,0.00853497,5.17972
4.3379,0.00998127,5.12636
4.3856,0.00893563,5.16528
4.3981,0.0116819,5.18392
4.48497,0.00840847,5.2667
4.37241,0.0116045,5.157
4.38797,0.0084556,5.17512
4.36387,0.0115617,5.14793
4.31498,0.0116391,5.1009
4.49425,0.0104659,5.27695
4.28504,0.015023,5.07188
4.45359,0.00853804,5.23519
4.53335,0.0147123,5.32049
4.36223,0.0120965,5.14704
4.3627,0.0115973,5.14599
4.39497,0.00852082,5.17549
4.37404,0.0108505,5.15668
4.38753,0.0100146,5.17058
4.37324,0.0101296,5.16244
4.40585,0.0117232,5.1895
4.33237,0.0100682,5.11454
4.35333,0.0101427,5.14204
4.3511,0.0100009,5.13267
4.30739,0.00994536,5.09436
4.32099,0.011528,5.10404
4.49058,0.0101441,5.2769
4.33768,0.0147582,5.12664
4.39388,0.0114791,5.17743
4.3518,0.0122973,5.14117
4.4757,0.01005,5.25678
4.31771,0.00841474,5.09741
4.39479,0.0130852,5.17911
4.35897,0.0117497,5.1421
 threads per task
4.32978,0.022589,5.12392
4.41779,0.0165459,5.20555
4.327,0.0182425,5.11808
4.30765,0.0168488,5.09348
4.36783,0.0195746,5.15862
4.36623,0.0218638,5.1588
4.35137,0.0165355,5.14093
4.40188,0.0169835,5.19681
4.29416,0.0261808,5.09672
4.35851,0.0155543,5.14635
4.33534,0.0163261,5.12369
4.31199,0.0148797,5.10221
4.40567,0.0149447,5.19125
4.38889,0.0142882,5.17665
4.40576,0.016348,5.19876
4.38848,0.0152698,5.1794
4.41532,0.0150899,5.20188
4.29898,0.0148128,5.08666
4.35324,0.016599,5.14132
4.43789,0.0149658,5.23069
4.79858,0.0165359,5.58626
4.35695,0.0175004,5.14687
4.40256,0.0179907,5.19261
4.33327,0.0166571,5.12192
4.36309,0.0132178,5.14715
4.36357,0.0163615,5.15342
4.32564,0.0132357,5.11059
4.4089,0.0164954,5.20894
4.28916,0.0181674,5.07907
4.43396,0.0161341,5.22145
4.37234,0.0165343,5.16061
4.43623,0.0207864,5.23124
4.43389,0.0164635,5.22142
4.31508,0.0148892,5.103
4.42889,0.0192707,5.2196
4.44465,0.0164178,5.23199
4.38813,0.0146484,5.18128
4.33577,0.0179333,5.1258
4.42376,0.0175263,5.22069
4.35885,0.0168152,5.14535
4.37669,0.0147643,5.17078
4.36384,0.0163938,5.15495
4.42627,0.0151169,5.215
4.29262,0.0149079,5.07878
4.36291,0.0149165,5.15063
4.27504,0.0146533,5.06424
4.29083,0.0133975,5.07452
4.31882,0.0149672,5.1071
4.31744,0.0147951,5.10367
4.39503,0.0133243,5.1801
4.40062,0.0162852,5.18722
 threads per task
4.32052,0.0228878,5.11362
4.40022,0.020304,5.19296
4.36497,0.0212593,5.15626
4.39366,0.0232381,5.19374
4.31454,0.0206745,5.10947
4.42852,0.021391,5.22066
4.31215,0.0202444,5.10721
4.26076,0.0226092,5.05539
4.3696,0.0197571,5.16023
4.38388,0.024572,5.18186
4.368,0.0201919,5.16071
4.33146,0.0213896,5.12653
4.38064,0.0235504,5.17608
4.35126,0.0197026,5.14326
4.31141,0.0235181,5.10807
4.38217,0.0212233,5.17809
4.44558,0.0235411,5.2402
4.29642,0.0202919,5.09051
4.38637,0.0209824,5.17958
4.30416,0.023553,5.09817
4.40413,0.0213484,5.20081
4.41505,0.0238936,5.21021
4.41476,0.0224071,5.37128
4.42925,0.0229248,5.22144
4.27807,0.0233575,5.07362
4.36912,0.019845,5.16252
4.30508,0.0205816,5.09724
4.38911,0.0213248,5.18009
4.33339,0.0229055,5.12851
4.25129,0.0226887,5.05324
4.41492,0.0213431,5.20689
4.31296,0.0299364,5.11225
4.41222,0.0225879,5.21073
4.31586,0.0198487,5.10898
4.38666,0.0210666,5.17975
4.30549,0.0198293,5.09506
4.31026,0.0223823,5.10387
4.35704,0.0239437,5.1511
4.46406,0.0214388,5.25544
4.3538,0.0211931,5.152
4.43512,0.0222613,5.22937
4.36302,0.0217972,5.15742
4.28172,0.0208179,5.07432
4.40414,0.0242452,5.19991
4.29945,0.0228054,5.1027
4.37117,0.0228382,5.16947
4.36411,0.0223347,5.15762
4.42437,0.0413793,5.2364
4.57154,0.0212078,5.36837
4.41683,0.0213169,5.21164
4.35956,0.0206251,5.16319
 threads per task
4.29813,0.0390711,5.11158
4.34947,0.0264979,5.18069
4.40596,0.02294,5.20215
4.31762,0.0319554,5.12702
4.35946,0.0242397,5.16019
4.35674,0.0257123,5.1523
4.40128,0.0279947,5.20257
4.43436,0.0250258,5.22992
4.36737,0.026818,5.16402
4.36992,0.0270459,5.16951
4.32448,0.0309718,5.12915
4.31964,0.0285168,5.11787
4.29192,0.0294199,5.0927
4.3649,0.0290179,5.16654
4.28734,0.0261462,5.09115
4.38723,0.0291358,5.19002
4.57545,0.0255934,5.37702
4.4557,0.0261481,5.25368
4.33166,0.0311705,5.14413
4.40307,0.0269867,5.20241
4.39036,0.0249647,5.19244
4.3946,0.0296006,5.19569
4.38907,0.0257015,5.18654
4.37307,0.0279288,5.17031
4.37779,0.0386269,5.18585
4.36137,0.0293204,5.16596
4.32047,0.0267644,5.11811
4.37299,0.02775,5.17615
4.39151,0.0273142,5.18985
4.33419,0.027735,5.13389
4.37313,0.0281292,5.17801
4.30446,0.0244901,5.10163
4.38453,0.0375708,5.19093
4.42849,0.0293924,5.22844
4.34705,0.0276564,5.15024
4.31351,0.0258013,5.10994
4.37662,0.0280322,5.17638
4.38282,0.026043,5.18633
4.40029,0.0290474,5.19991
4.30755,0.0257596,5.10959
4.31403,0.0250596,5.11754
4.30717,0.0262144,5.11287
4.39139,0.0291591,5.19735
4.33837,0.0263736,5.1373
4.36688,0.026039,5.16528
4.27338,0.027863,5.08183
4.38976,0.0254044,5.19036
4.38798,0.0253966,5.19266
4.34681,0.0233438,5.14506
4.30155,0.0268987,5.10508
4.38292,0.0260339,5.18147
 threads per task
4.44209,0.0261922,5.24204
4.3978,0.0288996,5.19843
4.32165,0.0346435,5.12579
4.34381,0.0310596,5.14675
4.38681,0.0309101,5.19029
4.3923,0.0290583,5.19196
4.38909,0.029644,5.18989
4.39457,0.0293554,5.19686
4.32441,0.0292989,5.12598
4.38438,0.044073,5.22038
4.41752,0.0364195,5.22978
4.43743,0.030746,5.24247
4.3123,0.0293937,5.11721
4.48312,0.0318487,5.28324
4.31036,0.028491,5.11827
4.42795,0.0302091,5.23104
4.38773,0.027857,5.18782
4.41151,0.0341904,5.21756
4.43541,0.0324102,5.2388
4.32941,0.0379914,5.14552
4.32303,0.0300561,5.12709
4.3171,0.0306345,5.12032
4.2873,0.0306698,5.08975
4.37728,0.0299902,5.18296
4.32324,0.0348393,5.13397
4.37678,0.0322172,5.18543
4.34227,0.036937,5.15061
4.49908,0.0322512,5.30451
4.39545,0.0290635,5.19627
4.39573,0.0309791,5.19836
4.39621,0.0303673,5.19888
4.38902,0.0307849,5.19012
4.39427,0.0286566,5.20637
4.42135,0.0300347,5.22195
4.44101,0.0340512,5.24751
4.31912,0.0306724,5.12742
4.31475,0.0311591,5.12498
4.31536,0.0292898,5.11888
4.31564,0.0368248,5.12498
4.33447,0.0307948,5.13444
4.29588,0.031735,5.10967
4.38119,0.028598,5.18254
4.3268,0.0315733,5.12832
4.31968,0.029307,5.12097
4.38873,0.0304253,5.19099
4.29987,0.0299166,5.09973
4.38713,0.0294572,5.18937
4.37144,0.0304649,5.17341
4.31952,0.0296346,5.12495
4.33684,0.0307096,5.13988
4.35651,0.0313908,5.15833
 threads per task
4.34481,0.0328965,5.22647
4.31825,0.0332967,5.12897
4.39994,0.0326978,5.20479
4.43399,0.0363736,5.24205
4.30535,0.036001,5.11193
4.42051,0.0327121,5.22732
4.37776,0.0351951,5.18566
4.39964,0.0398566,5.21376
4.38603,0.0358786,5.19463
4.32136,0.0324431,5.12663
4.39984,0.047979,5.23312
4.3843,0.0365193,5.19277
4.3519,0.032732,5.1688
4.48154,0.0341715,5.28744
4.37418,0.0389187,5.18516
4.30508,0.0363986,5.11662
4.3044,0.0416901,5.11657
4.39785,0.0365889,5.20681
4.4163,0.0315598,5.22104
4.30959,0.0325272,5.11782
4.30374,0.0409289,5.12386
4.38714,0.0348155,5.19835
4.38973,0.0331995,5.20084
4.32578,0.0360022,5.13582
4.31968,0.0368144,5.12748
4.48614,0.0297833,5.28841
4.81606,0.0390541,5.62386
4.33125,0.0342764,5.13812
4.41111,0.0329429,5.22498
4.30254,0.0341134,5.11372
4.38963,0.0352485,5.19569
4.33492,0.0374196,5.15597
4.29215,0.0336951,5.11347
4.37306,0.0389151,5.18203
4.40351,0.0340714,5.20896
4.31835,0.036839,5.12779
4.39265,0.0362406,5.20374
4.32595,0.035948,5.13386
4.31436,0.0362379,5.12604
4.3952,0.0334946,5.20242
4.32156,0.0324329,5.13025
4.43151,0.037287,5.24132
4.37161,0.0333354,5.18683
4.37772,0.0325643,5.1791
4.28763,0.0343515,5.10376
4.36945,0.0334951,5.17433
4.40709,0.0379562,5.2165
4.39914,0.0333839,5.20575
4.3543,0.0339314,5.16227
4.37822,0.0342964,5.18309
4.3199,0.0302869,5.12796
