11 tasks per node
1 threads per task
24.3828,0.00313663,0.000233619,26.6353
15.0434,0.00287579,0.000322619,17.2921
14.9359,0.00287142,0.000547065,17.193
14.8095,0.00287232,0.000590948,17.0617
14.8084,0.00287296,0.000511913,17.056
14.9997,0.00312022,0.00023623,17.2509
15.0712,0.00398941,0.000204169,17.3234
15.0102,0.00285123,0.000387535,17.2581
14.9142,0.00286017,0.000518419,17.1637
14.9249,0.00313538,0.000703594,17.1737
15.1124,0.00287284,0.000540001,17.3609
14.8508,0.00305635,0.000177685,17.0994
14.9218,0.00314208,0.000444829,17.1696
14.9636,0.00302547,0.000372626,17.2126
14.9063,0.00305307,0.000188159,17.157
15.0336,0.00286507,0.000668176,17.2835
14.9198,0.00288045,0.000458331,17.1695
14.9742,0.00285308,0.000923277,17.2252
14.9411,0.00285552,0.000445261,17.1904
14.897,0.00305054,0.000274296,17.145
14.8895,0.00288096,0.000528131,17.138
2 threads per task
14.8698,0.00178705,0.0037645,17.1211
14.8902,0.00362534,0.00217513,17.1409
14.8904,0.00461526,0.00429882,17.1454
14.9384,0.00609628,0.0102486,17.2008
15.4581,0.00555848,0.00044074,17.7097
14.9219,0.00177141,0.00354562,17.1725
14.895,0.00638131,0.000215585,17.1486
14.9728,0.00208232,0.00881554,17.229
14.897,0.00208986,0.0370235,17.1821
15.0026,0.00340088,0.00282121,17.2565
14.9556,0.00589992,0.000148521,17.214
14.8549,0.00182105,0.00742052,17.1093
14.8742,0.00612157,0.00850838,17.1435
14.8867,0.00384296,0.00280109,17.1388
15.0028,0.00610333,0.000653008,17.2554
14.8642,0.00624767,0.0396892,17.1545
15.0473,0.00453361,0.0126803,17.3092
14.992,0.00610807,0.00475264,17.2485
14.7986,0.00180446,0.00415276,17.0603
14.9998,0.0026578,0.0120505,17.2605
15.0015,0.00559186,0.0341599,17.287
3 threads per task
15.0827,0.00299521,0.0126594,17.3465
14.8424,0.00953131,0.0110187,17.1081
14.8829,0.00561095,0.0106619,17.1449
14.8387,0.00615686,0.00654496,17.0967
15.0632,0.00700235,0.0102195,17.3274
14.8865,0.00447373,0.0126466,17.1507
14.9382,0.0113094,0.00929355,17.2034
14.9096,0.00812876,0.00230545,17.1668
14.9039,0.00901926,0.00849163,17.1707
15.0557,0.00573656,0.0120891,17.3248
14.822,0.0111249,0.000177911,17.0832
14.9569,0.00879853,0.0227826,17.2338
15.1814,0.00574871,0.00557687,17.4412
14.8311,0.00518812,0.0104739,17.0997
14.9372,0.00969001,0.00179424,17.1939
14.8912,0.00549848,0.0125685,17.1561
15.4302,0.0054627,0.00998994,17.6941
15.0493,0.00315949,0.0163363,17.3165
15.1124,0.005199,0.00495385,17.3691
14.8885,0.00545943,0.00817133,17.156
14.9491,0.00515963,0.00612975,17.2133
4 threads per task
14.9681,0.0107219,0.00781532,17.2349
14.8899,0.00900486,0.0101805,17.164
14.9048,0.0109807,0.00765376,17.175
14.9565,0.0130151,0.00343181,17.2238
14.9351,0.00887875,0.00995096,17.2011
14.8614,0.00715618,0.00970771,17.1227
14.9507,0.0102342,0.0125551,17.22
14.9664,0.0109688,0.00597039,17.2281
14.8969,0.00979121,0.00813101,17.1608
14.9292,0.0218581,0.0166499,17.2222
14.974,0.00732586,0.00824886,17.2345
14.8739,0.00685522,0.0137668,17.1406
14.9545,0.00945644,0.0152111,17.229
14.8987,0.0153609,0.000213296,17.1636
14.9665,0.00875009,0.0101709,17.2322
14.8796,0.00891997,0.00484624,17.1386
14.9179,0.00924655,0.0081335,17.182
15.031,0.00837593,0.00520331,17.2906
14.9177,0.00742173,0.00965388,17.1816
15.0035,0.00890002,0.00512278,17.265
14.9613,0.00653715,0.0114217,17.224
5 threads per task
14.9389,0.0105146,0.010014,17.2069
14.92,0.00999848,0.014132,17.192
14.9034,0.00546945,0.018066,17.1759
14.9503,0.010748,0.00939278,17.2165
14.8607,0.0100818,0.0147505,17.1337
14.8519,0.00869858,0.0149711,17.122
14.931,0.00695834,0.0193476,17.2036
14.8967,0.00800787,0.0153344,17.1649
14.8341,0.0121452,0.00886508,17.1022
14.9596,0.00997861,0.0122199,17.2316
14.9597,0.0119939,0.011156,17.2282
14.8837,0.0174352,0.00683034,17.1534
14.8306,0.0144272,0.010701,17.109
14.9587,0.0137963,0.016483,17.2373
15.0495,0.0133618,0.00824894,17.3191
14.9916,0.0133083,0.043865,17.2927
14.8732,0.0120129,0.00858923,17.1392
14.9538,0.00841948,0.0138017,17.2208
15.0045,0.015586,0.13183,17.3976
14.8439,0.01216,0.0105934,17.1155
14.933,0.00960892,0.0138934,17.2031
6 threads per task
14.889,0.00968928,0.0137406,17.1611
14.8906,0.017257,0.00815412,17.1621
14.8607,0.0180227,0.012319,17.1378
14.9304,0.0288371,0.000178049,17.2078
15.0884,0.0117786,0.0410007,17.3889
15.0039,0.011117,0.0237014,17.2854
14.8505,0.0132191,0.0262676,17.1348
14.9503,0.0137174,0.0126826,17.224
14.8899,0.018642,0.0198455,17.1781
14.8335,0.0203059,0.00754221,17.1069
15.0322,0.013408,0.0220903,17.3137
14.8891,0.00911381,0.0238362,17.1666
14.8409,0.020961,0.0101096,17.1196
15.004,0.0111018,0.0136543,17.2851
14.9686,0.0130801,0.0100959,17.2371
14.877,0.0168267,0.00990029,17.1489
14.8704,0.0229652,0.00481181,17.1436
14.8809,0.016958,0.0126969,17.1559
14.9792,0.0174126,0.00804975,17.2507
14.9923,0.0113054,0.0155789,17.2665
14.9514,0.012929,0.0213317,17.2306
7 threads per task
14.8949,0.0189251,0.0137725,17.1724
15.0681,0.0152246,0.0117798,17.3461
15.0196,0.01687,0.0407035,17.3224
14.8812,0.015044,0.022408,17.1633
14.9095,0.0189857,0.007285,17.1915
14.8212,0.0163382,0.0184577,17.1021
14.8606,0.0230827,0.0067794,17.1381
15.4527,0.0184971,0.0143203,17.7324
15.0147,0.025078,0.00525804,17.2896
16.8352,0.017861,0.0144644,19.1128
14.9254,0.0194746,0.0195488,17.2165
14.7888,0.0111633,0.189661,17.2498
15.0395,0.011125,0.0285103,17.3303
15.026,0.0140199,0.0158434,17.3023
14.8984,0.0185779,0.065937,17.2298
14.9931,0.0144201,0.0186081,17.2719
14.8418,0.0195631,0.00930312,17.1248
14.9289,0.0144206,0.120982,17.3132
14.8537,0.019966,0.01397,17.1332
15.0411,0.015554,0.0473403,17.3518
14.9166,0.0156548,0.0211669,17.2
8 threads per task
15.1497,0.0281064,0.00929623,17.4356
14.8179,0.0202191,0.111899,17.2004
14.9212,0.0259783,0.0089808,17.2008
15.0804,0.0299165,0.00961211,17.3707
15.0374,0.0186528,0.0170518,17.3177
14.9644,0.0165367,0.0148715,17.2411
14.9194,0.0195771,0.017893,17.2019
14.8312,0.00871583,0.0252465,17.1131
14.8907,0.0179627,0.0148418,17.1686
14.9387,0.0147926,0.0160643,17.2142
15.0016,0.0257675,0.0106174,17.2879
14.8655,0.0185017,0.0611904,17.1957
14.9369,0.0129981,0.0354695,17.2307
14.905,0.0212932,0.0150916,17.1867
14.9119,0.027178,0.0111452,17.1952
15.0273,0.0217372,0.0131919,17.3078
14.9981,0.0160475,0.0212597,17.2817
15.161,0.0163633,0.0176513,17.4403
14.922,0.0201324,0.0156794,17.203
15.0325,0.0204452,0.0142298,17.3133
14.8758,0.0142724,0.0203913,17.1562
