10 tasks per node
1 threads per task
6.9351,0.00149562,8.10403
6.93325,0.00161226,8.10244
7.18996,0.00162783,8.35867
6.86872,0.00155388,8.03713
6.99115,0.00147814,8.16123
7.01906,0.00154565,8.18671
6.9804,0.00148196,8.15077
6.91032,0.0014841,8.07746
6.87036,0.00147448,8.04155
6.89794,0.0016162,8.0702
6.97004,0.00162233,8.1387
6.99247,0.00163199,8.16008
6.92131,0.00147774,8.09053
7.04337,0.00189782,8.2116
7.02398,0.00179369,8.19181
6.85017,0.00166372,8.01817
7.12973,0.00147795,8.30325
6.8662,0.00154347,8.03558
6.88275,0.00179721,8.05097
7.01044,0.00149777,8.17973
7.04266,0.00161229,8.21387
7.04196,0.00148002,8.21075
6.98353,0.0017786,8.14981
6.93786,0.00149192,8.10666
7.0097,0.00155858,8.17943
6.99844,0.00161467,8.16715
6.96593,0.00149414,8.13423
6.92505,0.00160431,8.09298
6.86102,0.0016163,8.0273
6.97923,0.0014869,8.1484
6.94188,0.00161828,8.1121
6.95334,0.0014873,8.12202
6.95306,0.00148764,8.12173
6.94379,0.001779,8.11099
6.86552,0.00179855,8.03445
6.96214,0.00163091,8.13163
6.97176,0.00162335,8.1427
6.87702,0.00179398,8.04521
6.96583,0.00179538,8.13482
6.89105,0.00162146,8.06211
6.96156,0.0014939,8.12831
7.21496,0.00148336,8.38206
6.97072,0.00148536,8.13914
7.17612,0.0014762,8.34629
6.85262,0.00161773,8.02086
6.99521,0.00161551,8.16236
7.00399,0.0017752,8.17265
6.975,0.00152982,8.14219
6.93876,0.00162056,8.10707
7.15263,0.00147512,8.32473
6.9924,0.00161915,8.16169
2 threads per task
7.03426,0.00315781,8.20722
6.98369,0.00400539,8.15341
7.20017,0.00352833,8.36932
6.98285,0.00420089,8.15346
6.93364,0.00286855,8.10459
7.02961,0.00350649,8.19992
6.91503,0.00378106,8.08554
7.05957,0.00357128,8.23134
7.29386,0.00290703,8.4647
6.97732,0.00377076,8.14953
6.89316,0.00296305,8.06291
7.01543,0.00317841,8.18562
6.86712,0.00825995,8.04025
6.91618,0.00419051,8.09222
6.98765,0.0033097,8.15822
6.97727,0.0047817,8.14838
6.9839,0.00352841,8.15516
7.03466,0.00347291,8.20349
7.05463,0.0033078,8.22416
7.06209,0.00443753,8.23391
7.20676,0.0090088,8.38155
6.86807,0.00352652,8.03759
6.87195,0.0031955,8.04145
6.98631,0.00365219,8.15921
6.95075,0.00418289,8.12232
6.86944,0.00455995,8.04307
6.89913,0.00425393,8.06986
6.85872,0.00345183,8.02775
6.98271,0.00280981,8.154
7.02962,0.0084278,8.20526
6.90138,0.00419861,8.07195
7.05206,0.00370513,8.22343
7.02918,0.00386869,8.20233
6.91392,0.00356307,8.08447
7.01987,0.00365654,8.19239
6.95844,0.00304735,8.12933
6.88645,0.00434303,8.05715
6.84103,0.00476231,8.0143
6.95777,0.00426503,8.1296
7.03466,0.00285944,8.2037
6.83652,0.00380168,8.00757
6.97478,0.00303496,8.1452
6.98572,0.00416555,8.15787
7.01983,0.00434132,8.18999
6.87621,0.0036976,8.04617
6.96839,0.00335566,8.13999
6.96096,0.00418877,8.13107
7.15453,0.00389075,8.32503
6.99538,0.00429265,8.1686
6.85594,0.0041865,8.02783
6.94824,0.00365108,8.1177
3 threads per task
6.91458,0.0165007,8.0995
7.11821,0.00695484,8.29338
7.035,0.00558882,8.2079
6.88913,0.0158419,8.08429
7.0255,0.00751672,8.20007
6.86988,0.00691846,8.04359
6.90054,0.00749996,8.07512
6.93983,0.00589527,8.11104
6.89218,0.00826604,8.06636
6.99229,0.0067504,8.1652
6.99735,0.00707656,8.17121
6.95799,0.00678477,8.13311
6.96844,0.00673779,8.14361
6.9667,0.0083467,8.14237
6.9645,0.00556531,8.13662
6.88661,0.00828812,8.06089
6.93375,0.00639033,8.10755
6.85685,0.00760939,8.03188
7.17285,0.00600563,8.34506
7.09127,0.00723761,8.26649
7.1101,0.00880758,8.28686
6.89216,0.00842318,8.0676
7.11088,0.00887573,8.28771
6.94128,0.00796551,8.11675
6.84289,0.00585687,8.01562
6.99712,0.00683118,8.16952
7.01055,0.00553734,8.18394
6.92931,0.00734868,8.10337
6.87444,0.00654485,8.04682
6.92737,0.00736033,8.10296
6.92355,0.00535979,8.09995
6.99318,0.0066528,8.16724
6.9647,0.00912631,8.14493
6.83591,0.00541782,8.00922
6.97859,0.00569273,8.152
6.96255,0.00672758,8.13728
6.99486,0.00689713,8.16762
6.97655,0.00685816,8.15238
6.83461,0.00700814,8.00677
6.87831,0.00590066,8.05024
7.01949,0.00720392,8.19195
7.10456,0.00668474,8.27886
6.9215,0.0139807,8.10382
6.98189,0.00571138,8.15694
6.97064,0.0060912,8.14308
7.08809,0.00518722,8.26209
6.83777,0.00562673,8.01069
6.89143,0.00742601,8.06801
6.98581,0.00694526,8.15853
7.02584,0.00553535,8.19687
6.84954,0.00937911,8.02759
4 threads per task
6.88261,0.0104717,8.06071
7.03512,0.00982526,8.21042
6.99208,0.0130749,8.17133
6.92611,0.0089243,8.10302
6.97597,0.00886853,8.15351
7.13848,0.00879361,8.31475
7.06771,0.0104947,8.24732
6.91057,0.00865142,8.08988
7.01737,0.0104676,8.19605
6.86115,0.0131231,8.04146
6.86948,0.0115052,8.04797
6.8903,0.0135139,8.07084
6.92942,0.00893964,8.10595
6.93967,0.0123077,8.12073
6.9699,0.0113644,8.14718
7.00067,0.0087842,8.17605
6.943,0.00857336,8.12191
6.97487,0.0086111,8.15271
6.99538,0.0105836,8.17205
7.00509,0.00873132,8.18007
6.86027,0.0103981,8.03733
6.85718,0.0113114,8.0354
7.18281,0.00924098,8.36083
6.88241,0.00917144,8.0582
7.62682,0.0140451,8.80779
6.9818,0.0102995,8.16205
6.9794,0.00886621,8.15732
6.82333,0.00852299,7.99805
6.88255,0.0140585,8.06403
7.03387,0.0117297,8.21318
6.94082,0.00904652,8.11569
6.86905,0.00918005,8.0468
7.00608,0.00858365,8.18284
7.00546,0.00858902,8.18146
6.98482,0.00891554,8.16158
6.86629,0.0105031,8.04417
6.89505,0.00992268,8.07052
6.99001,0.0103451,8.16813
6.97444,0.0114754,8.15122
6.91587,0.010282,8.09328
6.91258,0.00876652,8.09087
6.91792,0.00864341,8.09471
6.98905,0.0100279,8.16787
6.96544,0.0102802,8.14294
6.98781,0.0103046,8.16547
6.97982,0.010367,8.1585
7.00902,0.00899264,8.18389
6.86567,0.00878819,8.04163
7.01757,0.0106009,8.19533
6.87932,0.00912611,8.05493
6.92081,0.0116197,8.09812
5 threads per task
7.15851,0.0124643,8.34087
6.9389,0.0138031,8.11835
6.99243,0.0152724,8.17432
6.99862,0.0133708,8.17911
6.93216,0.0133832,8.11433
6.93929,0.0138627,8.1203
6.97865,0.0150604,8.161
6.99065,0.0121719,8.17251
6.99531,0.0135542,8.17793
6.87108,0.0135738,8.05209
6.98595,0.0129851,8.16459
6.9867,0.0132186,8.16551
7.02109,0.0136144,8.20386
7.00146,0.0173669,8.18884
7.08738,0.0147782,8.27015
7.03227,0.0142881,8.21655
7.20071,0.0173727,8.38959
6.88143,0.023084,8.07355
7.03734,0.0117548,8.21895
6.89837,0.0136154,8.07878
6.98039,0.0120937,8.15966
6.83822,0.0120882,8.01643
7.01061,0.014509,8.19322
6.86753,0.0119277,8.05298
6.97391,0.0136301,8.1536
6.98593,0.0162396,8.16758
7.10498,0.011817,8.28274
6.96847,0.0135898,8.14813
6.95331,0.0131945,8.1332
7.08362,0.0140967,8.26569
6.94772,0.0134514,8.12703
6.86787,0.0134582,8.049
6.83501,0.013459,8.01758
6.94144,0.0130762,8.12387
6.87238,0.0147252,8.05562
6.91775,0.0117576,8.09882
6.91031,0.0132556,8.09021
7.09476,0.0123064,8.27453
7.03556,0.0120002,8.21712
6.88771,0.0121356,8.06903
6.90979,0.0134538,8.09106
6.97107,0.0134779,8.15065
6.9435,0.0104991,8.1221
7.01749,0.0166544,8.20005
6.85241,0.0116825,8.09266
6.93625,0.012115,8.11441
6.91922,0.011971,8.10033
6.91628,0.0146179,8.10243
6.88557,0.0136509,8.06913
6.8983,0.0131402,8.0791
6.89506,0.0151097,8.08572
6 threads per task
6.9933,0.0166429,8.18095
6.88122,0.0150675,8.06504
6.90917,0.0168652,8.09637
6.9777,0.0226853,8.16854
6.94894,0.0162269,8.13496
6.84873,0.0166747,8.03352
6.91214,0.0166935,8.09527
7.01472,0.0170147,8.19917
7.00574,0.0151399,8.18794
6.99533,0.0172655,8.18218
6.85593,0.0156378,8.04002
6.82996,0.0152881,8.01256
6.9724,0.0158702,8.1564
6.94433,0.0164066,8.13079
6.84049,0.0200388,8.02783
6.98461,0.017969,8.16868
6.86462,0.0183564,8.05217
6.88701,0.0153324,8.07018
6.89118,0.0185176,8.07676
6.95714,0.0177199,8.14423
6.82481,0.0191671,8.01268
7.03548,0.0134451,8.21815
6.91585,0.0167779,8.10232
6.97573,0.015679,8.16232
7.02417,0.0151261,8.20641
6.85271,0.0169618,8.03996
7.02518,0.0151526,8.21043
7.04086,0.0181359,8.22761
7.00154,0.0222713,8.1906
6.87498,0.0164417,8.06121
6.93651,0.0168309,8.12209
6.86022,0.0159535,8.04398
7.03287,0.0158607,8.21523
6.87478,0.0173515,8.06171
6.94082,0.0179012,8.12714
9.1919,0.0194993,10.3796
7.03818,0.0186209,8.22633
6.98474,0.0167752,8.17269
6.96556,0.0169978,8.15247
6.92876,0.0193054,8.11536
6.87092,0.0165076,8.05732
6.86575,0.0181898,8.05146
7.11174,0.01586,8.2952
6.86428,0.0246679,8.05659
6.95956,0.0165084,8.14287
6.97507,0.0181365,8.16087
6.88199,0.0167537,8.06489
6.85377,0.0168699,8.03669
7.09644,0.0149193,8.2787
6.91045,0.0227672,8.09974
6.86827,0.0159051,8.05103
7 threads per task
6.96234,0.0210249,8.15014
6.82705,0.0193967,8.01694
6.9576,0.0184968,8.14519
6.87132,0.0197306,8.05949
7.62637,0.0179264,8.81329
6.95857,0.0199315,8.14507
7.0357,0.0173256,8.23076
6.87314,0.0190315,8.05996
7.0138,0.024419,8.2066
6.84648,0.0183496,8.03409
6.85479,0.0172868,8.04106
6.92589,0.0198563,8.11258
6.88206,0.0183639,8.06785
6.88486,0.0202925,8.07317
7.04398,0.0209666,8.2324
6.94966,0.0183423,8.13752
6.96315,0.0181413,8.15401
6.91945,0.0203004,8.10559
7.02571,0.0199408,8.21283
6.986,0.0241265,8.18098
6.93759,0.0199871,8.13567
6.8677,0.0213668,8.05608
6.93986,0.0194348,8.12755
6.95935,0.0230964,8.14991
6.98135,0.0183395,8.1684
7.01906,0.0192487,8.20407
6.94709,0.0216036,8.14208
7.17233,0.0185215,8.3606
6.87266,0.0189283,8.05818
6.90646,0.0189822,8.09249
6.98168,0.0182015,8.1693
6.89643,0.0264731,8.09077
6.86135,0.0182412,8.05024
6.98927,0.018075,8.1765
6.89061,0.0182478,8.07844
7.04865,0.020096,8.23726
6.90118,0.0202832,8.08834
7.00432,0.0198162,8.18925
6.98972,0.0202949,8.17819
7.0038,0.0188684,8.18897
7.08463,0.0197314,8.27453
6.98509,0.0197351,8.17079
6.96129,0.0215695,8.14909
7.03814,0.0204888,8.22514
7.02288,0.0247983,8.21403
6.99426,0.0215098,8.18381
6.92158,0.0202764,8.10859
6.97223,0.023106,8.16444
6.99944,0.0194014,8.18901
6.85184,0.0212455,8.04041
6.88243,0.0221065,8.07024
8 threads per task
6.85507,0.021613,8.04542
6.98106,0.024885,8.19382
6.9376,0.0222715,8.1288
6.96643,0.0278449,8.16128
7.02739,0.0224294,8.21973
6.87874,0.0246135,8.07189
6.93406,0.0216287,8.12259
7.01869,0.0232053,8.21014
7.02128,0.0249216,8.24164
6.87361,0.0216732,8.06142
6.95722,0.0229445,8.15204
6.96037,0.0212738,8.15877
6.90591,0.0212005,8.23273
7.03644,0.0222101,8.22741
6.86374,0.0244346,8.06159
6.88323,0.0226157,8.07448
6.98874,0.0407225,8.19558
6.97361,0.0224791,8.16209
7.04238,0.0264817,8.23664
6.95157,0.0198155,8.1427
8.59974,0.0254461,9.7915
6.99364,0.0205338,8.18361
6.86185,0.0234286,8.08056
6.9656,0.0215912,8.15661
7.10713,0.0236053,8.3076
7.03811,0.023036,8.22821
6.87146,0.0206479,8.06058
7.10283,0.0229132,8.29265
7.0282,0.0234223,8.22114
6.88724,0.0290095,8.08739
7.03127,0.0201619,8.23028
7.00069,0.0220307,8.19345
6.87414,0.023412,8.06587
6.89669,0.0231351,8.08742
6.9451,0.0217448,8.13521
6.93078,0.0262268,8.12415
6.92594,0.0234218,8.11481
6.98758,0.0263988,8.18205
7.13255,0.0233226,8.32265
6.92898,0.0300583,8.13053
7.06029,0.0243816,8.25409
6.98688,0.0248572,8.17732
6.86475,0.0224097,8.05475
7.024,0.0226943,8.21861
6.92983,0.0228128,8.12302
6.87512,0.0220335,8.06394
6.90934,0.0246243,8.10033
6.8499,0.0250028,8.04455
6.86988,0.0243557,8.05911
7.01889,0.0201361,8.20799
7.03041,0.0243514,8.2221
