11 tasks per node
 threads per task
6.98565,0.000730503,7.75972
4.38407,0.000758441,5.15798
4.40559,0.000580246,5.18041
4.27397,0.000526441,5.04637
4.41585,0.0008198,5.18708
4.36364,0.000537397,5.13385
4.31661,0.000708701,5.08983
4.33857,0.00056662,5.11708
4.32654,0.000660216,5.10652
4.30559,0.00061865,5.08031
4.34974,0.000786858,5.13205
4.41621,0.000576871,5.19613
4.55561,0.000677511,5.32925
4.41812,0.000807816,5.1888
4.40351,0.00073408,5.17614
4.36097,0.000554183,5.13255
4.29318,0.000573698,5.06656
4.37482,0.000732586,5.149
4.30857,0.000603853,5.08173
4.31632,0.000510288,5.08868
4.37926,0.000634171,5.15295
4.43435,0.00055225,5.20547
4.40192,0.000881363,5.17439
4.29923,0.000792317,5.07195
4.30636,0.00079461,5.08056
4.39569,0.000785166,5.17042
4.39393,0.000630394,5.16584
4.35028,0.000517856,5.12262
4.46034,0.000569241,5.23529
4.27983,0.00065993,5.05983
4.31102,0.000998762,5.08747
4.44863,0.000621581,5.22197
4.38928,0.000608439,5.1619
4.42081,0.000659371,5.19937
4.4305,0.000866177,5.20486
4.40335,0.000634531,5.17696
4.36276,0.000660405,5.13664
4.29087,0.000616282,5.06251
4.30896,0.000516459,5.08145
4.45044,0.000642424,5.22995
4.32425,0.000593675,5.09649
4.38848,0.000619262,5.16908
4.41484,0.000477321,5.19404
4.30063,0.000776097,5.07378
4.43809,0.000481673,5.20852
4.42238,0.000661941,5.19947
4.36754,0.000570089,5.14132
4.30119,0.00093032,5.07322
4.41876,0.000786951,5.19055
4.30708,0.000838643,5.07936
4.29983,0.00070026,5.0736
 threads per task
4.39485,0.00573036,5.17094
4.38603,0.0143316,5.17191
4.38007,0.00372471,5.15729
4.37826,0.00409316,5.15344
4.37682,0.00397284,5.1578
4.32702,0.00434151,5.10731
4.29954,0.00630953,5.07899
4.42147,0.00387683,5.1966
4.30034,0.00653993,5.07989
4.36716,0.0148032,5.16101
4.31553,0.00380418,5.09157
4.39778,0.00404838,5.1738
4.30689,0.00383098,5.08127
4.31054,0.00390312,5.08978
4.34155,0.00388794,5.11754
4.28811,0.0187559,5.08709
4.32763,0.00380583,5.10611
4.27985,0.00445478,5.05731
4.42119,0.017441,5.20864
4.36443,0.00383981,5.14109
4.35288,0.0141077,5.14544
4.35999,0.00396411,5.1348
4.2921,0.00395444,5.06934
4.36772,0.00381674,5.14342
4.30025,0.00531322,5.07676
4.3534,0.00559837,5.13269
4.37972,0.00399449,5.15582
4.47356,0.0147584,5.25978
4.29276,0.0140617,5.07865
4.37279,0.00464519,5.14822
4.33412,0.00387407,5.10938
4.35404,0.00396331,5.12993
4.39313,0.00560605,5.1758
4.40444,0.00372228,5.18395
4.48353,0.00382912,5.25823
4.36601,0.00378259,5.14056
4.38269,0.0040199,5.16139
4.38466,0.0049758,5.16563
4.39018,0.00510325,5.17021
4.33301,0.00839138,5.11341
4.37171,0.0146224,5.17613
4.39032,0.00376188,5.16506
4.32074,0.00532941,5.09875
4.36378,0.00442964,5.13944
4.58593,0.00401232,5.36957
4.3752,0.0102519,5.16044
4.34037,0.00410413,5.1203
4.31172,0.00851221,5.09371
4.32003,0.00379707,5.09624
4.39101,0.00404966,5.16796
4.3335,0.00609918,5.11042
 threads per task
4.49205,0.0139896,5.27795
4.35485,0.0116299,5.13721
4.30946,0.0204986,5.10021
4.37181,0.0116249,5.1583
4.36798,0.0168622,5.15801
4.36091,0.00827182,5.14331
4.40772,0.0140952,5.20278
4.2783,0.00832449,5.05788
4.36039,0.009293,5.14244
4.40671,0.0115968,5.18835
4.30243,0.012526,5.10639
4.2976,0.0192729,5.08994
4.40457,0.0102068,5.18848
4.38856,0.0143773,5.17472
4.42499,0.00730107,5.20378
4.27864,0.0108097,5.0605
4.38078,0.00845176,5.16247
4.45269,0.0114639,5.236
4.37725,0.0196482,5.17246
4.29088,0.0171094,5.08123
4.36773,0.01444,5.15822
4.29607,0.0104403,5.08866
4.32047,0.0133981,5.11153
4.29765,0.0142302,5.08346
4.3067,0.0179578,5.09614
4.41034,0.00864603,5.19104
4.36537,0.0154127,5.26899
4.38934,0.0105955,5.17022
4.31352,0.0114874,5.09891
4.36085,0.017277,5.14907
4.41851,0.0143425,5.20683
4.31603,0.013654,5.10451
4.39521,0.0159151,5.20258
4.31389,0.0108106,5.09511
4.39105,0.0100008,5.17584
4.29696,0.0124398,5.08204
4.39123,0.0134635,5.17718
4.39695,0.00927925,5.18684
4.31062,0.0108165,5.09926
4.3888,0.0160978,5.17497
4.32184,0.0141119,5.11382
4.31659,0.00865586,5.09873
4.38456,0.0123948,5.16857
4.31291,0.00868262,5.09469
4.35557,0.0141162,5.14229
4.28885,0.0138049,5.07652
4.37281,0.0100245,5.16003
4.38626,0.0138601,5.17527
4.41705,0.0126152,5.20077
4.39057,0.0137784,5.17889
4.52843,0.00827345,5.30902
 threads per task
4.30325,0.0168527,5.09776
4.40204,0.0132064,5.19002
4.29619,0.0151248,5.08994
4.31668,0.0189229,5.108
4.38146,0.0151495,5.17368
4.31786,0.0148731,5.11083
4.31102,0.0184885,5.10054
4.29263,0.0165384,5.08122
4.38027,0.0133202,5.16916
4.31819,0.0213541,5.11544
4.43254,0.0164926,5.22115
4.31062,0.0116889,5.10237
4.37432,0.0189103,5.16509
4.25042,0.0131769,5.0757
4.37435,0.0132481,5.16512
4.33372,0.0181683,5.12439
4.31174,0.0180612,5.10363
4.30611,0.016233,5.09392
4.39324,0.0203177,5.18564
4.36927,0.0150835,5.16126
4.36839,0.0160485,5.15639
4.37561,0.0147992,5.16334
4.43509,0.0160545,5.22357
4.42873,0.0133709,5.21371
4.28212,0.0210439,5.07455
4.38349,0.0147714,5.17969
4.31862,0.0168641,5.10717
4.31434,0.0165323,5.10383
4.49558,0.0181249,5.28546
4.37512,0.016435,5.16289
4.51735,0.0188645,5.30946
4.36669,0.0147025,5.16952
4.33127,0.0187527,5.11987
4.43975,0.011115,5.22526
4.31223,0.0166375,5.09898
4.39081,0.0191289,5.19543
4.38775,0.0162678,5.17458
4.29448,0.0182858,5.08437
4.29752,0.0168236,5.0869
4.37756,0.0171595,5.16654
4.36706,0.0149319,5.15354
4.39514,0.0210786,5.18804
4.38003,0.015361,5.16787
4.33585,0.0166329,5.12475
4.35358,0.0190031,5.14515
4.40723,0.0226299,5.20347
4.36976,0.0181412,5.1596
4.42447,0.015024,5.21264
4.30109,0.0191879,5.0918
4.32532,0.0126865,5.11472
4.30079,0.0180027,5.09121
 threads per task
4.45457,0.0184,5.24382
4.30115,0.0326997,5.10665
4.42588,0.0196863,5.21539
4.42714,0.032972,5.23155
4.38587,0.03267,5.19014
4.33356,0.0224182,5.12767
4.37152,0.020357,5.17449
4.33533,0.0217433,5.13027
4.35565,0.0175342,5.15324
4.47519,0.0253744,5.27222
4.37214,0.0250234,5.16908
4.43878,0.025138,5.23426
4.31137,0.0218144,5.10556
4.321,0.021191,5.1142
4.37138,0.0182465,5.16338
4.37716,0.0243586,5.17471
4.37566,0.0213195,5.17126
4.34514,0.0211497,5.14019
4.29615,0.0245718,5.09081
4.42279,0.0229604,5.22254
4.35931,0.0200737,5.15471
4.30107,0.0213273,5.09525
4.36528,0.0212526,5.15654
4.3392,0.0240173,5.13718
4.3848,0.0189539,5.20854
4.4206,0.0200309,5.21297
4.38929,0.0206617,5.18726
4.37075,0.0233809,5.16899
4.3685,0.0229334,5.16196
4.33134,0.0214341,5.12713
4.48305,0.0291302,5.28405
4.31979,0.0217748,5.12119
4.37175,0.016538,5.16333
4.36888,0.0186954,5.15852
4.48666,0.0227372,5.28792
4.28959,0.0180542,5.08022
4.46902,0.0221724,5.28163
4.47737,0.0211099,5.27131
4.42139,0.0181614,5.21103
4.32592,0.021952,5.11918
4.29656,0.0159741,5.08601
4.30132,0.0174087,5.09442
4.38365,0.020666,5.17684
4.39598,0.0223696,5.19328
4.34718,0.0200253,5.14207
4.38733,0.0271004,5.18893
4.32789,0.0261325,5.12351
4.39655,0.0204486,5.19023
4.44626,0.0257405,5.24319
4.43391,0.0243367,5.22718
4.39177,0.0214528,5.18508
 threads per task
4.39136,0.0270962,5.19863
4.38447,0.0290432,5.18574
4.37507,0.0228031,5.17066
4.37541,0.0259826,5.17362
4.29491,0.0272644,5.093
4.35915,0.0227212,5.16601
4.3471,0.024888,5.1464
4.2539,0.0258301,5.05667
4.38978,0.0244264,5.18694
4.43834,0.0272139,5.23822
4.42647,0.0269344,5.22442
4.41973,0.0303247,5.22041
4.35099,0.031203,5.15337
4.30523,0.0261245,5.10374
4.37634,0.0230282,5.17196
4.37196,0.0259106,5.18086
4.48164,0.0232023,5.27623
4.37986,0.0262137,5.17865
4.31966,0.0232048,5.14128
4.42054,0.0252094,5.21538
4.37576,0.0242558,5.17194
4.30996,0.0244546,5.10668
4.38153,0.0210347,5.17807
4.30032,0.0295342,5.10719
4.31868,0.0247436,5.11694
4.36908,0.0244062,5.17532
4.34721,0.0228749,5.14743
4.44007,0.0242449,5.23733
4.38811,0.0275622,5.18603
4.32665,0.0228562,5.12475
4.31176,0.0259855,5.10907
4.30741,0.0278192,5.10653
4.42554,0.0260571,5.2243
4.37554,0.0285768,5.1744
4.2789,0.0240091,5.07598
4.38726,0.0280869,5.18715
4.38801,0.0273362,5.18422
4.43721,0.0306521,5.23674
4.3393,0.0230929,5.13645
4.29619,0.0306768,5.10436
4.33501,0.0233184,5.13129
4.40354,0.0251235,5.21154
4.41084,0.0292493,5.21684
4.39481,0.0254976,5.20077
4.38389,0.0289383,5.18514
4.3134,0.0287211,5.11477
5.26729,0.0287823,6.06685
4.46665,0.0244789,5.2628
4.29833,0.0261182,5.1031
4.31569,0.02284,5.11166
4.33454,0.0260461,5.13734
 threads per task
4.34263,0.0351393,5.14995
4.35988,0.0338636,5.17319
4.38039,0.0290381,5.18112
4.36593,0.0286337,5.16603
4.3121,0.0292329,5.11221
4.44894,0.0309181,5.25485
4.37963,0.0309328,5.18903
4.39559,0.0279713,5.20148
4.25729,0.0299222,5.05966
4.30066,0.0369296,5.10872
4.41875,0.0393125,5.23897
4.38164,0.0289236,5.2115
4.30628,0.0282705,5.10628
4.3863,0.034501,5.20433
4.3956,0.029486,5.19674
4.42992,0.0287897,5.22948
4.40416,0.0320251,5.21191
4.37664,0.029843,5.18696
4.38221,0.0279451,5.18405
4.39684,0.029177,5.19862
4.37524,0.026356,5.17322
4.36772,0.0311017,5.17465
4.37605,0.0311139,5.17895
4.39847,0.0295022,5.2013
4.41974,0.0322043,5.23322
4.32004,0.0276074,5.12209
4.40137,0.0307067,5.20144
4.37941,0.0297815,5.18133
4.35984,0.0293117,5.16237
4.3088,0.032579,5.11395
4.38336,0.0432043,5.20922
4.29288,0.0307862,5.10382
4.37664,0.0270173,5.18491
4.29496,0.0251604,5.10952
4.32867,0.0356393,5.13768
4.3042,0.0278424,5.10778
4.87306,0.0282455,5.67149
4.31114,0.0342297,5.11665
4.33085,0.0273693,5.13283
4.3964,0.0307316,5.19975
4.41437,0.0303412,5.21379
4.40158,0.0278511,5.21604
4.42046,0.0312389,5.22196
4.32049,0.0278363,5.12001
4.3939,0.0290883,5.20236
4.37469,0.0296248,5.17628
4.32587,0.0325399,5.13713
4.42685,0.0294796,5.33127
4.42345,0.0342857,5.23735
4.35438,0.0305064,5.16866
4.31624,0.0277994,5.11615
 threads per task
4.31923,0.0311183,5.12525
4.35097,0.0404794,5.16223
4.40967,0.0345964,5.2137
4.29229,0.0311078,5.09872
4.39496,0.0312053,5.19875
4.33424,0.0375337,5.14285
4.37704,0.031111,5.17953
4.3255,0.0317256,5.13405
4.38478,0.0310522,5.20216
4.30129,0.0370503,5.1106
4.34685,0.0355186,5.16023
4.34819,0.0343301,5.17096
4.31777,0.0341216,5.12881
4.4545,0.0342921,5.25905
4.27493,0.038116,5.09324
4.32404,0.0368829,5.13156
4.44769,0.0345846,5.26207
4.31789,0.0295927,5.12934
4.56919,0.0336755,5.37712
4.47784,0.0391147,5.28873
4.36854,0.0327536,5.17136
4.4689,0.0308474,5.2805
4.45228,0.0359061,5.26184
4.34609,0.032487,5.15061
4.29873,0.0346547,5.10573
4.36881,0.0271095,5.17525
4.38367,0.0342518,5.18795
4.40925,0.0311449,5.21417
4.30143,0.0314025,5.10937
4.31528,0.0298189,5.13411
4.40905,0.0320984,5.21325
4.4218,0.0323388,5.22893
4.32446,0.032552,5.13164
4.30704,0.0325105,5.11269
4.30588,0.033858,5.11121
4.35348,0.0353485,5.15879
4.36865,0.0381994,5.17688
4.30119,0.0391747,5.11174
4.41477,0.0324728,5.21819
4.29929,0.0320015,5.12064
4.29767,0.033723,5.10986
4.41903,0.0426039,5.23256
4.40907,0.0303812,5.21361
4.37252,0.0341134,5.17955
4.38399,0.0410083,5.19961
4.28873,0.0301413,5.09604
4.36231,0.0361814,5.17004
4.31413,0.0353094,5.12198
4.31446,0.0342541,5.11942
4.31328,0.028959,5.12915
4.42071,0.0356802,5.4222
