6 tasks per node
 threads per task
7.67854,0.000615271,8.62671
4.18683,0.000532975,5.12754
4.13703,0.000542479,5.09147
4.14562,0.000514483,5.08717
4.09034,0.00052651,5.04543
4.1611,0.000532877,5.11185
4.12435,0.000656361,5.066
4.14976,0.000527604,5.08959
4.14933,0.0005596,5.09776
4.21268,0.000544855,5.15931
4.12797,0.000496233,5.0807
4.21051,0.00052288,5.16732
4.16445,0.000819832,5.11353
4.08501,0.000534648,5.03377
4.0681,0.000536073,5.01582
4.2648,0.000552051,5.22531
4.08428,0.000870863,5.03213
4.19832,0.000519082,5.14806
4.07389,0.000443308,5.02257
4.06897,0.000591978,5.02002
4.16431,0.000630291,5.10652
4.05469,0.000663636,5.00453
4.15026,0.000568265,5.09712
4.16295,0.000471856,5.10488
4.1709,0.000510449,5.12495
4.07084,0.000408048,5.01961
4.09102,0.000539923,5.04607
4.17258,0.00057256,5.12095
4.14359,0.000710696,5.09173
4.07742,0.000456491,5.02296
4.05437,0.00071568,5.01267
4.1009,0.000515319,5.04717
4.11229,0.000578174,5.05961
4.18798,0.00059188,5.13562
4.07336,0.000567218,5.02448
4.18215,0.000547916,5.13074
4.13572,0.000578986,5.08692
4.22084,0.000534734,5.16843
4.18637,0.000549888,5.14004
4.08562,0.000503553,5.03375
4.12042,0.000662388,5.06784
4.16734,0.000513442,5.1074
4.08744,0.000515064,5.03437
4.08523,0.00051057,5.03155
4.23554,0.000620769,5.18441
4.24229,0.000539629,5.18291
4.19492,0.000534389,5.1428
4.55879,0.000516588,5.50797
4.18249,0.000564413,5.12328
4.18842,0.00055013,5.13858
4.12994,0.000495,5.07706
 threads per task
4.11918,0.00109621,5.06927
4.16463,0.00191119,5.11863
4.08672,0.00110982,5.02851
4.16189,0.00127572,5.11023
4.06079,0.000978423,5.0084
4.1661,0.00107287,5.1141
4.1951,0.000972405,5.14129
4.19521,0.00196128,5.14505
4.1011,0.00200547,5.05176
4.09613,0.00129314,5.03772
4.15113,0.0018863,5.10174
4.12796,0.00109858,5.07509
4.15112,0.00182181,5.09299
4.16129,0.00185943,5.1123
4.15786,0.00189033,5.10669
4.12213,0.000953898,5.06257
4.15959,0.000878638,5.10527
4.1914,0.000839921,5.14184
4.17856,0.000636745,5.13095
4.2058,0.00125484,5.15293
4.14698,0.000734683,5.08812
4.06971,0.00101171,5.01786
4.07774,0.000556055,5.02347
4.13909,0.000971617,5.0883
4.26205,0.00187339,5.21603
4.15941,0.00196967,5.11027
4.05767,0.000552636,4.99816
4.15273,0.000850679,5.09394
4.16716,0.000497861,5.11041
4.1461,0.00126622,5.09811
4.1608,0.000542231,5.10138
4.03864,0.00193283,4.98737
4.19611,0.0018135,5.14399
4.07283,0.00117541,5.01603
4.15371,0.00062139,5.10079
4.09481,0.00160148,5.05033
4.18224,0.0010711,5.12431
4.14872,0.0010098,5.0958
4.178,0.00059475,5.12468
4.17864,0.00109857,5.12705
4.1747,0.00108691,5.13383
4.15343,0.000802578,5.10136
4.08442,0.00190482,5.03379
4.1638,0.00203771,5.11107
4.09017,0.000894761,5.03242
4.11883,0.00190903,5.06679
4.06938,0.00122127,5.00832
4.12457,0.00192908,5.07431
4.09886,0.0010576,5.04908
4.0978,0.00188034,5.04709
4.13919,0.0018573,5.08745
 threads per task
4.15122,0.00354292,5.09619
4.17548,0.00359087,5.13095
4.32784,0.00350461,5.27628
4.21675,0.00350605,5.16635
4.10866,0.0036376,5.05841
4.06039,0.00373537,5.0097
4.04573,0.00368221,4.99741
4.18358,0.00357999,5.12976
4.06592,0.00511546,5.02372
4.07935,0.00370595,5.03247
4.19201,0.00372341,5.14219
4.17873,0.00362635,5.12802
4.17474,0.00343431,5.12597
4.20577,0.00348006,5.1557
4.19889,0.00382278,5.14744
4.07552,0.00349183,5.02759
4.19698,0.00359469,5.14256
4.07612,0.0035978,5.02806
4.08153,0.003545,5.03591
4.1864,0.00368799,5.13682
4.06899,0.00362031,5.02024
4.1274,0.00362455,5.0795
4.13629,0.00357318,5.09347
4.05905,0.00371139,5.01363
4.09726,0.0035316,5.04762
4.08787,0.00372472,5.03664
4.1436,0.00372686,5.0967
4.08267,0.0035173,5.02545
4.16129,0.00355729,5.11226
4.0769,0.0035622,5.02823
4.14487,0.00382815,5.10479
4.14586,0.00447941,5.09158
4.18548,0.00367309,5.14351
4.14946,0.00347238,5.09893
4.11211,0.00366485,5.06333
4.14903,0.00342433,5.09141
4.13073,0.00364695,5.08206
4.09295,0.00364085,5.04528
4.05628,0.00357238,5.01402
4.05948,0.00359813,5.01238
4.07885,0.00385081,5.02933
4.18978,0.00369948,5.13339
4.08213,0.00346862,5.02598
4.20068,0.00364619,5.14588
4.05277,0.0037322,4.99776
4.11227,0.0036004,5.06427
4.16539,0.00381552,5.11843
4.06595,0.00360697,5.01493
4.12974,0.00352072,5.07268
4.13537,0.00350366,5.08495
4.06092,0.0036157,5.01149
 threads per task
4.08321,0.00513613,5.04219
4.13305,0.0118829,5.09497
4.13849,0.00509011,5.09064
4.19796,0.0122871,5.15147
4.10254,0.00876923,5.06495
4.12445,0.00530593,5.08025
4.17736,0.0165642,5.13617
4.33991,0.0124106,5.30315
4.10496,0.00894316,5.05491
4.08169,0.0161708,5.04823
4.06282,0.00820235,5.03174
4.06146,0.00668247,5.01386
4.14691,0.00525696,5.10023
4.0871,0.0292281,5.06396
4.07534,0.00585568,5.03193
4.15744,0.0052418,5.11932
4.13092,0.0158526,5.08864
4.08211,0.00512694,5.02803
4.06399,0.00507436,5.0151
4.1353,0.00522842,5.08683
4.18939,0.0157862,5.14481
4.1961,0.00524099,5.15059
4.17914,0.00679509,5.13386
4.06754,0.00932776,5.02593
4.10154,0.00528467,5.06437
4.06648,0.00534454,5.0112
4.12937,0.00989169,5.08825
4.17735,0.00525179,5.12862
4.14491,0.00856051,5.10192
4.09227,0.00514513,5.03601
4.14697,0.0163927,5.10947
4.13675,0.00711074,5.09147
4.21005,0.00512316,5.16311
4.2272,0.0144806,5.18138
4.14752,0.00876532,5.1108
4.1537,0.015428,5.11742
4.12214,0.00646431,5.07566
4.22475,0.00884588,5.1795
4.19076,0.00505739,5.14118
4.09426,0.0053878,5.04347
4.12102,0.00828391,5.07631
4.0841,0.00919379,5.04166
4.08537,0.00524399,5.03189
4.18405,0.0156516,5.15247
4.07011,0.00513748,5.01543
4.07775,0.00513543,5.03264
4.22885,0.00525511,5.18124
4.16661,0.00752666,5.12362
4.1603,0.0155263,5.12171
4.09183,0.00533005,5.04297
4.14001,0.00651222,5.08843
 threads per task
4.12949,0.00674479,5.08771
4.07185,0.00517856,5.02426
4.01501,0.00768935,4.96709
4.06353,0.00887268,5.01789
4.1497,0.00667667,5.1054
4.20507,0.00677512,5.15304
4.16644,0.00698587,5.12039
4.17015,0.00710886,5.12488
4.08752,0.00673499,5.04025
4.09043,0.00664655,5.04492
4.17365,0.00681835,5.12007
4.19391,0.0067182,5.14852
4.15174,0.00680393,5.10465
4.28986,0.00676405,5.24543
4.11254,0.00663341,5.06733
4.16288,0.00671661,5.10948
4.12299,0.00674633,5.07554
4.08785,0.0137724,5.04985
4.11855,0.0155084,5.07962
4.22146,0.00671073,5.16567
4.20269,0.00673371,5.1538
4.14733,0.00672446,5.10878
4.15724,0.00667001,5.11003
4.07041,0.00880767,5.02002
4.08772,0.00842682,5.04319
4.17102,0.00662442,5.12405
4.14096,0.0091677,5.09598
4.10808,0.00684135,5.06751
4.12721,0.00669031,5.09648
4.19311,0.0068041,5.14974
4.08981,0.00681724,5.03995
4.14845,0.00675867,5.1043
4.15075,0.00670134,5.11069
4.06954,0.00679489,5.02131
4.21788,0.00689152,5.16514
4.15315,0.00671358,5.10948
4.08223,0.0067856,5.03643
4.13643,0.00516552,5.08912
4.08483,0.00663429,5.03883
4.16062,0.00529161,5.10849
4.15868,0.0067889,5.11456
4.1993,0.00521252,5.15054
4.21119,0.00678286,5.15793
4.08119,0.0101301,5.04053
4.0821,0.00571699,5.0351
4.06928,0.00662538,5.01626
4.19157,0.00675094,5.1447
4.06405,0.00671477,5.01779
4.15234,0.00673167,5.10041
4.17043,0.0067161,5.12345
4.09823,0.00628782,5.0601
 threads per task
4.07719,0.00841566,5.03517
4.21181,0.00844989,5.1633
4.05824,0.00985803,5.01773
4.14448,0.00885282,5.10562
4.18004,0.00842413,5.14183
4.1581,0.0079188,5.10622
4.17216,0.00818784,5.12768
4.0658,0.00854702,5.02338
4.09342,0.00834773,5.04806
4.07395,0.0082835,5.02955
4.22927,0.00859589,5.18455
4.1513,0.00844532,5.11126
4.19825,0.00919785,5.1549
4.07537,0.00849235,5.02789
4.14186,0.00833927,5.09418
4.14066,0.00823935,5.10425
4.21634,0.00829182,5.1735
4.1582,0.00834865,5.10702
4.1427,0.008594,5.098
4.13407,0.00830094,5.08537
4.04162,0.00847531,4.98916
4.04769,0.00830673,4.99826
4.21046,0.00844198,5.17109
4.13146,0.00986354,5.09324
4.07254,0.00918069,5.03186
4.1625,0.00842114,5.11762
4.14201,0.00842349,5.09629
4.1244,0.00917668,5.08032
4.05686,0.00980292,5.01426
4.10236,0.00977958,5.05928
4.13464,0.00836569,5.0911
4.06058,0.00839608,5.00915
4.08446,0.00833583,5.03224
4.08364,0.0288279,5.06484
4.08986,0.0158749,5.05402
4.17417,0.00820824,5.12328
4.11652,0.00841442,5.07471
4.20809,0.00834066,5.16227
4.16336,0.00981314,5.11992
4.15621,0.00834677,5.10597
4.2245,0.00850057,5.17965
4.09041,0.00851963,5.03696
4.06971,0.0144303,5.0339
4.17485,0.00846785,5.13133
4.18885,0.00823131,5.14954
4.07465,0.0173736,5.04236
4.16413,0.00836368,5.12362
4.12528,0.00832094,5.07445
4.09583,0.0167178,5.05896
4.08245,0.00840635,5.04286
4.13835,0.00839033,5.09262
 threads per task
4.09142,0.0142243,5.04481
4.14685,0.0116035,5.10738
4.07517,0.00992767,5.0264
4.15274,0.00999408,5.11607
4.08341,0.00985896,5.03309
4.11924,0.00993638,5.07669
4.03603,0.0115429,5.00336
4.15127,0.0156769,5.13344
4.17461,0.011452,5.13084
4.14827,0.0113976,5.10642
4.21183,0.0118086,5.17168
4.08727,0.0192788,5.06518
4.14004,0.0108256,5.10245
4.17267,0.0113847,5.14099
4.15193,0.0101117,5.11485
4.13887,0.0100568,5.08911
4.16314,0.017108,5.15117
4.18157,0.0101054,5.13892
4.18241,0.0114923,5.14199
4.12994,0.012259,5.09331
4.16693,0.0113796,5.11973
4.10447,0.0115016,5.06355
4.10795,0.0218813,5.07984
4.06107,0.0193944,5.04339
4.28397,0.0157198,5.25036
4.04272,0.00990417,5.00302
4.15024,0.0187243,5.11028
4.1694,0.0186684,5.12855
4.13824,0.0211798,5.09949
4.13415,0.00992505,5.09366
4.09859,0.0116963,5.06167
4.15982,0.0101015,5.10863
4.14038,0.0100558,5.10052
4.06279,0.0271177,5.05328
4.10091,0.00997407,5.05666
4.14242,0.0188379,5.10903
4.35252,0.0100199,5.30117
4.15625,0.0116952,5.1134
4.07494,0.00996002,5.03253
4.2769,0.010378,5.23517
4.08786,0.011443,5.04108
4.06374,0.0115435,5.02086
4.06265,0.00996832,5.0165
4.1133,0.0193507,5.07971
4.07759,0.0116683,5.03788
4.22427,0.00995132,5.18176
4.09567,0.011469,5.04781
4.08214,0.0129528,5.03896
4.14219,0.0100099,5.10384
4.06373,0.00997157,5.02186
4.22737,0.0194242,5.19167
 threads per task
4.09197,0.0117207,5.04328
4.0726,0.0115824,5.02511
4.09995,0.011483,5.05908
4.1678,0.0118728,5.11923
4.06515,0.0115314,5.0259
4.07013,0.0130274,5.03044
4.09533,0.0115006,5.04909
4.08589,0.0115093,5.04773
4.14842,0.0114547,5.1012
4.20376,0.0114782,5.1646
4.1468,0.0130587,5.11317
4.16009,0.0116045,5.11774
4.15523,0.0116208,5.10796
4.17427,0.0115764,5.14008
4.12141,0.0115737,5.07996
4.17107,0.011635,5.13374
4.20241,0.0113247,5.15335
4.07211,0.0130211,5.03025
4.27864,0.0166556,5.23698
4.12626,0.0116694,5.09275
4.11459,0.0129653,5.07947
4.11817,0.0134352,5.07259
4.18337,0.0115289,5.14254
4.11073,0.0100274,5.06259
4.14595,0.0115044,5.10251
4.16357,0.0115466,5.12158
4.22596,0.0115531,5.17898
4.1126,0.0130449,5.06688
4.14188,0.013263,5.09446
4.14178,0.0116012,5.1005
4.14057,0.0134392,5.09635
4.18004,0.0115914,5.1407
4.17472,0.0132931,5.12732
4.11672,0.013065,5.0757
4.09008,0.0113919,5.05766
4.09173,0.0116245,5.05354
4.15193,0.0131101,5.11163
4.24164,0.0129737,5.19445
4.16064,0.0115747,5.11256
4.14171,0.0131046,5.09829
4.13892,0.0117109,5.10118
4.07675,0.0130122,5.03272
4.12901,0.0130735,5.08851
4.13676,0.0102727,5.09512
4.04738,0.0125962,4.99999
4.23941,0.0116533,5.19847
4.16471,0.011556,5.12151
4.10736,0.0114281,5.06555
4.14633,0.0114829,5.1083
4.08823,0.0118459,5.0531
4.15776,0.0132527,5.12016
