3 tasks per node
1 threads per task
2.45848,0.0012937,3.17789
2.38963,0.00146274,3.11485
2.38475,0.00147789,3.11555
2.38511,0.00143665,3.10358
2.44549,0.00144604,3.17561
2.43074,0.00150286,3.15419
2.37153,0.00157277,3.0956
2.39617,0.00162147,3.11788
2.47774,0.00144548,3.20096
2.40527,0.00147059,3.12519
2.48332,0.00146139,3.20137
2.39701,0.00151076,3.12018
2.41181,0.00150359,3.13956
2.44477,0.00146394,3.16594
2.53376,0.00126328,3.25807
2.54584,0.00134725,3.27095
2.43114,0.00139616,3.15368
2.4651,0.00141641,3.18746
2.39744,0.00140954,3.11948
2.48611,0.00152071,3.20937
2.4892,0.00148509,3.21674
2.50855,0.00146487,3.23312
2.42795,0.00132585,3.15028
2.42274,0.00145367,3.15133
2.39538,0.00137528,3.12644
2.37958,0.00138904,3.11306
2.41119,0.00131105,3.14118
2.43733,0.00145351,3.16195
2.46648,0.00156328,3.19839
2.40227,0.00144385,3.12117
2.3921,0.00151694,3.12778
2.44598,0.00118658,3.1795
2.39635,0.00138113,3.11655
2.44185,0.00138075,3.1661
2.42197,0.00150771,3.1559
2.44709,0.00128351,3.16982
2.45768,0.00143342,3.17882
2.43322,0.00145631,3.15897
2.39428,0.00155899,3.116
2.38574,0.00150362,3.10822
2.44479,0.00138667,3.16824
2.40271,0.00150453,3.12212
2.42908,0.00138368,3.16233
2.38587,0.00141892,3.10608
2.42767,0.00142287,3.15386
2.39906,0.0015079,3.1195
2.40092,0.00131779,3.12542
2.44876,0.00151645,3.16885
2.41582,0.00142,3.13977
2.37181,0.00157682,3.09395
2.48998,0.00142535,3.21952
2 threads per task
2.42191,0.00107203,3.14712
2.4171,0.000867605,3.14241
2.42332,0.00112203,3.14519
2.4671,0.00103638,3.18951
2.37204,0.000899058,3.09669
2.4386,0.00103715,3.16917
2.41729,0.000871601,3.13494
2.44297,0.00141674,3.16685
2.44693,0.00101207,3.16876
2.42619,0.000894817,3.1451
2.43108,0.000968156,3.15072
2.42068,0.000872701,3.14312
2.38743,0.000985904,3.11371
2.47864,0.00100401,3.19762
2.47321,0.000913974,3.1937
2.44252,0.000948057,3.17713
2.47454,0.000996176,3.20024
2.4076,0.000932407,3.13293
2.45629,0.000912741,3.19245
2.45333,0.000938479,3.18036
2.42193,0.000908917,3.14003
2.51749,0.000995755,3.24464
2.5589,0.00130957,3.286
2.57831,0.00114105,3.3023
2.44943,0.000894558,3.17335
2.38998,0.000923142,3.11746
2.37318,0.00109962,3.10458
2.37852,0.00100402,3.11111
2.39604,0.000835193,3.11928
2.46489,0.000936933,3.19459
2.44125,0.00118407,3.16558
2.42,0.000865642,3.15321
2.38149,0.000984062,3.10778
2.42792,0.0009741,3.14495
2.4408,0.000875901,3.16477
2.38935,0.000878124,3.12061
2.42312,0.00131897,3.14874
2.37361,0.00103717,3.09745
2.41439,0.00101552,3.143
2.44695,0.00102798,3.16958
2.4321,0.0018134,3.15228
2.51216,0.00110584,3.2394
2.38995,0.00066432,3.11293
2.42829,0.000940908,3.15068
2.38717,0.00104494,3.10482
2.45976,0.000949021,3.17741
2.41357,0.000681922,3.136
2.43542,0.000967905,3.15891
2.43814,0.000864957,3.16045
2.4128,0.000901416,3.1346
2.46333,0.00101613,3.19958
3 threads per task
2.46756,0.00106847,3.19205
2.47948,0.000749631,3.20273
2.41326,0.000754071,3.13841
2.43169,0.00139405,3.15866
2.43284,0.00114837,3.15041
2.41559,0.00105738,3.13933
2.43475,0.00148222,3.16228
2.37934,0.000737635,3.1016
2.43262,0.000820585,3.15394
2.39107,0.000834053,3.10967
2.42409,0.000730518,3.143
2.41456,0.000744984,3.14262
2.40881,0.000992745,3.13787
2.38226,0.000945605,3.10643
2.4114,0.000730412,3.13349
2.42345,0.000920059,3.15277
2.4357,0.000683002,3.15683
2.37822,0.000639873,3.10042
2.47891,0.000973936,3.19904
2.41885,0.000773955,3.13952
2.43232,0.00101516,3.16781
2.41906,0.000721958,3.14274
2.43042,0.000773268,3.15012
2.4287,0.000767492,3.15296
2.5072,0.000721628,3.23571
2.43719,0.000691008,3.15913
2.44152,0.000679983,3.16463
2.48008,0.000749191,3.20702
2.42507,0.00109465,3.14625
2.43799,0.000731168,3.15846
2.435,0.000721669,3.16364
2.41712,0.000776105,3.13848
2.41269,0.000686789,3.14685
2.37034,0.000858011,3.08937
2.42444,0.000829695,3.15107
2.48212,0.00103221,3.20427
2.44633,0.000705324,3.16807
2.42828,0.00143394,3.15683
2.46869,0.000981957,3.18989
2.45185,0.000688801,3.17197
2.40059,0.0010671,3.1221
2.41502,0.000929067,3.14144
2.40109,0.00123401,3.12675
2.43758,0.000821618,3.15934
2.44933,0.000799244,3.17016
2.51117,0.00070945,3.23777
2.47936,0.000758594,3.20955
2.39647,0.00080356,3.12384
2.41502,0.000752216,3.13525
2.39445,0.000807282,3.11635
2.41219,0.00066231,3.13768
4 threads per task
2.42468,0.00215727,3.15512
2.44253,0.00189827,3.16571
2.39278,0.000663625,3.11249
2.42752,0.00119512,3.16664
2.45571,0.00233297,3.17996
2.43946,0.00062504,3.16626
2.42854,0.00211611,3.16096
2.41755,0.000642607,3.13968
2.4376,0.000647882,3.16063
2.43224,0.001109,3.15282
2.4152,0.000706235,3.14623
2.41968,0.000811066,3.13797
2.44233,0.00067178,3.16459
2.41839,0.00216388,3.14802
2.44175,0.000753677,3.1714
2.42606,0.000826521,3.15162
2.4158,0.0022046,3.13854
2.97887,0.000668878,3.69985
2.41623,0.00221181,3.14046
2.43995,0.000828644,3.17056
2.37649,0.000650883,3.10021
2.40806,0.00226914,3.1312
2.3916,0.0010314,3.11334
2.43303,0.000812585,3.15221
2.41413,0.000708869,3.13551
2.48698,0.000789596,3.20869
2.43908,0.000664815,3.1562
2.47268,0.000824891,3.20054
2.41689,0.000679428,3.13856
2.38447,0.000892961,3.10642
2.4801,0.000954144,3.20405
2.43768,0.00131625,3.16089
2.40865,0.00067232,3.1276
2.50831,0.000745324,3.22561
2.42245,0.00101586,3.14428
2.38256,0.000924699,3.10799
2.43953,0.000604305,3.16352
2.37762,0.000715872,3.09861
2.42419,0.000714468,3.15874
2.38701,0.00128742,3.10853
2.43953,0.000980366,3.15825
2.43893,0.00071371,3.15959
2.39176,0.00213511,3.13261
2.53987,0.000866896,3.26851
2.43581,0.000582069,3.16626
2.44424,0.000657205,3.17074
2.37825,0.000666931,3.10087
2.38454,0.000635041,3.11045
2.40537,0.00180899,3.127
2.52775,0.00104619,3.25002
2.42069,0.000713071,3.14118
5 threads per task
2.42623,0.0137137,3.16857
2.43153,0.00417037,3.15757
2.41535,0.00856682,3.14986
2.43997,0.0139359,3.18171
2.47712,0.01626,3.21517
2.43529,0.0138103,3.17032
2.43506,0.00515947,3.16626
2.49284,0.0139131,3.25113
2.43123,0.00522645,3.15459
2.42232,0.00397503,3.14831
2.39264,0.00525078,3.1319
2.45887,0.00525082,3.18499
2.3776,0.0140484,3.11383
2.45831,0.0040432,3.18632
2.42425,0.00524308,3.15171
2.40946,0.0136534,3.14876
2.43788,0.0145053,3.17728
2.43441,0.00400362,3.16415
2.45257,0.0040912,3.18126
2.4275,0.0140993,3.18145
2.55556,0.00521526,3.28453
2.45725,0.0145085,3.19461
2.42702,0.0136925,3.16271
2.42817,0.00399204,3.15882
2.36155,0.0147323,3.09631
2.42998,0.0137064,3.16675
2.42395,0.00509862,3.14764
2.46863,0.00407977,3.20735
2.42139,0.00426862,3.14805
2.45422,0.00495539,3.19566
2.38868,0.0038946,3.11791
2.4603,0.0145362,3.19086
2.44771,0.0105623,3.18096
2.43305,0.00382819,3.1602
2.41045,0.00408853,3.13892
2.40801,0.00487919,3.13707
2.41848,0.0145712,3.16635
2.42,0.00504529,3.14521
2.46833,0.00523678,3.19268
2.43811,0.0153306,3.17151
2.42276,0.0146392,3.15731
2.37416,0.0140029,3.10895
2.41614,0.00499994,3.14328
2.44261,0.0052088,3.17532
2.43279,0.00980549,3.16186
2.41656,0.0052263,3.14425
2.43163,0.00522962,3.15352
2.45525,0.00524469,3.17873
2.46293,0.00489709,3.18842
2.38454,0.00408487,3.11108
2.39594,0.0104551,3.12981
6 threads per task
2.4936,0.00536441,3.22171
2.57734,0.00821721,3.30359
2.41695,0.00542301,3.14159
2.37874,0.00537568,3.10796
2.39085,0.00527979,3.11781
2.42185,0.0139035,3.15591
2.40483,0.00525853,3.13088
2.42978,0.0144613,3.17622
2.41687,0.0152608,3.14871
2.41107,0.0147266,3.17358
2.40928,0.0140848,3.14858
2.42946,0.00560178,3.1562
2.45661,0.00918951,3.18616
2.45065,0.00917445,3.18389
2.4432,0.00541389,3.17681
2.42914,0.0156184,3.16525
2.45889,0.00569628,3.18306
2.52315,0.00530976,3.24932
2.40734,0.00514032,3.14351
2.41814,0.00848142,3.14474
2.37968,0.0131315,3.11425
2.41062,0.00991816,3.15501
2.45081,0.00377815,3.17302
2.43568,0.00895001,3.17003
2.378,0.00610417,3.10578
2.42368,0.00887767,3.14971
2.44433,0.00554593,3.16995
2.43592,0.00534785,3.15922
2.46775,0.0136796,3.20732
2.37698,0.00540326,3.10238
2.41773,0.00534734,3.14352
2.42088,0.00530233,3.14761
2.38265,0.00860322,3.13032
2.41799,0.00917353,3.15785
2.41383,0.00927792,3.15206
2.42225,0.0139223,3.15285
2.39193,0.00892406,3.12715
2.39734,0.00663434,3.1281
2.37364,0.00546449,3.10418
2.41424,0.00866644,3.14896
2.41733,0.00523423,3.14409
2.45141,0.00525036,3.17773
2.47457,0.00495413,3.19802
2.46138,0.00607399,3.19373
2.46052,0.00522044,3.18543
2.41892,0.00530832,3.14256
2.38195,0.00674301,3.10857
2.38866,0.00557244,3.11418
2.38596,0.0136496,3.11964
2.41854,0.0083088,3.1521
2.46024,0.00500026,3.1834
7 threads per task
2.38513,0.00947011,3.12412
2.42186,0.0093709,3.15834
2.39941,0.00702904,3.12513
2.40496,0.00537392,3.13323
2.43563,0.0147856,3.18187
2.44406,0.00962932,3.1736
2.42104,0.00687845,3.14479
2.41424,0.00527172,3.14567
2.40196,0.0065152,3.13669
2.43554,0.00527352,3.16312
2.4531,0.00841986,3.1929
2.49611,0.00681497,3.22025
2.38604,0.0147997,3.12588
2.45575,0.00682118,3.19222
2.38484,0.00928987,3.11711
2.40898,0.0143659,3.14495
2.43911,0.0053865,3.1762
2.49218,0.00533561,3.21486
2.44137,0.00539034,3.17529
2.44562,0.0135904,3.18206
2.46695,0.00526604,3.19562
2.54097,0.0139623,3.28347
2.42647,0.00556934,3.15329
2.47209,0.0140709,3.22217
2.46392,0.0054699,3.18461
2.38183,0.00537747,3.12079
2.43636,0.00889184,3.17921
2.39493,0.00666279,3.11766
2.55124,0.0133152,3.28999
2.40374,0.00530472,3.14117
2.39686,0.0138719,3.13245
2.4357,0.00689635,3.16654
2.45454,0.00532236,3.18138
2.43207,0.00627798,3.1611
2.38235,0.00686858,3.11201
2.40142,0.0157674,3.14043
2.36863,0.00543015,3.09545
2.38369,0.00523144,3.11388
2.42841,0.00676358,3.15772
2.47075,0.00544667,3.19391
2.42977,0.00538736,3.15811
2.37389,0.00680949,3.10772
2.40739,0.00564106,3.13671
2.43315,0.00904813,3.1595
2.43431,0.00686525,3.16657
2.43099,0.00535005,3.15605
2.46896,0.00671403,3.19446
2.39572,0.01336,3.12968
2.42947,0.00540435,3.15464
2.45416,0.00556318,3.17887
2.45389,0.00691396,3.19884
8 threads per task
2.42517,0.00502227,3.15875
2.43562,0.00518823,3.16515
2.42705,0.00529797,3.16008
2.45018,0.00701455,3.17534
2.42847,0.00535059,3.15531
2.39737,0.00520001,3.12808
2.38516,0.0052652,3.11359
2.44897,0.00533979,3.17717
2.43966,0.00380186,3.16746
2.45149,0.00540422,3.17633
2.44216,0.00528042,3.16917
2.42183,0.00532776,3.15027
2.39848,0.00535785,3.13123
2.40166,0.00527999,3.12898
3.05575,0.00538158,3.78076
2.43046,0.00533322,3.15796
2.47947,0.00538482,3.20516
2.39921,0.00515168,3.12419
2.4318,0.00715877,3.15834
2.39949,0.00524228,3.13358
2.42723,0.00534606,3.15852
2.44292,0.00538721,3.17745
2.37974,0.00537973,3.11538
2.4175,0.00530242,3.1444
2.37956,0.00680301,3.10997
2.47589,0.00539619,3.20561
2.49889,0.00532343,3.22485
2.44199,0.00560543,3.16659
2.43152,0.00529623,3.15581
2.43801,0.00540745,3.16691
2.42077,0.00516844,3.15592
2.43619,0.00530346,3.17134
2.36726,0.00531725,3.09235
2.43131,0.00684741,3.15852
2.37273,0.00497602,3.09812
2.382,0.00532751,3.10956
2.46812,0.00529624,3.19796
2.44977,0.00518771,3.19409
2.36926,0.00549906,3.09715
2.43855,0.00555532,3.16348
2.45646,0.00543204,3.18781
2.38,0.00532747,3.10624
2.42028,0.00524359,3.14376
2.43122,0.00527917,3.16003
2.4363,0.00537719,3.16087
2.44926,0.00537729,3.1901
2.44397,0.00544905,3.17882
2.69802,0.00538006,3.43689
2.47142,0.00532782,3.19607
2.41904,0.00526625,3.14704
2.44205,0.00524865,3.16995
