9 tasks per node
 threads per task
4.40074,0.000696691,5.20888
4.42285,0.000856668,5.22933
4.41338,0.000608196,5.22226
4.36359,0.000592422,5.17388
4.31515,0.000624837,5.12415
4.30207,0.00067598,5.10958
4.30531,0.000834113,5.11462
4.45179,0.000541668,5.25998
4.30103,0.000765128,5.11115
4.39648,0.000677524,5.20453
4.39346,0.000638535,5.20097
4.33275,0.000538504,5.14042
4.37636,0.000655165,5.18731
4.4019,0.000613961,5.21021
4.30097,0.000515157,5.11189
4.30983,0.000544084,5.11822
4.32739,0.000503004,5.13671
4.30013,0.000478147,5.10872
4.31858,0.000487765,5.12665
4.2987,0.000579294,5.10636
4.36936,0.000585832,5.17677
4.36317,0.000502601,5.17027
4.49517,0.000594754,5.30541
4.36289,0.000744691,5.17056
4.27313,0.000617478,5.08279
4.36823,0.000602569,5.17685
4.37027,0.000515947,5.18116
4.36333,0.000724515,5.1746
4.29773,0.000660405,5.10635
4.32667,0.000682913,5.13552
4.42211,0.000644686,5.23096
4.46181,0.000577008,5.26905
4.31751,0.000586679,5.12585
4.29182,0.000649329,5.10141
4.30471,0.0009377,5.114
4.33647,0.000695644,5.14479
4.4031,0.000860307,5.2103
4.3952,0.000488508,5.20518
4.31429,0.000701316,5.12194
4.32333,0.000670588,5.13235
4.39733,0.000537641,5.20638
4.38274,0.000764618,5.19096
4.30392,0.000780411,5.11093
4.34003,0.000799837,5.15007
4.30886,0.000633255,5.11741
4.30959,0.000645842,5.11827
4.37998,0.00072086,5.18684
4.38572,0.000788251,5.19432
4.43445,0.000525802,5.24201
4.29657,0.000528242,5.10489
4.38336,0.000686802,5.19288
 threads per task
4.32353,0.00395043,5.13695
4.31027,0.00380912,5.12082
4.31179,0.0037561,5.12332
4.48037,0.00373943,5.29153
4.39706,0.00387457,5.2082
4.37769,0.00364613,5.19149
4.36842,0.00390747,5.17958
4.45696,0.00369503,5.26882
4.32466,0.00385137,5.13665
4.32184,0.00356008,5.13353
4.31114,0.00487539,5.12273
4.43006,0.0178603,5.25191
4.2939,0.00365186,5.10498
4.43277,0.00392002,5.24472
4.39241,0.00366361,5.20359
4.30303,0.00371065,5.11769
4.29049,0.00393765,5.10219
4.3883,0.0038269,5.19984
4.36197,0.00378522,5.17359
4.36946,0.00375297,5.17967
4.29474,0.00905174,5.11102
4.31976,0.00378172,5.13199
4.36613,0.00373701,5.17709
4.3674,0.00401374,5.17797
4.40031,0.00395939,5.21124
4.30134,0.00388689,5.11221
4.37576,0.00368674,5.1879
4.30819,0.00376092,5.1192
4.40613,0.00365043,5.21676
4.40905,0.00391069,5.2205
4.37637,0.00372143,5.18893
4.33753,0.00375536,5.14795
4.36871,0.003823,5.18094
4.36894,0.00376586,5.18218
4.44455,0.00358772,5.25509
4.36901,0.00363764,5.18172
4.31611,0.0142918,5.1381
4.39588,0.014795,5.21798
4.30242,0.00348051,5.11222
4.41195,0.0039282,5.22453
4.30527,0.00386602,5.11694
4.3977,0.00403919,5.21079
4.37417,0.00356736,5.18658
4.28848,0.00430689,5.0999
4.32712,0.0041758,5.13958
4.39043,0.00370593,5.20617
4.32762,0.00376343,5.13982
4.32214,0.00400982,5.13731
4.43078,0.00387245,5.24142
4.41605,0.00373952,5.22807
4.34194,0.00371225,5.15381
 threads per task
4.36275,0.0136741,5.18299
4.31072,0.00936568,5.1273
4.40862,0.0135602,5.23074
4.31019,0.0136435,5.13147
4.42691,0.0141077,5.24747
4.36746,0.013903,5.18932
4.25966,0.0159121,5.08425
4.34591,0.00860078,5.16358
4.42761,0.0136289,5.25154
4.47294,0.00673095,5.28936
4.28224,0.00992777,5.09974
4.36646,0.0096353,5.18338
4.26296,0.0157022,5.08563
4.30417,0.00588551,5.11703
4.33236,0.00676813,5.14729
4.38127,0.0137303,5.20354
4.29127,0.00807581,5.10612
4.37583,0.00882304,5.19243
4.36064,0.00839545,5.17713
4.31752,0.0131232,5.14088
4.36717,0.00792231,5.18344
4.37399,0.012991,5.19589
4.37587,0.00632984,5.1893
4.34299,0.0134064,5.16454
4.31942,0.00789792,5.13631
4.36969,0.00899537,5.18626
4.30982,0.00698925,5.12404
4.38126,0.00891121,5.1973
4.32873,0.0135527,5.15054
4.40969,0.00867513,5.22611
4.28783,0.00715963,5.10162
4.33113,0.0123589,5.15148
4.29726,0.010066,5.11449
4.43396,0.0161713,5.25953
4.37657,0.00573156,5.18912
4.39285,0.0164128,5.21665
4.3847,0.0148158,5.20652
4.3064,0.0162271,5.15283
4.31231,0.0126634,5.13176
4.31379,0.00714247,5.1275
4.28423,0.0160699,5.10737
4.29875,0.0130585,5.1205
4.44066,0.0102472,5.25773
4.29768,0.00703589,5.11096
4.31869,0.0102033,5.13583
4.30857,0.0155431,5.21185
4.39038,0.0134063,5.21093
4.37203,0.00698042,5.18642
4.37297,0.0120637,5.1926
4.37518,0.0155856,5.20061
4.3986,0.00906406,5.21659
 threads per task
4.28905,0.0103842,5.10691
4.40693,0.0174692,5.23365
4.40453,0.0132234,5.22522
4.31909,0.0167102,5.14184
4.32867,0.0147384,5.15029
4.37419,0.0102799,5.19316
4.30926,0.011541,5.12846
4.3812,0.0101112,5.19844
4.3141,0.0136696,5.13674
4.37792,0.00995846,5.19535
4.41543,0.0100589,5.23455
4.34947,0.0128604,5.17111
4.43416,0.0101303,5.25252
4.36798,0.0101613,5.18537
4.36881,0.0101692,5.18784
4.34748,0.0151709,5.17192
4.36741,0.0102939,5.18497
4.40279,0.0162212,5.22637
4.38634,0.0167961,5.21137
4.3759,0.0102458,5.19639
4.40427,0.00943382,5.22197
4.34291,0.0100897,5.16018
4.31671,0.0180285,5.14201
4.29135,0.0140624,5.11329
4.33389,0.0137726,5.15467
4.42653,0.0157615,5.24671
4.33709,0.0134842,5.15868
4.37239,0.0101138,5.18937
4.32838,0.0101297,5.147
4.38262,0.00992431,5.20304
4.34856,0.0140599,5.17168
4.4316,0.0195572,5.25793
4.30795,0.015341,5.12999
4.38798,0.0133266,5.20887
4.29365,0.0177499,5.1206
4.38265,0.00912616,5.2006
4.3316,0.0104941,5.14872
4.37828,0.0106106,5.19796
4.38021,0.00987892,5.20748
4.29395,0.00838769,5.10962
4.39936,0.0102101,5.21534
4.38441,0.0198383,5.21306
4.41897,0.00913608,5.23594
4.38138,0.0108177,5.20012
4.29687,0.0100459,5.11356
4.39185,0.0187898,5.22091
4.30711,0.00838761,5.13082
4.32312,0.0207895,5.15351
4.32026,0.0104035,5.13857
4.33289,0.00992936,5.15656
4.30223,0.0172696,5.12648
 threads per task
4.30113,0.0148557,5.12607
4.39143,0.0148761,5.22126
4.40702,0.017888,5.23272
4.45772,0.0121345,5.27871
4.29467,0.0133153,5.11428
4.3884,0.0168282,5.21206
4.42511,0.0209506,5.25406
4.29406,0.0123387,5.11582
4.40467,0.021034,5.23373
4.3258,0.025596,5.15655
4.38589,0.0138114,5.20959
4.47204,0.0176079,5.29785
4.43149,0.017491,5.25655
4.29663,0.0149494,5.1184
4.31535,0.0118598,5.13591
4.46756,0.0131852,5.28758
4.38151,0.0150094,5.20326
4.39334,0.0189116,5.21919
4.39948,0.0132733,5.21947
4.29527,0.0147293,5.11995
4.47294,0.0134181,5.29447
4.30604,0.0192071,5.13256
4.36696,0.0134909,5.18944
4.29305,0.016264,5.11927
4.39506,0.0172396,5.21929
4.35504,0.019596,5.1833
4.4277,0.0171404,5.25495
4.2935,0.0176945,5.11866
4.31227,0.0206535,5.14519
4.43988,0.0161209,5.26426
4.39004,0.0130865,5.21939
4.30361,0.0117527,5.12739
4.39823,0.0153104,5.22228
4.38152,0.0177407,5.20659
4.37628,0.0150152,5.19929
4.36109,0.022481,5.18836
4.29789,0.0186847,5.12457
4.30337,0.0162236,5.12865
4.31438,0.0193959,5.14063
4.38654,0.0206917,5.21632
4.42313,0.0208558,5.2535
4.36906,0.0156314,5.19213
4.31834,0.0173756,5.1447
4.49006,0.0161203,5.31522
4.34057,0.0136061,5.16134
4.29929,0.0207707,5.12839
4.32438,0.0212677,5.15367
4.32261,0.017276,5.15537
4.40092,0.0192005,5.22652
4.37279,0.0225822,5.20502
4.43095,0.0196428,5.25788
 threads per task
4.39034,0.0227667,5.2316
4.39975,0.0212107,5.22823
4.31315,0.0178517,5.14107
4.40549,0.0203695,5.23472
4.33841,0.0204057,5.20575
4.42671,0.0228705,5.25663
4.37766,0.0210163,5.20687
4.31645,0.0207632,5.14505
4.42238,0.0165365,5.24676
4.30935,0.0178733,5.13366
4.45683,0.0188437,5.28413
4.25316,0.0197067,5.0825
4.32001,0.0181281,5.1464
4.36848,0.0166042,5.21032
4.34132,0.020117,5.16847
4.39179,0.0198649,5.22071
4.52772,0.0162481,5.36739
4.43971,0.0169791,5.26544
4.23938,0.0212091,5.06911
4.42238,0.0212191,5.25264
4.38856,0.0167186,5.2173
4.38281,0.0177196,5.20891
4.41145,0.017896,5.23763
4.37203,0.0182316,5.19767
4.52987,0.0164552,5.35309
4.41697,0.0342322,5.25873
4.37379,0.0198688,5.20136
4.41219,0.0225221,5.25506
4.34188,0.025573,5.17162
4.29355,0.0151777,5.11891
4.42001,0.0165024,5.24682
4.40285,0.019836,5.23126
4.2524,0.0226772,5.08152
4.30718,0.0277058,5.14401
4.31682,0.0162649,5.14357
4.262,0.0213216,5.09658
4.32713,0.0266942,5.15949
4.38347,0.0256889,5.2173
4.38625,0.0303112,5.22658
4.3941,0.0202205,5.22057
4.37951,0.0195506,5.2078
4.36109,0.0240699,5.1921
4.3085,0.0282732,5.14657
4.38478,0.0210561,5.21463
4.37007,0.0196733,5.19788
4.3745,0.0196936,5.20104
4.37286,0.0203472,5.20132
4.38357,0.0204459,5.21159
4.30431,0.0181167,5.1289
4.32084,0.023657,5.15107
4.3053,0.0196192,5.14323
 threads per task
4.2975,0.0245109,5.1303
4.31008,0.0233894,5.14084
4.38314,0.02531,5.21626
4.37928,0.0222436,5.2091
4.39789,0.0214347,5.23012
4.37859,0.0260542,5.21356
4.43171,0.0200581,5.25911
4.36779,0.0215149,5.19758
4.3034,0.0233606,5.13599
4.30063,0.0231505,5.13235
4.27555,0.0212478,5.10552
4.35997,0.0276629,5.19523
4.383,0.0224832,5.21271
4.30546,0.0196417,5.13572
4.38649,0.0211901,5.21583
4.32785,0.0250373,5.16116
4.3842,0.024107,5.21892
4.38552,0.0180199,5.22099
4.44494,0.0244938,5.27818
4.47888,0.0247321,5.3101
4.3219,0.0449115,5.18495
4.68337,0.0190255,5.51117
4.47083,0.0247597,5.3042
4.35455,0.0211835,5.18533
4.44195,0.034497,5.34894
4.32267,0.0282792,5.1627
4.30321,0.0229692,5.13594
4.43579,0.0323318,5.27689
4.38499,0.0224175,5.21463
4.29979,0.0230941,5.15515
4.43546,0.0244623,5.27056
4.39977,0.0268007,5.24627
4.40867,0.021268,5.23707
4.30461,0.0256001,5.13707
4.39539,0.0220049,5.22395
4.30434,0.0197745,5.13636
4.44258,0.0274978,5.27652
4.30711,0.0273022,5.14377
4.32704,0.0253178,5.15912
4.38474,0.0228671,5.21566
4.3882,0.0184978,5.2152
4.35435,0.0198341,5.36041
4.33704,0.0197185,5.16367
4.45355,0.020248,5.314
4.41957,0.0206186,5.24988
4.41057,0.0283931,5.24823
4.32475,0.0289973,5.16181
4.39251,0.022796,5.22211
4.37068,0.0274494,5.20586
4.38096,0.020621,5.21005
4.34061,0.0198725,5.17211
 threads per task
4.3822,0.0272057,5.21835
4.40171,0.0246415,5.23623
4.39242,0.0265721,5.22579
4.31053,0.0249246,5.14736
4.30345,0.0257721,5.13515
4.2826,0.0414738,5.14748
4.30373,0.0236969,5.13579
4.38395,0.0261365,5.2167
4.37283,0.0369429,5.21814
4.36782,0.0266609,5.20628
4.3858,0.0264189,5.21781
4.39204,0.028002,5.22727
4.38887,0.0276841,5.22348
4.37374,0.0325895,5.21557
4.40926,0.0271372,5.24301
4.37535,0.0235009,5.21149
4.33266,0.0243152,5.16895
4.30757,0.0245527,5.14181
4.3747,0.039024,5.21958
4.36564,0.0280834,5.2025
4.3722,0.0261343,5.20471
4.42838,0.0271216,5.26414
4.30785,0.0304968,5.14345
4.3932,0.0272955,5.22701
4.34853,0.0263226,5.18373
4.39633,0.0331034,5.25264
4.44878,0.0253864,5.28048
4.39949,0.0245459,5.23478
4.31505,0.026518,5.14875
4.30266,0.0248602,5.1372
4.29692,0.0320214,5.13369
4.34169,0.0210262,5.18588
4.41124,0.026137,5.24549
4.4497,0.0233144,5.28097
4.29399,0.0318177,5.13243
4.36691,0.0262184,5.20347
4.3283,0.0234093,5.16275
4.35241,0.0251718,5.18618
4.37971,0.025508,5.21274
4.32133,0.026245,5.15607
4.31757,0.027973,5.152
4.31125,0.0260667,5.15787
4.29831,0.0264348,5.13807
4.44447,0.0279276,5.28047
4.39945,0.0281685,5.2437
4.31181,0.0261734,5.14713
4.39175,0.026247,5.22725
4.40985,0.0261761,5.2407
4.39569,0.0292396,5.23418
4.31625,0.0291062,5.1523
4.365,0.0301509,5.19985
