7 tasks per node
1 threads per task
6.7401,0.00161711,8.21638
6.85183,0.0015057,8.32993
6.8,0.00148849,8.11911
6.82753,0.00180228,8.27738
6.77817,0.00157666,8.25432
6.80696,0.00179327,8.2443
6.84436,0.00179668,8.32392
6.78039,0.00150115,8.13947
6.74516,0.00178883,8.22424
6.83107,0.0015776,8.20966
6.6993,0.00180009,8.1499
6.81609,0.00179689,8.1562
6.7629,0.0014959,8.13261
6.75236,0.00151203,8.12203
6.69684,0.00148936,8.13774
6.73016,0.00179825,8.21024
6.84823,0.00178254,8.32531
6.84317,0.00177522,8.22873
6.69619,0.00178163,8.17507
6.92965,0.0018093,8.3769
6.91626,0.00163398,8.39431
6.7776,0.00150618,8.13551
6.64925,0.00178314,8.11918
6.75134,0.00179568,8.18185
6.8654,0.00148835,8.34119
6.73007,0.00148998,8.20983
7.09194,0.00183322,8.43855
6.9159,0.00157023,8.38916
7.20088,0.00149501,8.66419
6.77183,0.00149302,8.24992
6.85355,0.00163527,8.28398
6.80837,0.00163526,8.28761
6.82228,0.00159407,8.2741
6.67109,0.00151873,8.11883
6.70037,0.00150808,8.16681
6.73143,0.00150969,8.04204
6.8613,0.00149876,8.2548
6.77377,0.0014943,8.24927
6.78466,0.00149876,8.03114
6.77344,0.00178846,8.25186
6.77425,0.00177433,8.2514
6.68528,0.00150996,8.10867
6.68276,0.00164125,8.04203
6.82492,0.00147955,8.30425
6.93854,0.00149916,8.38535
6.90973,0.00163171,8.3878
6.81396,0.0017844,8.292
6.85151,0.00149215,8.29692
6.83188,0.00163196,8.30828
6.87458,0.00164392,8.31038
6.72041,0.00149292,8.19805
2 threads per task
6.94958,0.00292942,8.40252
7.07447,0.00171837,8.45518
6.77671,0.00147787,8.25417
6.7078,0.00120533,8.15128
6.814,0.00350781,8.12447
6.71223,0.00140915,7.96032
6.75264,0.00241673,8.2293
6.82973,0.00185637,8.30655
6.94514,0.00119689,8.424
6.82273,0.00201952,8.30133
6.9112,0.00202657,8.39047
6.74032,0.00147217,8.10811
6.83952,0.0034182,8.31915
6.70026,0.00119643,8.17317
6.9707,0.00147731,8.4471
6.71738,0.00118795,8.19669
6.6839,0.00119471,8.07505
6.82648,0.00121998,8.21632
6.82243,0.00145751,8.30077
6.69762,0.00156585,8.17545
6.93207,0.00118328,8.36835
6.92852,0.00329212,8.38202
6.74074,0.00198729,8.21938
6.92648,0.0022323,8.23235
6.7134,0.00195426,8.16224
6.93392,0.00131806,8.40357
6.81608,0.0023099,8.29621
6.67051,0.00132892,8.14611
7.00112,0.00173014,8.47919
6.98878,0.0012011,8.40662
6.87847,0.00122872,8.27981
6.83965,0.00148107,8.17667
6.77086,0.0018272,8.25034
6.84302,0.00117347,8.15648
6.92268,0.00121391,8.39922
6.66992,0.00138973,8.0441
6.79645,0.00232929,8.27776
6.92592,0.00164288,8.33959
6.78406,0.00134427,8.26367
6.84419,0.00203307,8.32301
6.66397,0.00155386,8.07612
6.80957,0.0014971,8.28678
6.84311,0.0011837,8.32289
6.80562,0.00199145,8.28455
6.83436,0.0014761,8.3117
6.89733,0.00234218,8.15639
6.88281,0.00119729,8.36165
6.83282,0.00147053,8.31062
6.833,0.00133761,8.31021
6.83411,0.00231334,8.3135
6.71362,0.00149485,7.95986
3 threads per task
6.93472,0.00394779,8.41436
6.67438,0.00448326,8.15538
6.71343,0.0149302,8.2059
6.79804,0.0148549,8.28876
6.93762,0.00414827,8.26124
6.69503,0.00395109,8.17502
6.78112,0.0142306,8.27238
6.68271,0.00526216,8.02917
7.08272,0.00463404,8.55687
6.85328,0.0154993,8.34589
6.89037,0.00463546,8.37011
6.9688,0.00983126,8.22503
6.7125,0.00424497,8.19331
6.82988,0.00850436,8.08501
6.91552,0.0267039,8.42697
6.88847,0.0156046,8.32959
6.88504,0.00547268,8.36657
6.87946,0.0152789,8.36931
6.78739,0.00425063,8.26734
6.78757,0.00784332,8.27175
6.68902,0.0113033,8.13107
6.73401,0.0152796,8.22527
6.84585,0.00396223,8.26384
6.85337,0.00386914,8.26655
7.06103,0.00388641,8.4555
6.91282,0.0272789,8.41528
6.90657,0.00463034,8.38773
6.80274,0.00428953,8.28367
6.80814,0.0102582,8.27848
6.7811,0.00443375,8.26225
6.70292,0.00421384,8.1447
6.65655,0.00413937,8.08922
6.86625,0.00420001,8.34477
6.92691,0.00739836,8.40994
6.85829,0.00436321,8.34034
6.82911,0.00890448,8.28373
6.99722,0.00958074,8.42193
6.75247,0.00393887,8.23491
6.98146,0.00401633,8.46107
6.87438,0.00492721,8.35454
6.84614,0.00686208,8.32678
6.87888,0.0087476,8.35837
6.8389,0.00394083,8.29276
6.77911,0.0149179,8.25301
6.75332,0.00647862,8.23751
6.99341,0.00597715,8.47565
6.78593,0.00447487,8.26777
6.78896,0.0140232,8.27016
6.67918,0.00372539,8.16011
6.64588,0.00465077,8.12557
6.92462,0.0138537,8.36844
4 threads per task
6.82714,0.0138562,8.31803
7.09585,0.00815072,8.5805
6.96957,0.00759968,8.45615
6.70806,0.00506277,8.18953
6.86414,0.00928392,8.31908
6.83233,0.0160911,8.30977
6.90353,0.00907577,8.38966
6.89397,0.00722831,8.37726
7.03703,0.0164374,8.44851
6.92454,0.00540735,8.40704
6.71643,0.00910169,8.1999
6.77076,0.0143114,8.28196
6.91096,0.00609867,8.39235
7.06617,0.0143327,8.56052
6.81003,0.00566838,8.29254
6.69021,0.00768398,8.17501
6.89163,0.0104632,8.33546
6.67139,0.00532268,8.15246
6.82249,0.013417,8.28495
6.87982,0.00670146,8.32587
6.81167,0.00698891,8.29577
6.91257,0.0159036,8.37674
6.9451,0.00702358,8.30702
6.77677,0.00713725,8.2042
6.78732,0.0162897,8.28173
6.70847,0.0161851,8.20183
6.7641,0.0147754,8.25472
6.67836,0.00606179,8.08134
6.85881,0.00609337,8.34119
6.82055,0.00555959,8.3037
6.78242,0.00521676,8.05862
7.28766,0.00568264,8.76
6.86891,0.0167888,8.36223
6.81138,0.0137066,8.30119
6.86708,0.0106704,8.3561
6.90702,0.0145404,8.37923
6.7428,0.00541527,8.19126
6.91703,0.0142032,8.2983
6.67824,0.0158985,8.17283
6.93287,0.00500098,8.42168
6.8673,0.00768606,8.34789
6.98443,0.00855273,8.46972
6.87755,0.00588842,8.35981
6.6931,0.0103583,8.18402
6.85146,0.0140738,8.31856
6.86478,0.0113756,8.35312
6.69859,0.013764,8.18804
6.77748,0.00589341,8.26104
6.80642,0.00535095,8.2871
6.85744,0.00532596,8.3408
6.8,0.00671008,8.28243
5 threads per task
6.78466,0.00973564,8.27265
6.88367,0.0139306,8.37519
6.72623,0.0084146,8.21284
6.78629,0.010103,8.27309
6.88902,0.0150276,8.38
6.85799,0.00897932,8.34469
7.0701,0.0138123,8.55847
6.80291,0.016492,8.29215
6.90295,0.00930659,8.25164
6.81353,0.00868699,8.29677
6.79708,0.0086389,8.28432
6.63132,0.00928559,8.11658
6.70231,0.00880863,8.1895
6.82713,0.00857218,8.16891
6.73915,0.0160706,8.23295
6.76634,0.00843793,8.25166
6.72746,0.0156108,8.2159
6.67569,0.0122564,8.16483
6.79266,0.0112482,8.21234
6.88231,0.0107646,8.39652
6.72297,0.0142094,8.04675
6.74814,0.013601,8.17323
6.8152,0.0145857,8.30396
6.69128,0.0183183,8.1895
6.8261,0.010608,8.18362
6.95334,0.0101192,8.44008
6.8927,0.00855728,8.29125
6.68575,0.00727784,8.16835
6.82016,0.00880567,8.18346
6.808,0.0148055,8.10088
6.65026,0.013423,8.02636
6.73932,0.0142378,8.21737
6.88233,0.00865798,8.36847
6.76962,0.0089073,8.25433
6.84645,0.0156644,8.33922
6.84461,0.0100754,8.33241
7.02597,0.0178304,8.52078
6.95139,0.0156632,8.44287
6.94621,0.0109888,8.326
6.798,0.0165357,8.22161
6.79728,0.00993736,8.26796
6.83173,0.00874558,8.25016
6.82909,0.0137802,8.31512
6.67558,0.00831983,8.1568
6.89502,0.00881281,8.37945
7.12064,0.00865342,8.6062
6.89545,0.0100115,8.30853
6.71626,0.0144848,8.21004
6.89943,0.0101079,8.38645
6.86766,0.0138498,8.35956
6.77151,0.00888076,8.20408
6 threads per task
6.85303,0.0115856,8.2485
6.81174,0.0145206,8.30049
6.7739,0.0121086,8.20096
6.7748,0.0102305,8.14147
6.90207,0.0106367,8.37796
6.82494,0.0177903,8.15199
6.89839,0.012152,8.38612
6.80636,0.0157215,8.06624
6.6586,0.0184833,8.10067
6.95258,0.0166771,8.44783
6.90625,0.0115317,8.32926
6.66415,0.0196237,8.15765
6.78666,0.0114389,8.27501
6.95119,0.0137401,8.412
6.85528,0.0118089,8.27651
6.67017,0.0171575,8.16529
6.76417,0.0107795,8.24928
6.93092,0.013683,8.4192
6.91045,0.0122455,8.39835
6.78206,0.0179702,8.27556
6.95146,0.010301,8.43624
6.82641,0.0139118,8.31611
6.9445,0.0139612,8.43319
6.82788,0.0134427,8.31607
6.68389,0.010291,8.16596
6.85353,0.0152683,8.32996
6.77554,0.0117209,8.1594
6.88981,0.0326226,8.39812
6.74969,0.014932,8.23669
6.64905,0.0103701,7.99141
6.79566,0.0152673,8.15336
6.82414,0.0121232,8.22204
6.97797,0.023298,8.47639
6.73231,0.0107057,8.21822
6.69105,0.010346,7.96794
6.74312,0.0106825,8.22998
6.83981,0.0132495,8.33333
6.86872,0.0117399,8.35929
6.85544,0.0109586,8.34389
6.73377,0.0197015,8.22875
7.07061,0.0131868,8.55293
6.68571,0.0115557,8.12158
6.88487,0.0104464,8.37369
6.94521,0.0138638,8.43692
6.69955,0.0211484,8.11088
6.91495,0.0101159,8.39487
7.05759,0.0101074,8.5161
7.02531,0.0161504,8.42882
6.92641,0.0101579,8.41319
6.93252,0.0136212,8.42584
6.85729,0.0119068,8.30086
7 threads per task
6.89543,0.0139678,8.26202
6.71092,0.0167524,8.17292
6.83346,0.0130277,8.26059
6.91376,0.0149159,8.40531
6.79162,0.0320795,8.30515
6.91903,0.0164535,8.39986
6.7979,0.0132492,8.15759
6.74264,0.0358294,8.10236
6.82183,0.0286745,8.29802
6.82726,0.0153284,8.31434
6.7377,0.0214029,8.235
6.80597,0.0149081,8.29778
6.79515,0.0148943,8.28914
6.84621,0.01759,8.33692
6.83938,0.0138915,8.33999
6.8394,0.0177222,8.33407
6.92243,0.0131875,8.38753
6.77234,0.0133786,8.26211
6.91549,0.0150032,8.40707
6.78182,0.0156124,8.27658
6.85249,0.0237075,8.35289
6.86647,0.0149351,8.30932
6.80669,0.0134939,8.27277
7.09975,0.0182348,8.58955
6.82782,0.0153165,8.15474
6.83571,0.0155431,8.22072
6.86068,0.0242035,8.36062
6.90632,0.0166732,8.32819
6.81669,0.0213781,8.30928
6.79017,0.0154027,8.28589
6.80521,0.0257851,8.30785
6.84361,0.0188594,8.34255
7.22634,0.0150084,8.71813
6.87397,0.0148503,8.36957
6.78467,0.0176713,8.17723
6.92005,0.0153555,8.41275
6.78092,0.0150252,8.1969
6.71654,0.0134862,8.20481
6.82302,0.0181073,8.3031
6.70421,0.0150757,8.03628
6.69993,0.0187386,8.19824
6.7009,0.0179473,8.21479
6.90578,0.0172038,8.40155
6.81742,0.0118917,8.30487
6.87922,0.0131792,8.25225
6.92041,0.0132538,8.39507
6.8331,0.0150384,8.32853
6.87674,0.0134459,8.36552
6.83829,0.0166629,8.33196
6.65258,0.0134193,8.14224
6.84551,0.0131286,8.28075
8 threads per task
6.81932,0.0172225,8.31285
6.80717,0.015035,8.28974
6.76426,0.0182374,8.10493
6.85996,0.0149159,8.35229
6.78706,0.0167697,8.28123
6.74041,0.0153562,8.23524
6.90138,0.0274824,8.33771
6.92976,0.0225854,8.36478
6.69427,0.018581,8.03272
6.87401,0.0148602,8.36715
6.75378,0.0152932,8.24758
6.86017,0.0184614,8.35786
6.76422,0.0140303,8.16337
6.80481,0.0135004,8.29513
6.72148,0.0211681,8.22008
6.82442,0.0280224,8.32803
6.69517,0.016666,8.19109
6.78347,0.0172728,8.28113
6.83847,0.0187934,8.13866
6.82066,0.0224464,8.24607
6.65804,0.0189889,8.12619
6.87661,0.0164714,8.37073
6.85452,0.0161433,8.35144
6.78984,0.0151806,8.24579
6.6797,0.0147761,8.16971
6.87993,0.0150734,8.37235
6.83627,0.016173,8.32971
6.96814,0.0174184,8.46195
6.81956,0.0193042,8.15189
6.81989,0.0159491,8.28635
6.73363,0.0267425,8.15059
6.85962,0.0146519,8.24231
6.70121,0.0171035,8.19572
6.67459,0.0181923,8.13477
6.89496,0.014142,8.3986
6.71898,0.0189152,8.21524
6.84848,0.0147477,8.28231
6.8995,0.0171617,8.40288
6.65636,0.015507,8.12633
6.84099,0.0169478,8.33486
6.78749,0.0199945,8.27125
6.72772,0.0210667,8.18747
6.77706,0.0195668,8.2739
6.81245,0.0166252,8.30563
6.69054,0.0143218,8.09726
6.83276,0.023609,8.33472
6.6482,0.0230035,8.00467
6.78721,0.0131506,8.28293
6.94427,0.0149507,8.42627
6.91643,0.0148073,8.40613
7.01969,0.0158383,8.51304
