15 tasks per node
 threads per task
7.06372,0.000823988,7.82116
4.35983,0.000773625,5.11824
4.42655,0.000703359,5.25497
4.37464,0.000742467,5.13517
4.33486,0.000674717,5.09009
4.31757,0.000720028,5.08724
4.41084,0.000586508,5.16715
4.42231,0.000819616,5.17951
4.40751,0.000516223,5.1654
4.30696,0.000514358,5.07554
4.36919,0.00072569,5.13077
4.37036,0.000502732,5.12655
4.32889,0.000524517,5.08606
4.5002,0.000556177,5.25853
4.43814,0.000482054,5.19823
4.33529,0.000770425,5.09679
4.55331,0.000657927,5.32439
4.31244,0.000602217,5.06836
4.42756,0.00046476,5.18444
4.3835,0.000658263,5.14115
4.34435,0.000667386,5.10105
4.40178,0.000789555,5.15913
4.49027,0.000567622,5.24528
4.40252,0.000475919,5.15935
4.31172,0.000561418,5.07024
4.34561,0.000676781,5.10146
4.48633,0.000478065,5.25106
4.38282,0.0005397,5.14362
4.36196,0.000698332,5.11927
4.3472,0.000584882,5.1046
4.34255,0.000434004,5.11388
4.39565,0.000528317,5.15878
4.33287,0.000883767,5.09021
4.34049,0.000425048,5.10261
4.41191,0.000678301,5.1744
4.46194,0.000784019,5.21861
4.41137,0.000737641,5.17531
4.37838,0.00074482,5.13485
4.31344,0.000550412,5.0749
4.42303,0.000871575,5.18031
4.37963,0.000849791,5.13671
4.32772,0.000689514,5.08875
4.3217,0.000481788,5.08304
4.35124,0.000811107,5.10817
4.40776,0.000644801,5.17005
4.30013,0.000577739,5.06288
4.39651,0.000772744,5.153
4.43052,0.000730868,5.18797
4.33709,0.000490516,5.09322
4.39974,0.000793405,5.15846
4.47312,0.000748798,5.22947
 threads per task
4.33847,0.00402722,5.10198
4.40886,0.00613787,5.16961
4.42525,0.00538105,5.19415
4.43215,0.0138705,5.21916
4.30315,0.0120092,5.07405
4.37843,0.00395007,5.13889
4.40094,0.00657385,5.16815
4.31544,0.00575603,5.08215
4.30999,0.00528345,5.07703
4.38318,0.00689068,5.14766
4.39315,0.00775508,5.16106
4.37503,0.00377814,5.13706
4.39542,0.00892009,5.1608
4.29214,0.00600462,5.05986
4.5932,0.00601816,5.3678
4.38507,0.00620556,5.14792
4.31616,0.0156972,5.09962
4.38551,0.00596879,5.14683
4.4283,0.006389,5.19621
4.41298,0.0145908,5.1895
4.38304,0.00858944,5.15124
4.30201,0.0037865,5.06877
4.40886,0.00395173,5.1756
4.31406,0.00712561,5.08138
4.31048,0.00689568,5.08165
4.39364,0.00395149,5.16762
4.43798,0.00596146,5.20523
4.3859,0.0138971,5.15844
4.37321,0.011792,5.15031
4.41201,0.00419775,5.17457
4.30824,0.0143852,5.08574
4.37772,0.00672587,5.14996
4.39253,0.00390119,5.15772
4.38118,0.00857198,5.14679
4.32281,0.00715046,5.09209
4.30623,0.00547664,5.07491
4.42342,0.0148921,5.20158
4.30351,0.0116717,5.25682
4.40622,0.00631456,5.16912
4.77445,0.00533483,5.53562
4.43811,0.00376353,5.19851
4.4842,0.00517165,5.24655
4.4987,0.00519496,5.26757
4.85802,0.00678829,5.62916
4.31572,0.0105814,5.08446
4.38079,0.00827794,5.14768
4.40203,0.00626967,5.17718
4.4543,0.00597164,5.21785
4.32056,0.00395642,5.09118
4.38958,0.00556548,5.15648
4.39204,0.00700906,5.1592
 threads per task
4.36687,0.0269512,5.15306
4.39035,0.0275875,5.17708
4.31874,0.0215785,5.10227
4.32787,0.0230365,5.10937
4.41793,0.0221717,5.20251
4.33683,0.0238068,5.1157
4.33294,0.0187621,5.11111
4.35893,0.0267338,5.16079
4.42743,0.0182076,5.21316
4.41436,0.0269263,5.20108
4.41478,0.0217978,5.20643
4.39443,0.0312706,5.18677
4.31403,0.0307848,5.11222
4.37094,0.0212218,5.15226
4.40444,0.0231689,5.19083
4.3571,0.0212777,5.14515
4.49104,0.0197548,5.27446
4.3515,0.0245843,5.1386
4.27081,0.0171679,5.05117
4.35465,0.0171507,5.13477
4.32003,0.0204723,5.10642
4.3271,0.0189697,5.11123
4.38963,0.017586,5.17011
4.34071,0.0249687,5.12465
4.31483,0.0220594,5.26877
4.38443,0.0216206,5.17589
4.33178,0.0196359,5.11415
4.39257,0.0201302,5.16826
4.33497,0.0412168,5.14971
4.38518,0.0233041,5.17579
4.3993,0.023518,5.18079
4.39015,0.0258753,5.17323
4.36556,0.0294903,5.16403
4.5628,0.0238943,5.34617
4.43745,0.0197379,5.22333
4.38807,0.0258311,5.16924
4.32186,0.0246711,5.10285
4.41314,0.0252371,5.19416
4.30473,0.0212756,5.09127
4.42429,0.0249991,5.21702
4.38716,0.0187606,5.16372
4.31813,0.019228,5.12339
4.37306,0.0284194,5.15831
4.32421,0.0198167,5.1011
4.39602,0.0199044,5.18204
4.37785,0.021335,5.17384
4.39028,0.0225042,5.16973
4.4005,0.0183994,5.17571
4.32493,0.0224504,5.11606
4.36881,0.0274787,5.15079
4.31317,0.0258502,5.09959
 threads per task
4.40256,0.0342378,5.20138
4.37576,0.024911,5.15807
4.33814,0.0266244,5.12714
4.36251,0.0317556,5.15055
4.38289,0.0297482,5.16887
4.36625,0.036191,5.16486
4.45921,0.032088,5.24678
4.33781,0.024359,5.12989
4.39165,0.0266426,5.18625
4.40824,0.040597,5.23669
4.37339,0.0270079,5.16441
4.45566,0.0291061,5.24678
4.38769,0.0253964,5.17633
4.3925,0.0257086,5.17735
4.38179,0.0267331,5.16472
4.32847,0.028873,5.12628
4.42856,0.0279292,5.22126
4.31543,0.0296516,5.10545
4.39003,0.0335154,5.17739
4.36043,0.0314228,5.15035
4.40657,0.0335595,5.20975
4.39341,0.0253016,5.18503
4.30347,0.0301769,5.12303
4.40328,0.0352217,5.20147
4.32725,0.0321028,5.12459
4.32823,0.0308554,5.12345
4.48541,0.0324023,5.27751
4.32788,0.0280678,5.12061
4.39498,0.0320526,5.18312
4.30578,0.0313789,5.09508
4.43522,0.0285923,5.22591
4.39907,0.0348399,5.20894
4.3084,0.0312138,5.09626
4.35139,0.0249908,5.1355
4.46365,0.0242657,5.25688
4.49946,0.0277096,5.29211
4.34422,0.0289466,5.14102
4.46897,0.0296682,5.2632
4.30213,0.0281458,5.09856
4.31232,0.0334373,5.10797
4.45021,0.0265646,5.25412
4.36795,0.0414884,5.18687
4.32621,0.0307882,5.11485
4.32048,0.0268043,5.11825
4.38431,0.0312967,5.17018
4.34623,0.0255188,5.14234
4.49737,0.0325576,5.29273
4.39241,0.0312998,5.19105
4.41296,0.0470341,5.22681
4.39881,0.0304081,5.18896
4.32799,0.0329792,5.12635
 threads per task
4.32705,0.038257,5.12917
4.46029,0.0373799,5.25701
4.40124,0.0396458,5.20088
4.3278,0.0378044,5.12384
4.43802,0.0356232,5.23925
4.42517,0.0459261,5.24189
4.40614,0.0344668,5.21634
4.33174,0.0425262,5.15434
4.46519,0.0410642,5.26637
4.29493,0.0328633,5.08895
4.38467,0.0379087,5.18588
4.30663,0.0317521,5.10334
4.54011,0.0342078,5.33447
4.37657,0.0323602,5.17406
4.3865,0.0302155,5.1856
4.32842,0.033892,5.12183
4.44405,0.0312665,5.24638
4.41768,0.0370817,5.20776
4.38878,0.0325203,5.19623
4.30718,0.032341,5.10026
4.37416,0.028808,5.17666
4.38449,0.0365651,5.17733
4.43613,0.0485369,5.28013
4.36555,0.0324338,5.15733
4.42364,0.0370588,5.22147
4.34781,0.0331595,5.14933
4.31985,0.0366911,5.11632
4.41003,0.0331733,5.20625
4.3794,0.0358586,5.17765
4.38985,0.0353511,5.19328
4.55395,0.0365509,5.34821
4.32241,0.0382439,5.1208
4.31441,0.0360193,5.13217
4.39306,0.0336733,5.19696
4.39542,0.0283933,5.19277
4.45583,0.0381985,5.25134
4.35521,0.0366576,5.15717
4.32811,0.0358006,5.12069
4.49988,0.0355219,5.2947
4.38808,0.0443,5.20552
4.39353,0.032153,5.1841
4.43202,0.0354845,5.25063
4.31145,0.0320309,5.12424
4.48783,0.0307482,5.2811
4.37637,0.0335263,5.17978
4.3701,0.0409873,5.20488
4.40314,0.0387768,5.2129
4.34908,0.0359989,5.15345
4.3919,0.0353184,5.18447
4.34561,0.034629,5.13915
4.44191,0.0410729,5.25162
 threads per task
4.33379,0.0425345,5.14168
4.37297,0.0346506,5.16532
4.38415,0.0451556,5.19166
4.41398,0.0385614,5.21864
4.32011,0.0407795,5.11751
4.37614,0.0554888,5.20191
4.41644,0.0444848,5.21925
4.38382,0.038874,5.19034
4.30606,0.041932,5.11749
4.31125,0.045638,5.14802
4.32876,0.0408524,5.1346
4.45801,0.0481877,5.26973
4.33705,0.0445549,5.14834
4.40956,0.0423065,5.2202
4.32443,0.0421232,5.1216
4.41064,0.037933,5.21942
4.43008,0.0454104,5.39702
4.31674,0.0445701,5.12196
4.31552,0.0384083,5.11522
4.38675,0.0355501,5.18595
4.44163,0.0389906,5.23946
4.43051,0.0429261,5.23063
4.37906,0.0362251,5.18469
4.37531,0.0417385,5.17047
4.6051,0.0384394,5.40899
4.34974,0.0433471,5.15069
4.32439,0.0330426,5.12201
4.32234,0.0426117,5.12389
4.30876,0.0386504,5.10466
4.37701,0.0417998,5.18301
4.40358,0.046263,5.20754
4.37974,0.0425343,5.18717
4.41498,0.0467171,5.21806
4.38881,0.040362,5.18673
4.33166,0.0382913,5.14162
4.40134,0.036424,5.20116
4.35194,0.0398813,5.15036
4.38073,0.0367914,5.17648
4.32111,0.0489038,5.13796
4.30908,0.0455942,5.13206
4.42918,0.0388564,5.2276
4.30042,0.0440696,5.11268
4.40692,0.038082,5.21519
4.31693,0.0443181,5.18591
4.40185,0.0439526,5.20329
4.38793,0.049039,5.19211
4.54335,0.0348744,5.35659
4.45787,0.0388491,5.27298
4.38141,0.044615,5.19506
4.26045,0.0429473,5.06117
4.53946,0.0480818,5.35584
 threads per task
4.31702,0.048299,5.13696
4.38928,0.0484616,5.1961
4.40733,0.0509817,5.21507
4.57425,0.0421716,5.39042
4.38499,0.0458461,5.19996
4.32113,0.046255,5.13112
4.39793,0.0704583,5.23938
4.40325,0.0453913,5.20415
4.40169,0.0427622,5.22261
4.4802,0.0484468,5.2838
4.3253,0.0432248,5.12793
4.38695,0.0462921,5.2017
4.40044,0.0467399,5.2024
4.38528,0.0480661,5.18806
4.49679,0.0476315,5.3047
4.32546,0.0458466,5.14401
4.34203,0.0460793,5.14778
4.42565,0.044272,5.24285
4.45647,0.0445399,5.26894
4.3211,0.048525,5.13064
4.49206,0.0424814,5.29496
4.39138,0.0507428,5.19645
4.41192,0.0434012,5.21439
4.53008,0.0464293,5.33314
4.42511,0.0526245,5.24038
4.3325,0.052304,5.16604
4.32203,0.0471026,5.14111
4.43807,0.05788,5.2534
4.44021,0.042188,5.25928
4.30583,0.0510102,5.11087
4.394,0.0474685,5.20536
4.34799,0.0443594,5.15112
4.40563,0.0466989,5.23701
4.54215,0.0531281,5.35053
4.38798,0.0465652,5.19914
4.30811,0.0422669,5.12545
4.39804,0.0439683,5.23066
4.2997,0.0461493,5.10827
4.3096,0.0533511,5.12853
4.40303,0.0437702,5.20562
4.32062,0.0396223,5.15305
4.30338,0.0399221,5.10284
4.30509,0.0483738,5.11341
4.33015,0.0467947,5.13354
4.39161,0.0442157,5.20861
4.3255,0.0444098,5.24879
4.30216,0.0427585,5.10274
4.44061,0.0397088,5.25203
4.32644,0.0535204,5.20323
4.44719,0.0425009,5.24619
4.4596,0.0507168,5.2733
 threads per task
4.31923,0.0496993,5.14214
4.39825,0.0538632,5.21989
4.36802,0.0461681,5.17914
4.40094,0.051097,5.23074
4.40422,0.0600468,5.24249
4.33488,0.0450713,5.1495
4.32232,0.0528068,5.12959
4.40012,0.0498802,5.21366
4.39319,0.0534746,5.20212
4.38164,0.0450578,5.18815
4.31373,0.0442566,5.13747
4.3168,0.0480377,5.1332
4.35416,0.0489649,5.16241
4.39528,0.0551062,5.20729
4.34406,0.0564308,5.1615
4.42621,0.0517536,5.25692
4.47607,0.0453117,5.32434
4.34389,0.0476714,5.16742
4.38065,0.0504358,5.20143
4.35971,0.0503396,5.18796
4.43136,0.0496958,5.27081
4.42694,0.0483229,5.24425
4.38249,0.0519682,5.20392
4.41348,0.0455152,5.2225
4.40451,0.0569939,5.22307
4.38509,0.0697039,5.21515
4.39049,0.0488603,5.197
4.37386,0.0453829,5.184
4.37705,0.0492073,5.18799
5.26747,0.0577425,6.12674
4.36003,0.0617655,5.19543
4.33303,0.0506267,5.14863
4.30284,0.0542148,5.12232
4.38237,0.0596146,5.21114
4.38518,0.0486502,5.20337
4.76125,0.0793731,5.59848
4.45985,0.0522243,5.28082
4.36196,0.0412985,5.17507
4.39738,0.0466158,5.21681
4.38957,0.0464756,5.20089
4.29339,0.0485759,5.10822
4.34397,0.0483449,5.15067
4.33805,0.0577276,5.16488
4.38873,0.0573016,5.25198
4.33831,0.052568,5.16119
4.38894,0.0424632,5.23853
4.40171,0.0516095,5.2144
4.3721,0.0485393,5.18315
4.38786,0.0663954,5.20969
4.44337,0.0556864,5.29059
4.3098,0.0571227,5.15217
