11 tasks per node
1 threads per task
7.1015,0.00183026,8.19289
6.97108,0.0015035,8.06636
6.96977,0.0015026,8.06016
7.24646,0.00156255,8.33478
7.10712,0.00180715,8.19984
6.96392,0.00149568,8.05825
7.12059,0.00150199,8.20967
6.8665,0.00151121,7.9571
6.94924,0.00163983,8.03876
6.99872,0.00150782,8.08994
6.81841,0.00289536,7.91463
6.99284,0.00180086,8.08154
6.91711,0.00150937,8.00709
6.94655,0.00151002,8.03687
6.97978,0.00151695,8.07143
6.87274,0.00163562,7.96467
7.12041,0.00155698,8.21019
6.93796,0.00150607,8.02683
7.35464,0.00178041,8.44581
6.87155,0.00151384,7.96242
6.91407,0.00164252,8.00278
7.00049,0.00150947,8.09396
6.89933,0.00150127,7.98924
6.93796,0.00299096,8.02909
6.91294,0.00162808,8.00307
6.93488,0.00160755,8.02398
6.95362,0.00164011,8.04253
6.97852,0.00179284,8.06792
7.01855,0.00179221,8.11089
7.1729,0.0031778,8.26459
6.99915,0.00188435,8.09705
6.93258,0.0015895,8.03012
6.87124,0.00179769,7.96025
6.82476,0.00266398,7.92157
7.04195,0.00150106,8.13197
7.10192,0.00179643,8.19123
6.9927,0.00160182,8.08756
6.95648,0.00150894,8.05064
6.87064,0.001492,7.9607
6.96813,0.0021048,8.05915
6.91482,0.00163225,8.00697
6.9592,0.00175187,8.04841
7.02844,0.00180162,8.11999
6.92786,0.00163502,8.01688
6.92759,0.00149835,8.01625
7.03214,0.00156794,8.12686
6.96247,0.00150449,8.05249
6.91749,0.0026061,8.00989
6.85972,0.00157263,7.94982
7.00863,0.00163725,8.09816
6.99243,0.00150106,8.08174
2 threads per task
6.97149,0.00762915,8.07394
6.8743,0.00479916,7.96746
6.97673,0.00434021,8.07091
6.98516,0.00481505,8.07835
7.04256,0.00416913,8.13313
7.04771,0.0148591,8.15189
6.91454,0.00489811,8.00687
6.92871,0.0137353,8.0315
6.86991,0.00587427,7.96296
6.82762,0.00434772,7.92013
6.98316,0.00476164,8.07668
6.85955,0.00527431,7.95933
6.806,0.00408585,7.89817
6.94235,0.00449764,8.03443
7.25001,0.00511387,8.34411
6.92164,0.00466642,8.01495
7.06968,0.00413734,8.1599
6.92111,0.0136915,8.0277
6.94634,0.00972098,8.04444
6.88575,0.00439128,7.97898
6.85694,0.0146101,7.96128
6.98304,0.00389405,8.07453
6.93552,0.00516437,8.03087
7.04758,0.00425696,8.13955
7.02489,0.00435428,8.11827
7.03055,0.00371808,8.12336
7.00127,0.00550459,8.09836
6.86113,0.00378013,7.95328
6.99616,0.0148539,8.10098
6.97764,0.00570685,8.07232
6.85306,0.00530854,7.94635
6.99325,0.00826487,8.08884
7.62867,0.00499015,8.72174
6.87769,0.00363606,7.9704
6.99604,0.00442615,8.08926
7.10143,0.0100132,8.19886
6.84254,0.00428353,7.94237
6.95659,0.00498536,8.05077
6.85908,0.00512833,7.95132
6.97721,0.00441577,8.06973
6.95011,0.00514282,8.04451
7.04584,0.00414411,8.13898
6.87416,0.00416085,7.97415
6.85535,0.00477757,7.94769
6.92877,0.00618879,8.02234
6.99266,0.00539709,8.09009
6.94155,0.00478057,8.03615
6.84979,0.0040547,7.94462
6.84547,0.00451807,7.93735
7.02925,0.00411304,8.12689
7.03716,0.00428718,8.12995
3 threads per task
6.94524,0.0111865,8.04356
6.97075,0.0140386,8.07197
7.03428,0.0106832,8.13368
6.85216,0.0102833,7.96124
6.99223,0.0144422,8.09411
6.90409,0.0152785,8.00535
7.20372,0.0118873,8.3033
7.0928,0.0157818,8.19673
6.90602,0.00783934,8.00317
6.97516,0.0103488,8.07369
6.92367,0.0127165,8.0249
6.82368,0.00990726,7.92191
7.04308,0.0134274,8.14518
6.96707,0.0092166,8.06603
6.84824,0.00893719,7.94711
6.87251,0.0100227,7.97666
7.09339,0.0096477,8.193
7.11421,0.00980148,8.21539
6.84383,0.0134402,7.94452
6.92236,0.00867467,8.01911
6.99775,0.00842066,8.09541
7.00993,0.0162903,8.11421
6.98187,0.00919776,8.07958
7.01672,0.014243,8.12062
6.96065,0.0170957,8.06777
6.92685,0.0144787,8.0329
6.87278,0.0103161,7.97185
6.84055,0.00996489,7.93992
7.05821,0.0104638,8.15705
6.86649,0.00995709,7.96685
6.83685,0.00881905,7.9355
6.97667,0.00771072,8.07343
6.94232,0.0095151,8.04245
6.92707,0.00860187,8.02465
6.89539,0.0139167,7.99896
6.92977,0.0106678,8.03062
6.9836,0.00947142,8.08255
6.84065,0.016094,7.94641
6.85689,0.00859025,7.95476
6.87978,0.0180169,7.99081
6.94403,0.010392,8.04979
6.85097,0.00846739,7.94764
6.98002,0.0092781,8.078
6.9667,0.00866712,8.06384
6.94408,0.0141379,8.04763
6.99381,0.0080779,8.08991
6.86738,0.00897621,7.96428
7.17892,0.0140118,8.28183
6.87812,0.0134017,7.98013
6.89644,0.00953113,7.99329
6.84759,0.00895704,7.94538
4 threads per task
6.93217,0.0142185,8.0338
7.09454,0.0134902,8.19467
6.96992,0.0151813,8.07295
6.89774,0.013822,8.0009
7.12477,0.0153582,8.22704
6.99746,0.0335799,8.12166
6.8548,0.0135175,7.95649
6.93728,0.0151551,8.03973
6.97049,0.0144642,8.07258
7.11071,0.0148479,8.21351
6.86156,0.0125877,7.96259
6.87355,0.014253,7.98454
6.86709,0.0133397,7.97652
6.9568,0.0146263,8.06034
6.99095,0.0143451,8.09437
7.16227,0.0135102,8.26529
6.98248,0.018142,8.09162
7.29735,0.0180327,8.40138
6.90135,0.0138416,8.0039
6.86295,0.0138289,7.96782
6.9148,0.0172499,8.0194
6.90569,0.0158445,8.01392
7.1999,0.0137708,8.3059
6.95241,0.0139513,8.06535
6.82292,0.0142788,7.92642
6.98189,0.0136543,8.08516
7.01361,0.0136808,8.12182
6.97301,0.0123082,8.07197
6.98342,0.0142491,8.08634
6.88036,0.015697,7.98499
6.97589,0.0138485,8.07986
6.90313,0.0174998,8.00809
6.93445,0.0140032,8.03701
6.87946,0.0192295,7.98969
6.85126,0.0152763,7.9547
6.83885,0.0135446,7.94146
6.90227,0.0135413,8.01377
6.95319,0.0146993,8.05966
6.93527,0.0137565,8.03762
6.86073,0.0133334,7.9615
6.93086,0.0228426,8.0402
6.86359,0.0140751,7.96517
6.8442,0.0122259,7.94726
6.93885,0.013949,8.04525
6.86868,0.0212745,7.97822
6.89256,0.0122069,7.99303
6.87448,0.0235736,7.99024
6.96801,0.0142004,8.07026
6.94621,0.013658,8.04881
6.8243,0.0155093,7.92779
7.13853,0.0119435,8.24768
5 threads per task
7.07957,0.0148441,8.18373
6.95202,0.0255317,8.06637
7.10271,0.0175036,8.21537
6.94985,0.0251065,8.10385
6.94815,0.016732,8.05377
6.99764,0.015076,8.1163
6.84044,0.0178418,7.94715
6.8165,0.0207261,7.92567
6.98298,0.0165373,8.08902
6.89675,0.0159928,8.00084
6.83861,0.0192986,7.94676
6.99019,0.0184133,8.10481
7.08177,0.0327349,8.20476
6.9806,0.0170642,8.0845
6.94852,0.0246616,8.06909
6.98239,0.0215861,8.09247
7.05983,0.0193369,8.16834
6.95804,0.0152058,8.06122
6.95998,0.0159029,8.06406
6.96621,0.017778,8.07198
7.31741,0.0193622,8.42472
6.89165,0.0172318,7.99575
6.87628,0.0202526,7.98415
6.99605,0.0201138,8.10614
6.97603,0.0246818,8.08964
6.90915,0.0230244,8.02128
6.99136,0.0181829,8.0977
6.91107,0.0159005,8.01659
7.02174,0.0204767,8.1283
7.04525,0.0189553,8.15237
6.93888,0.0179113,8.04697
6.97461,0.0212088,8.08387
7.01745,0.0175734,8.13351
6.96414,0.0171863,8.07923
6.8667,0.0199121,7.97509
6.99396,0.0165118,8.09924
7.37911,0.0173411,8.48728
6.95474,0.0175982,8.06417
7.09451,0.0187773,8.20171
6.88482,0.0222417,7.9976
6.98164,0.0215824,8.09249
6.84704,0.0212085,7.95615
6.86646,0.0187908,7.97673
6.96812,0.0197558,8.07937
6.90707,0.0160674,8.02275
6.97227,0.0187804,8.09012
6.92766,0.0182168,8.03308
6.95121,0.0171125,8.06319
6.90607,0.0167489,8.01467
6.85238,0.0260844,7.96819
7.07071,0.0196826,8.18372
6 threads per task
6.95044,0.0187483,8.06217
7.0084,0.024337,8.12353
6.98131,0.0273031,8.11014
7.0009,0.03694,8.16423
6.87744,0.023235,7.98918
6.90166,0.0193089,8.00866
6.98139,0.0230577,8.09513
6.95013,0.0263384,8.06543
6.96636,0.0248741,8.07952
6.93447,0.025469,8.04964
6.92133,0.0211649,8.03341
6.98747,0.0209649,8.09807
6.99149,0.0279664,8.10748
6.95966,0.0182408,8.08466
6.99394,0.0196763,8.10408
6.90018,0.0180998,8.0086
7.04258,0.0215209,8.15562
6.98085,0.0229162,8.09452
7.08465,0.0217385,8.19442
6.86027,0.0232585,7.97257
7.18966,0.0211752,8.29703
7.01682,0.0240177,8.12978
7.29238,0.0224088,8.40283
6.99797,0.0234688,8.10971
6.97549,0.023707,8.08587
7.10305,0.0264832,8.2264
6.85038,0.0214807,7.96007
6.94431,0.023103,8.05586
6.99309,0.0252255,8.13726
6.91504,0.0186521,8.02514
6.90642,0.02343,8.01823
6.99637,0.0242812,8.1103
6.91859,0.0232527,8.02914
7.0365,0.0195542,8.14704
6.86915,0.025099,7.98503
6.81462,0.0270043,7.93041
7.23722,0.0266775,8.35389
6.92341,0.0246171,8.03772
7.17494,0.0266261,8.2951
7.11137,0.0203602,8.22218
6.91959,0.0210049,8.03225
6.96946,0.0238373,8.08117
6.86988,0.0209291,7.98212
6.97165,0.0204028,8.0796
6.9924,0.0230042,8.10885
6.95594,0.0217864,8.06581
6.8831,0.0190328,7.9927
6.82096,0.0235569,7.93294
6.81912,0.0210493,7.92895
6.9042,0.0380959,8.02906
6.94553,0.0234717,8.0564
7 threads per task
7.04654,0.027077,8.16119
7.00899,0.0281387,8.13279
6.98731,0.0280818,8.10424
6.83809,0.0262807,7.95283
6.88111,0.0271987,7.99739
7.04647,0.0335971,8.18129
6.96529,0.0255396,8.08222
6.93414,0.0262405,8.05049
6.83171,0.030556,7.96669
6.88816,0.025355,8.00522
6.86741,0.0271102,7.98248
6.98786,0.0267522,8.1105
7.0302,0.0231778,8.14589
6.93947,0.0261526,8.06453
6.8431,0.0265657,7.95896
6.88606,0.0253524,8.02584
7.16157,0.0263831,8.27581
7.10522,0.0264997,8.22334
7.00893,0.0273422,8.12521
7.02801,0.026477,8.14272
6.87565,0.0217605,7.98893
6.88043,0.0329091,8.00422
6.9714,0.0245257,8.09226
6.83602,0.0274008,7.95162
7.03324,0.021391,8.14816
6.836,0.0228082,7.9497
6.91063,0.0198242,8.02072
7.03613,0.0273354,8.1557
6.9889,0.0247079,8.10133
7.00915,0.0226668,8.11964
6.87499,0.0257895,7.99509
6.86753,0.0277689,7.98355
6.98837,0.0282006,8.11237
7.04111,0.0295654,8.15983
6.99441,0.0328972,8.11626
6.90711,0.0259867,8.02067
6.83699,0.0253693,7.95043
6.98003,0.0255522,8.09841
7.31969,0.0266692,8.4346
6.93276,0.0235593,8.0482
6.86041,0.0269035,7.97514
6.95927,0.0274773,8.07477
6.95962,0.029345,8.07362
6.94397,0.0222784,8.06444
6.9235,0.0297884,8.04067
7.00822,0.02543,8.1225
6.93411,0.0257836,8.05726
6.87908,0.029758,7.99398
6.89271,0.0258273,8.00614
6.97032,0.0202174,8.08255
6.93687,0.0232327,8.051
8 threads per task
7.02356,0.0260327,8.14163
6.98262,0.0299863,8.09974
6.99821,0.0299335,8.12175
6.86817,0.0272588,7.99711
6.95019,0.0300321,8.06997
6.99529,0.0289246,8.11055
6.86831,0.0303823,7.98591
6.82949,0.0281026,7.94676
6.91455,0.0275019,8.03197
6.95599,0.0280573,8.07019
7.0011,0.0246776,8.12168
7.05483,0.0255268,8.17151
6.8665,0.0297695,7.99007
7.0953,0.0301716,8.22038
6.98368,0.0358324,8.10585
6.89642,0.0286292,8.01163
6.94315,0.0375837,8.06877
7.55669,0.0292582,8.6774
7.04595,0.0287599,8.16714
6.99324,0.0285714,8.10775
6.98627,0.0293854,8.11151
6.98549,0.0289434,8.11632
7.07822,0.0355002,8.20222
6.97476,0.0276803,8.09791
6.95833,0.0282953,8.07718
7.00936,0.0320717,8.12896
6.9178,0.0263853,8.03668
7.03216,0.0302116,8.14932
7.0156,0.0279921,8.13278
6.98494,0.0288938,8.10289
7.04518,0.0291322,8.16424
6.90774,0.032668,8.03026
6.94923,0.035104,8.07136
6.92455,0.028998,8.04227
6.97457,0.0281416,8.09071
6.91043,0.0264718,8.02645
7.09101,0.028048,8.2087
7.27592,0.0273727,8.3966
6.83493,0.0310077,7.9539
6.97142,0.0309791,8.09178
7.00178,0.0312788,8.12555
7.08152,0.0259446,8.20013
6.89608,0.025254,8.01951
6.85954,0.027933,7.99725
6.96963,0.0259745,8.08793
6.84869,0.0277771,7.96499
6.92637,0.0281939,8.04624
6.84148,0.0350386,7.97054
7.08377,0.035986,8.21472
6.82962,0.0308569,7.94685
6.83051,0.0290571,7.95208
