3 tasks per node
1 threads per task
6.3732,0.00155976,7.91552
6.23273,0.00139241,7.76833
6.38107,0.00143836,7.92211
6.4248,0.00146744,7.97488
6.24495,0.00156691,7.78
6.36467,0.00168915,7.91129
6.32714,0.00165622,7.89593
6.25505,0.00140252,7.81086
6.3908,0.00181978,7.93802
6.40677,0.00147431,7.97091
6.36533,0.00175201,7.91843
6.32253,0.00146422,7.86293
6.39866,0.00169178,7.94009
6.4041,0.00148208,7.96928
6.32019,0.0014021,7.85429
6.30257,0.0016675,7.86171
6.56727,0.00143007,8.108
6.37941,0.00173495,7.90854
6.2791,0.00181299,7.82288
6.27677,0.00139835,7.81116
6.3124,0.00171052,7.84722
6.38692,0.00143379,7.95929
6.31909,0.00157582,7.88684
6.27063,0.00168841,7.82677
6.37947,0.00141971,7.91896
6.28034,0.00166582,7.84533
6.34423,0.00171319,7.90339
6.26524,0.00188146,7.82823
6.40564,0.00147882,7.94198
6.37813,0.00142547,7.93782
6.41929,0.0015972,7.98575
6.35769,0.00175153,7.88748
6.36648,0.00161609,7.92653
6.35009,0.00166445,7.91837
6.62287,0.00167061,8.18194
6.35382,0.00147155,7.90237
6.29051,0.0016641,7.81942
6.38586,0.0017944,7.93903
6.30306,0.00139346,7.85559
6.35559,0.001548,7.89438
6.437,0.00143161,8.00208
6.41494,0.00185127,7.97326
6.37906,0.00148221,7.92202
6.2514,0.00167754,7.78826
6.36028,0.0014289,7.89556
6.31869,0.00172771,7.88121
6.37154,0.00170138,7.9192
6.40122,0.00147438,7.95266
6.38657,0.00149537,7.92898
6.36583,0.00143013,7.91833
6.61207,0.00144544,8.14365
2 threads per task
6.56734,0.00148682,8.10724
6.37677,0.00151125,7.9116
6.52379,0.00149585,8.05621
6.25303,0.00118615,7.78808
6.22804,0.00136139,7.76515
6.28577,0.00149681,7.82611
6.35141,0.00122431,7.89014
6.26569,0.00163033,7.80065
6.22309,0.00147715,7.75982
6.27725,0.00158503,7.8378
6.42208,0.00151234,7.96959
6.35506,0.00122453,7.9139
6.34926,0.00118659,7.88261
6.32088,0.00123163,7.87378
6.34826,0.00147191,7.88354
6.35311,0.00152734,7.91199
6.32807,0.00121391,7.89022
6.27315,0.0014884,7.83386
6.4898,0.00121813,8.02474
6.4215,0.00124931,7.96243
6.34838,0.0013331,7.89592
6.3673,0.00134616,7.91812
6.30248,0.00138532,7.86615
6.58569,0.001612,8.1491
6.30571,0.0015082,7.85476
6.36039,0.00150555,7.91826
6.25172,0.00153368,7.79616
6.3112,0.00123806,7.8521
6.3584,0.00138791,7.90276
6.43087,0.00123037,7.98543
6.45442,0.00157129,8.01004
6.19575,0.00149431,7.75084
6.29965,0.00134593,7.83428
6.60415,0.00118864,8.14765
6.3648,0.00150821,7.91711
6.38328,0.00130087,7.94758
6.38027,0.00149489,7.94642
6.40463,0.00121497,7.93698
6.41811,0.00150719,7.97617
6.42429,0.00179701,7.96541
6.23634,0.00152991,7.77048
6.33305,0.00147722,7.87731
6.41361,0.00119471,7.97822
6.46116,0.00121539,8.00422
6.35422,0.00123696,7.89369
6.71349,0.00120682,8.24775
6.36081,0.00138725,7.90065
6.2627,0.00121514,7.80738
6.50293,0.00150569,8.05775
6.5862,0.0014877,8.13049
6.24754,0.00120036,7.80127
3 threads per task
6.37022,0.00128772,7.89867
6.38976,0.00147894,7.94393
6.24455,0.00129292,7.79436
6.29085,0.00129057,7.84616
6.42772,0.0010141,7.96682
6.39906,0.00147078,7.95461
6.21402,0.00100291,7.75261
6.38851,0.000998765,7.93515
6.36165,0.00107127,7.90641
6.33168,0.000974653,7.86456
6.33976,0.00141726,7.89877
6.33878,0.00102849,7.87578
6.39295,0.00100484,7.95592
6.43093,0.00129863,7.99757
6.24669,0.00128833,7.79942
6.24167,0.00126975,7.81123
6.46379,0.00102514,8.01036
6.40377,0.00100893,7.95178
6.26089,0.00116473,7.82068
6.30964,0.00146146,7.87057
6.25682,0.0011746,7.8071
6.2549,0.00105432,7.79769
6.36069,0.000996908,7.89393
6.28496,0.00104904,7.8372
6.3327,0.000995811,7.88162
6.30685,0.00129842,7.84304
6.32385,0.000999073,7.91023
6.31965,0.00129331,7.85828
6.2795,0.00111378,7.85711
6.35507,0.00151929,7.88923
6.34827,0.000974936,7.90935
6.26207,0.000996906,7.79919
6.28357,0.00097549,7.81492
6.25112,0.00126254,7.78548
6.30964,0.00133391,7.85466
6.34378,0.00103329,7.90347
6.39953,0.000984887,7.94821
6.36405,0.00101056,7.91513
6.32955,0.0010023,7.86401
6.27001,0.000976786,7.80735
6.35412,0.000982635,7.92119
6.33198,0.00108196,7.88467
6.38317,0.00104078,7.93269
6.39532,0.00112372,7.93339
6.37919,0.00107033,7.91479
6.49957,0.000991495,8.02976
6.30489,0.00103298,7.84465
6.41888,0.00113295,7.96479
6.33363,0.00160883,7.86879
6.31829,0.00113256,7.87804
6.36398,0.00100939,7.93807
4 threads per task
6.37498,0.00113188,7.93418
6.39211,0.00127761,7.92703
6.36263,0.000901662,7.90819
6.38734,0.00114897,7.93693
6.30649,0.000914229,7.84632
6.40272,0.00115097,7.9409
6.26351,0.00111695,7.79996
6.31294,0.000807719,7.87104
6.28236,0.0011726,7.82404
6.42945,0.000850782,7.96703
6.36013,0.00114915,7.91687
6.28958,0.00129641,7.83661
6.35321,0.00118464,7.90292
6.28669,0.000921549,7.81381
6.26572,0.00114466,7.81364
6.24008,0.000807662,7.77473
6.29615,0.000865003,7.83018
6.3843,0.000984417,7.92334
6.51193,0.00112358,8.07167
6.46939,0.000818755,8.01386
6.33079,0.00137865,7.89122
6.25607,0.000951497,7.79036
6.39189,0.000997607,7.94179
6.28436,0.000816457,7.83437
6.37116,0.00114754,7.9341
6.45827,0.0009347,8.02711
6.36859,0.000958581,7.93569
6.48626,0.00111296,8.01813
6.24394,0.000999372,7.78271
6.32821,0.000909239,7.88584
6.22595,0.00113815,7.7646
6.2761,0.00123337,7.80654
6.22898,0.00090606,7.77275
6.27706,0.00111837,7.82718
6.3493,0.00117104,7.88948
6.23175,0.00222032,7.76652
6.28477,0.000843674,7.83359
6.29451,0.00111101,7.86861
6.32274,0.0013831,7.86197
6.35372,0.00104672,7.90357
6.32104,0.000914497,7.86283
6.35888,0.00114754,7.90128
6.27679,0.000898536,7.8144
6.61929,0.000871968,8.17229
6.47732,0.00137202,8.02096
6.33374,0.000989389,7.90245
6.26639,0.00147354,7.80094
6.30415,0.00205743,7.84018
6.39313,0.00113063,7.92686
6.29113,0.00213866,7.82588
6.28824,0.00172156,7.84753
5 threads per task
6.39911,0.0117494,7.94366
6.3173,0.00489121,7.87503
6.30324,0.00428126,7.85793
6.34783,0.00443262,7.89639
6.37837,0.00529108,7.94441
6.36432,0.0138913,7.93333
6.32624,0.00740508,7.86701
6.26496,0.00384067,7.80457
6.28925,0.0139147,7.8586
6.24189,0.00367576,7.79275
6.36514,0.00976783,7.92985
6.32691,0.00495496,7.87933
6.34843,0.01342,7.89639
6.27093,0.00464872,7.82091
6.35402,0.0146881,7.90504
6.30461,0.0140496,7.86098
6.29118,0.00370183,7.84432
6.42396,0.0139626,8.00377
6.33172,0.00421415,7.86153
6.33278,0.00536035,7.87489
6.26654,0.0142454,7.82117
6.36404,0.00579521,7.92698
6.3682,0.00412339,7.922
6.2611,0.00382908,7.8143
6.39561,0.0137122,7.95972
6.38961,0.0146158,7.95827
6.28869,0.014026,7.87859
6.36283,0.0137555,7.91235
6.26596,0.00404177,7.79533
6.30037,0.00380181,7.83744
6.35716,0.00405119,7.89926
6.29223,0.00433135,7.83876
6.40931,0.00520505,7.9488
6.34909,0.00869326,7.91531
6.24507,0.0164632,7.80263
6.35017,0.0144159,7.91867
6.37955,0.0041356,7.9246
6.28959,0.0161102,7.83683
6.36234,0.0107736,7.93532
6.25849,0.010489,7.80925
6.64391,0.00367857,8.19006
6.24947,0.00503416,7.79112
6.43296,0.00397635,7.97081
6.36217,0.0149345,7.91244
6.28693,0.00526073,7.82573
6.43379,0.0146385,7.98793
6.27135,0.0137993,7.84551
6.42051,0.0145667,7.98363
6.25431,0.00388223,7.8045
6.35394,0.011829,7.90995
6.42085,0.00534571,7.96876
6 threads per task
6.29925,0.0147967,7.85827
6.29728,0.0139192,7.84313
6.3413,0.0143092,7.90306
6.27846,0.00516426,7.83965
6.35017,0.00512847,7.89375
6.41383,0.00523976,7.9521
6.32429,0.00683434,7.87655
6.44233,0.0126095,7.99232
6.35041,0.00413676,7.89293
6.25853,0.00869001,7.81352
6.2075,0.00528917,7.75682
6.4312,0.00902884,7.98424
6.37238,0.0051147,7.91387
6.24115,0.00922656,7.81502
6.44129,0.015007,7.99351
6.38956,0.0140515,7.95089
6.48854,0.00901243,8.02989
6.49772,0.0092473,8.0311
6.37776,0.00530495,7.93256
6.41094,0.00525864,7.98923
6.42343,0.00518382,7.98117
6.44823,0.0160845,7.99945
6.35105,0.00874032,7.90887
6.48167,0.0139027,8.06236
6.41811,0.0136551,7.98056
6.43169,0.00841121,7.97087
6.24702,0.00889823,7.82141
6.36929,0.00406703,7.90613
6.36158,0.0140711,7.9045
6.25496,0.00524202,7.81286
6.257,0.0137753,7.8283
6.4005,0.00505003,7.95687
6.27134,0.00762919,7.83231
6.41211,0.00661172,7.9699
6.25722,0.00380406,7.82472
6.40648,0.00523132,7.95848
6.56582,0.00874056,8.12266
6.30908,0.00511882,7.8535
6.3309,0.00869162,7.87194
6.47243,0.0162454,8.04212
6.29396,0.0148936,7.85029
6.30184,0.0153717,7.84972
6.25908,0.0137532,7.80772
6.4164,0.00659552,7.99547
6.30999,0.00508906,7.85528
6.28949,0.00541981,7.83906
6.2961,0.0053095,7.86139
6.31324,0.0053675,7.8501
6.33469,0.0053155,7.87534
6.41057,0.00537457,7.96891
6.48124,0.00545924,8.02145
7 threads per task
6.25959,0.00519489,7.80503
6.36442,0.00672869,7.9307
6.34715,0.00634901,7.88921
6.24866,0.00521054,7.80256
6.37391,0.00881459,7.91577
6.41111,0.00663242,7.96254
6.39138,0.00387871,7.94288
6.217,0.00682715,7.76892
6.23971,0.00540615,7.79777
6.3742,0.00528534,7.91443
6.40569,0.00842365,7.94676
6.36958,0.00709043,7.92823
6.35697,0.0101348,7.92274
6.42178,0.00522431,7.98928
6.35355,0.00679434,7.89733
6.39906,0.014472,7.94779
6.36706,0.0105943,7.92638
6.36208,0.00535628,7.90757
6.37236,0.0051923,7.91723
6.33084,0.00613279,7.88888
6.26346,0.00533192,7.79373
6.4188,0.00647422,7.97194
6.34338,0.00530084,7.90743
6.39931,0.00532664,7.94684
6.24557,0.00527782,7.80145
6.41691,0.00851222,7.97374
6.33816,0.0052575,7.88575
6.32252,0.00685013,7.87441
6.39948,0.0146742,7.94977
6.32289,0.00526115,7.88969
6.36307,0.00876335,7.91279
6.23895,0.00858784,7.81227
6.54214,0.00526613,8.08025
6.29567,0.00662502,7.835
6.25807,0.0132613,7.80831
6.26756,0.0144295,7.82128
6.33217,0.00531566,7.87569
6.40674,0.00668803,7.9551
6.342,0.0158606,7.93344
6.28884,0.00523087,7.83997
6.40783,0.00678637,7.95941
6.26573,0.0148186,7.84697
6.32779,0.0143613,7.88738
6.27407,0.00915177,7.81624
6.38107,0.00539038,7.95532
6.24042,0.00880467,7.81604
6.35301,0.00890338,7.90602
6.40455,0.00686009,7.95678
6.43761,0.0137882,8.00977
6.44102,0.00527621,7.99903
6.40702,0.00680894,7.96828
8 threads per task
6.35401,0.00527093,7.90746
6.38174,0.0066601,7.93685
6.3969,0.00526368,7.93305
6.28477,0.00553368,7.83237
6.3085,0.00533735,7.85862
6.3235,0.00521744,7.86852
6.39756,0.00520192,7.94584
6.43952,0.00542328,7.98367
6.67516,0.00500815,8.22595
6.57077,0.00532796,8.13053
6.36803,0.00514493,7.91813
6.22498,0.00394726,7.79118
6.26497,0.00517548,7.80453
6.34895,0.00403152,7.90733
6.38058,0.00532213,7.92009
6.31728,0.00505861,7.86936
6.33058,0.00682038,7.87505
6.22506,0.00669836,7.76483
6.312,0.00534916,7.86582
6.34707,0.00541372,7.91428
6.38657,0.00590638,7.93296
6.37951,0.00718158,7.92049
6.44744,0.00540087,7.9938
6.32082,0.00559418,7.88631
6.21724,0.00681417,7.76579
6.26638,0.00522208,7.83009
6.32182,0.00562371,7.87892
6.30649,0.00517422,7.86332
6.39829,0.00526568,7.96568
6.40872,0.0051501,7.96535
6.41729,0.00678752,7.98977
6.38886,0.00522993,7.93959
6.35456,0.00539398,7.89664
6.60945,0.00531515,8.14651
6.29677,0.00679186,7.84511
6.3317,0.00513914,7.86695
6.38842,0.00536244,7.94431
6.24553,0.0054061,7.80755
6.42398,0.00516865,7.97191
6.26103,0.00526316,7.80861
6.605,0.00539396,8.14076
6.3655,0.00409825,7.9123
6.2814,0.00533634,7.82857
6.3386,0.00673682,7.90437
6.32642,0.0053749,7.89282
6.37853,0.00685671,7.93377
6.36104,0.00606955,7.89962
6.3685,0.00710501,7.94023
6.24384,0.0067004,7.78208
6.31433,0.00545037,7.86747
6.35868,0.00540617,7.91274
