Bash version 4.2.46(1)-release...
1 tasks per node
1 threads per task
6.78828,0.00512269,8.42611
6.19817,0.00519494,7.83372
6.12567,0.00508926,7.76396
6.20816,0.00559977,7.84607
6.18053,0.00504748,7.81663
6.27471,0.00503093,7.91051
6.17335,0.00498191,7.8101
6.10741,0.00521614,7.74321
6.37499,0.00524701,8.01153
6.2594,0.00507627,7.89589
6.10287,0.00516484,7.73939
6.17076,0.00516108,7.80647
6.10022,0.00513629,7.73468
6.15845,0.00577468,7.79465
6.08218,0.00498476,7.71859
6.42911,0.00514481,8.06519
6.44334,0.00599901,8.0813
6.42097,0.00498465,8.05721
6.14913,0.00498284,7.78634
6.14081,0.00516963,7.77586
6.17146,0.00499074,7.80768
6.24594,0.00508164,7.88302
6.23765,0.00508633,7.87393
6.19463,0.00499284,7.83093
6.14544,0.00510465,7.78383
6.08541,0.00548407,7.72323
6.13963,0.00495976,7.77448
6.10708,0.00563646,7.74338
6.19304,0.00512584,7.82803
6.38982,0.00496276,8.02715
6.24511,0.00517845,7.88313
6.17004,0.00525874,7.80635
6.18717,0.00507919,7.82292
6.47099,0.00502948,8.10812
6.08743,0.00544588,7.72523
6.33171,0.00498848,7.9667
6.28613,0.00506473,7.92275
6.1082,0.00508233,7.74384
6.15377,0.0050228,7.78832
6.32137,0.00500993,7.95818
6.06335,0.00514092,7.6999
6.0736,0.00507401,7.70911
6.25784,0.00515398,7.89358
6.2485,0.0050097,7.88464
6.10617,0.00521361,7.74281
6.10055,0.00508759,7.73696
6.30017,0.00528558,7.93687
6.20444,0.00554269,7.8412
6.2002,0.00498773,7.83788
6.11801,0.0050818,7.75458
6.10911,0.00544765,7.74478
2 threads per task
6.47844,0.00378893,8.11274
6.18528,0.00374309,7.82071
6.07635,0.0037711,7.71218
6.23919,0.00366504,7.87436
6.44037,0.00371347,8.07654
6.19835,0.00377943,7.83221
6.21649,0.00375494,7.8514
6.17473,0.00370307,7.81048
6.23879,0.00400103,7.87321
6.21793,0.00376009,7.85055
6.08021,0.00374679,7.71501
6.09254,0.0039051,7.72764
6.19454,0.00373166,7.82913
6.11274,0.00396836,7.74737
6.0817,0.00369685,7.71672
6.2187,0.00380507,7.85251
6.27021,0.0037311,7.90466
6.13585,0.00370766,7.77193
6.2463,0.0038379,7.88142
6.17645,0.00370463,7.8131
6.26601,0.00377063,7.90059
6.10098,0.00370211,7.73616
6.19503,0.00382525,7.83078
6.32199,0.00383027,7.95676
6.16811,0.003733,7.80249
6.20775,0.0037711,7.84306
6.2118,0.00382603,7.84563
6.19704,0.00376767,7.83036
6.17537,0.00395002,7.80965
6.11722,0.00366858,7.75081
6.08579,0.00369098,7.72005
6.09225,0.00430412,7.72741
6.32354,0.00416358,7.95827
6.09851,0.00374781,7.73455
6.12297,0.00380191,7.76092
6.22895,0.00383797,7.86442
6.10177,0.00368911,7.73672
6.17104,0.00371992,7.80623
6.43682,0.0038318,8.07067
6.28264,0.00418774,7.91611
6.07531,0.00409407,7.71009
6.19558,0.00422343,7.83012
6.16181,0.0036733,7.79677
6.17602,0.0038464,7.81064
6.18283,0.00392819,7.81786
6.19847,0.00379988,7.83194
6.37229,0.00373186,8.00666
6.06624,0.00381614,7.70054
6.17918,0.00376317,7.81308
6.08945,0.0037381,7.72434
6.22394,0.00386649,7.85843
3 threads per task
6.26156,0.00290179,7.89572
6.14114,0.00290999,7.77491
6.28195,0.00346004,7.91613
6.27592,0.00290941,7.91018
6.21337,0.00296147,7.84712
6.27337,0.00299721,7.90932
6.42327,0.00294205,8.05719
6.18783,0.00292853,7.82147
6.18887,0.0028799,7.82323
6.23121,0.0030018,7.86492
6.313,0.00301203,7.94903
6.15164,0.00287388,7.78593
6.23579,0.0028642,7.86981
6.16175,0.00350649,7.79727
6.1182,0.00293505,7.75159
6.22122,0.00315843,7.85438
6.19631,0.0029341,7.83096
6.10407,0.00289133,7.73873
6.20293,0.00458713,7.84058
6.15449,0.00292098,7.78889
6.10786,0.00293405,7.7433
6.23245,0.00291588,7.86602
6.07364,0.00288799,7.70939
6.10341,0.00297227,7.7385
6.09859,0.00289427,7.73255
6.19369,0.00286288,7.82831
6.10685,0.00289097,7.74083
6.17454,0.00299607,7.80605
6.08848,0.00296073,7.72328
6.20499,0.00302796,7.84048
6.32231,0.00346484,7.95658
6.06481,0.00327736,7.69918
6.2116,0.0029306,7.84526
6.24314,0.00291928,7.8768
6.21163,0.00289484,7.84585
6.20074,0.00351209,7.8364
6.19124,0.00318584,7.82425
6.16351,0.00291989,7.798
6.19637,0.00299652,7.83058
6.13259,0.00296285,7.76507
6.19881,0.00341013,7.83316
6.19845,0.00294117,7.83165
6.13304,0.00303177,7.76553
6.225,0.00289357,7.8587
6.19365,0.00285816,7.82786
6.1961,0.0045499,7.83115
6.30825,0.00301807,7.94309
6.08148,0.00295806,7.71556
6.22661,0.00302296,7.86318
6.29219,0.00291515,7.92551
6.25405,0.0028881,7.88839
4 threads per task
6.27454,0.00259903,7.90796
6.12527,0.00235638,7.75798
6.10737,0.00244123,7.74048
6.11517,0.00260331,7.74847
6.13627,0.00249396,7.76778
6.26077,0.00239706,7.89481
6.08303,0.00236099,7.71596
6.15501,0.00237539,7.78757
6.24932,0.00251008,7.88208
6.17324,0.00249525,7.80826
6.30507,0.00250104,7.93973
6.25034,0.00239003,7.88594
6.48886,0.00239125,8.12371
6.18367,0.00239748,7.81784
6.14728,0.00247242,7.78122
6.14649,0.00251424,7.77952
6.18112,0.00261711,7.81318
6.09637,0.00278202,7.72912
6.08429,0.0024896,7.71762
6.17045,0.00244836,7.80314
6.25382,0.00239424,7.88987
6.21117,0.0024408,7.84636
6.25381,0.00246284,7.88664
6.18939,0.00244331,7.82361
6.09804,0.00239498,7.73351
6.25959,0.00247812,7.89265
6.08541,0.00272837,7.719
6.2037,0.00351448,7.83958
6.22081,0.00241486,7.85453
6.13827,0.00248619,7.77222
6.10509,0.00241212,7.7389
6.19893,0.00240909,7.83222
6.09964,0.00285545,7.73506
6.24752,0.00290512,7.88145
6.19241,0.00245142,7.82605
6.20426,0.00239109,7.83737
6.19604,0.00260518,7.82971
6.23412,0.00252206,7.86695
6.10268,0.00248714,7.73595
6.18647,0.00237422,7.81918
6.17823,0.00243394,7.81324
6.13711,0.00246127,7.77199
6.18611,0.00245532,7.82164
6.24799,0.00249533,7.88356
6.30215,0.00250792,7.93704
6.25031,0.00242103,7.8867
6.0753,0.00251707,7.70915
6.08297,0.00297576,7.71625
6.11709,0.00275124,7.75156
6.24001,0.00249801,7.87175
6.23857,0.00245012,7.8726
5 threads per task
6.14516,0.00209122,7.77769
6.15727,0.00199508,7.79097
6.10838,0.0021411,7.74077
6.12366,0.00211096,7.75823
6.10562,0.00214822,7.73694
6.16891,0.00247381,7.80337
6.15744,0.00215414,7.79088
6.09573,0.00245915,7.7295
6.26342,0.00220477,7.89967
6.19173,0.00201007,7.82493
6.25241,0.002225,7.88649
6.21922,0.00216253,7.85361
6.14708,0.00213955,7.78081
6.15757,0.00201605,7.78991
6.22087,0.00266334,7.85483
6.18808,0.00221765,7.82296
6.22695,0.00250255,7.86168
6.17656,0.00197718,7.81076
6.24404,0.00234343,7.87818
6.41971,0.00210091,8.05421
6.07598,0.00208471,7.70905
6.31566,0.0021562,7.94868
6.22378,0.00199022,7.85992
6.35937,0.00217014,7.99262
6.22804,0.00209031,7.86248
6.07544,0.00201063,7.70894
6.2998,0.00213549,7.93188
6.34901,0.00214059,7.98284
6.30854,0.00234169,7.94123
6.1532,0.00220444,7.7858
6.14385,0.00198418,7.77638
6.10655,0.00197042,7.74192
6.31678,0.00198601,7.95213
6.07952,0.0021844,7.713
6.20368,0.00215369,7.83835
6.15591,0.00196854,7.79075
6.22665,0.00216026,7.86079
6.21115,0.00195633,7.84459
6.53933,0.00217883,8.17301
6.15882,0.00215626,7.79258
6.16456,0.00205203,7.79767
6.15106,0.00208474,7.78342
6.24534,0.00204044,7.87859
6.15242,0.00216892,7.7874
6.04751,0.00198032,7.68026
6.0819,0.00215936,7.71741
6.27319,0.00202389,7.90829
6.10208,0.00219715,7.7349
6.10996,0.00217771,7.74405
6.19836,0.00197663,7.83218
6.20886,0.00227128,7.84188
6 threads per task
6.09898,0.00188637,7.73212
6.25727,0.00178488,7.89039
6.15515,0.0019718,7.78673
6.18161,0.00172594,7.81478
6.17001,0.00229637,7.80229
6.25361,0.00172723,7.88547
6.2696,0.00171835,7.90338
6.21985,0.00217056,7.85292
6.18377,0.00175721,7.8166
6.31913,0.00176186,7.95277
6.22644,0.00197014,7.85876
6.1065,0.00171931,7.73998
6.07397,0.00190629,7.70753
6.20571,0.00191423,7.84044
6.39705,0.00191553,8.02961
6.11757,0.00171012,7.75016
6.26703,0.00171604,7.89917
6.05684,0.00180921,7.69109
6.20024,0.00188929,7.83544
6.18356,0.00182902,7.8157
6.2482,0.00193461,7.88245
6.1061,0.00181506,7.74029
6.0806,0.0019172,7.7157
6.20589,0.00190454,7.83968
6.40875,0.00181707,8.04139
6.19838,0.00231768,7.8315
6.12877,0.00191746,7.76395
6.20772,0.00203534,7.84279
6.23715,0.00181797,7.87043
6.199,0.00209559,7.83334
6.17901,0.00173329,7.8111
6.18831,0.00200241,7.82366
6.20715,0.00181211,7.84133
6.08376,0.00190671,7.71611
6.13297,0.00195605,7.76603
6.21506,0.00172599,7.84699
6.35135,0.00174798,7.98324
6.17899,0.00218932,7.81135
6.2353,0.00169385,7.8684
6.08969,0.00191135,7.72452
6.3248,0.00180528,7.95663
6.25328,0.00192247,7.88659
6.18526,0.00192012,7.81806
6.22233,0.00169259,7.85495
6.25021,0.00176226,7.88387
6.12462,0.00184504,7.75675
6.19135,0.00193234,7.82484
6.12216,0.00177222,7.75606
6.16566,0.00188351,7.7992
6.06621,0.00182599,7.69845
6.14018,0.00176245,7.77364
7 threads per task
6.06953,0.00177223,7.7007
6.09607,0.00154547,7.72806
6.47627,0.00176237,8.10855
6.30889,0.00178686,7.94107
6.2138,0.00177757,7.84646
6.0737,0.00160315,7.70751
6.37889,0.00165676,8.011
6.2265,0.00151735,7.85939
6.25256,0.00179237,7.88948
6.26343,0.00216046,7.89838
6.08932,0.00264449,7.72488
6.08335,0.00152059,7.71671
6.19279,0.00178636,7.82671
6.2474,0.00153097,7.87978
6.14856,0.00152498,7.78192
6.09739,0.00153494,7.73105
6.09228,0.00152947,7.72519
6.11707,0.00208713,7.75094
6.11995,0.00231497,7.75333
6.16868,0.00180548,7.80075
6.30719,0.00191239,7.93999
6.08628,0.0017695,7.7191
6.24758,0.00153128,7.88005
6.1596,0.00164256,7.79499
6.37626,0.00194812,8.00906
6.14664,0.00152511,7.77992
6.18434,0.00179918,7.8176
6.09428,0.00155837,7.72648
6.24848,0.0018059,7.88153
6.15135,0.00180747,7.78577
6.11234,0.00153972,7.74627
6.11158,0.00152515,7.74381
6.2452,0.00161625,7.87854
6.21938,0.00152198,7.85291
6.22347,0.00152326,7.85613
6.0638,0.00155223,7.69857
6.07965,0.00164038,7.71204
6.21602,0.00197596,7.85038
6.19299,0.00177715,7.82434
6.1521,0.00154343,7.78494
6.097,0.00153101,7.7297
6.19639,0.00225027,7.83134
6.20582,0.00157698,7.83993
6.10237,0.0015173,7.73645
6.15023,0.00162511,7.78382
6.18576,0.00152633,7.81798
6.09862,0.00161755,7.73085
6.14315,0.00154845,7.77585
6.10632,0.00184602,7.73866
6.22152,0.00157094,7.8531
6.14397,0.00181651,7.77698
8 threads per task
6.24916,0.00145235,7.88236
6.30182,0.00150548,7.93618
6.20404,0.00177419,7.83895
6.20611,0.0014539,7.83841
6.18749,0.00143648,7.82167
6.32442,0.00150562,7.95878
6.19779,0.0014675,7.82965
6.195,0.00149282,7.82753
6.20599,0.00203425,7.83913
6.21351,0.00144832,7.84684
6.75037,0.0025793,8.3829
6.09555,0.00142353,7.728
6.11173,0.00186902,7.74528
6.09246,0.00169138,7.72536
6.20434,0.00220317,7.83853
6.11995,0.00202634,7.75216
6.25504,0.00142965,7.88889
6.09559,0.00169921,7.73165
6.23493,0.00168636,7.86868
6.12916,0.00172486,7.76268
6.31036,0.00168442,7.94246
6.10502,0.00169128,7.73728
6.41431,0.00193631,8.0494
6.22776,0.00170135,7.8613
6.16891,0.00168313,7.80212
6.19982,0.00201924,7.83454
6.50572,0.00143411,8.13833
6.22428,0.00149031,7.85709
6.2672,0.0014116,7.89916
6.14343,0.00199407,7.77769
6.08556,0.00177525,7.71908
6.2268,0.00145343,7.86071
6.28465,0.00143651,7.917
6.09331,0.00170312,7.72527
6.17985,0.00150132,7.81121
6.08667,0.00181344,7.72113
6.18908,0.00139848,7.82278
6.24096,0.00140238,7.87334
6.22073,0.00219909,7.85377
6.17624,0.00158867,7.8096
6.10986,0.00147039,7.74392
6.09453,0.00144904,7.72865
6.11511,0.00144038,7.74657
6.17009,0.00142949,7.80346
6.10922,0.00169037,7.74343
6.0725,0.00186522,7.70524
6.19965,0.00228521,7.83362
6.158,0.00143222,7.78993
6.14041,0.00156585,7.77267
6.15628,0.00168639,7.78758
6.168,0.00168785,7.80079
2 tasks per node
1 threads per task
6.33488,0.00530204,7.769
6.08804,0.00537723,7.52312
6.18741,0.00519202,7.62439
6.19634,0.00526438,7.63119
6.17882,0.00501989,7.6138
6.18007,0.00567781,7.61608
6.13866,0.00529725,7.57297
6.16174,0.00504458,7.5967
6.24706,0.00521212,7.68175
6.19255,0.00505945,7.62771
6.15305,0.00524028,7.58699
6.13063,0.00520005,7.56556
6.18939,0.00519491,7.62449
6.14666,0.00521108,7.58269
6.37857,0.00525471,7.81286
6.20535,0.00518279,7.6408
6.17136,0.00553383,7.6072
6.2745,0.00525597,7.7104
6.23016,0.00534062,7.66648
6.11496,0.00509296,7.55017
6.15969,0.00505096,7.59533
6.19525,0.00510893,7.6302
6.09864,0.00513981,7.53323
6.18649,0.00546665,7.62172
6.18489,0.00576802,7.62234
6.05425,0.00517218,7.49039
6.11916,0.00535668,7.55454
6.17291,0.00540093,7.60809
6.05096,0.0050968,7.48568
6.20884,0.0052033,7.64431
6.21599,0.00509457,7.65246
6.24173,0.00515549,7.6768
6.16648,0.00523606,7.60409
6.23348,0.00506076,7.66826
6.15342,0.00528418,7.5877
6.10985,0.00506489,7.54582
6.07659,0.00511188,7.51162
6.1869,0.00532758,7.62191
6.07784,0.00523608,7.51267
6.2749,0.0051589,7.70979
6.1146,0.00541662,7.55103
6.1608,0.00521177,7.59672
6.07596,0.0052659,7.5131
6.18206,0.00515817,7.61647
6.17829,0.00537783,7.6139
6.12231,0.00526412,7.55769
6.08937,0.00502909,7.52432
6.28084,0.0053354,7.71459
6.18597,0.00511289,7.62176
6.15797,0.00514013,7.59261
6.18737,0.00520578,7.62257
2 threads per task
6.07227,0.00393442,7.50597
6.2378,0.00372589,7.67092
6.20321,0.0038386,7.636
6.25532,0.0038347,7.68982
6.18113,0.0037128,7.6155
6.22667,0.00380803,7.66185
6.21097,0.00403121,7.64524
6.45903,0.00395197,7.89363
6.09903,0.00395666,7.53245
6.11067,0.0038342,7.54609
6.18508,0.00380758,7.61754
6.1716,0.00380596,7.60574
6.26367,0.00384885,7.69767
6.19245,0.0037881,7.62668
6.16964,0.00416209,7.60757
6.06061,0.00375765,7.49482
6.12659,0.0039856,7.5604
6.19271,0.0037981,7.62665
6.08053,0.00389389,7.51413
6.37594,0.0037678,7.8091
6.06462,0.00385438,7.49847
6.20833,0.00379206,7.64186
6.04977,0.00373832,7.48377
6.18451,0.00390755,7.61768
6.21721,0.00378402,7.65007
6.15689,0.00381891,7.5906
6.21958,0.00394286,7.65332
6.12032,0.0037159,7.55343
6.22942,0.0039933,7.66312
6.17377,0.00381669,7.60659
6.16366,0.00399616,7.59663
6.20639,0.00385391,7.64171
6.35769,0.0038389,7.79166
6.1751,0.00389478,7.60978
6.16257,0.00442913,7.59711
6.10013,0.00386682,7.53266
6.17841,0.00387154,7.61302
6.11552,0.00380267,7.55014
6.28202,0.00396797,7.71663
6.1156,0.00381991,7.55008
6.17686,0.00384573,7.61092
6.06187,0.00417295,7.49576
6.19479,0.00372474,7.62878
6.17505,0.00385599,7.60919
6.16517,0.00417472,7.5992
6.19246,0.00388074,7.62611
6.244,0.00401847,7.68039
6.16233,0.00374686,7.59767
6.14395,0.00379305,7.57749
6.18335,0.00390988,7.6161
6.12112,0.00381678,7.55538
3 threads per task
6.07521,0.00294704,7.5084
6.20019,0.00306983,7.63299
6.07608,0.00291799,7.50984
6.2331,0.00337089,7.66811
6.21632,0.00316608,7.65099
6.18594,0.00354163,7.61923
6.20846,0.00303303,7.64107
6.17297,0.00311652,7.60525
6.20942,0.00316362,7.64148
6.25445,0.00304892,7.68875
6.06247,0.0030109,7.49455
6.0462,0.00296921,7.4796
6.19104,0.00320495,7.62615
6.15746,0.00298442,7.59035
6.19368,0.00297376,7.62767
6.16983,0.00303882,7.60253
6.24676,0.00308512,7.67879
6.28374,0.00293852,7.717
6.21072,0.00312819,7.64589
6.12303,0.00291166,7.55684
6.14381,0.00304097,7.57715
6.07716,0.00283694,7.50982
6.0819,0.00292056,7.51543
6.19368,0.00289156,7.6259
6.12709,0.00293293,7.55989
7.05113,0.00297842,8.48422
6.0948,0.00291908,7.52857
6.19222,0.00315687,7.62552
6.08518,0.00291591,7.51811
6.21011,0.00297255,7.64337
6.01465,0.00294369,7.44785
6.2046,0.00309072,7.6374
6.06701,0.00297546,7.50143
6.22245,0.00295587,7.65592
6.14223,0.002936,7.57483
6.18041,0.00305861,7.61291
6.07856,0.00295882,7.51177
6.27451,0.00298627,7.70783
6.13505,0.0029542,7.56916
6.11337,0.00295168,7.54723
6.17473,0.00292556,7.61068
6.19195,0.00326533,7.62534
6.40178,0.00296301,7.83519
6.20159,0.00300502,7.63424
6.36943,0.00348385,7.80299
6.2803,0.00288478,7.71476
6.06352,0.00306398,7.49562
6.21019,0.00291169,7.64302
6.14561,0.00298987,7.57847
6.18781,0.00293582,7.62163
6.18931,0.00300799,7.62237
4 threads per task
6.18067,0.00243083,7.61391
6.16582,0.00253707,7.59776
6.07982,0.00238573,7.51296
6.19693,0.00250904,7.62839
6.21359,0.00243347,7.64571
6.20386,0.00240217,7.63672
6.16562,0.00238799,7.59826
6.22146,0.00259885,7.65304
6.03961,0.00246175,7.47123
6.19289,0.00266536,7.62485
6.19315,0.00243388,7.62541
6.07083,0.0024379,7.50346
6.07298,0.00235164,7.50477
6.11966,0.00266893,7.55284
6.11245,0.00252993,7.54548
6.20348,0.0024358,7.63697
6.17306,0.00250294,7.60503
6.10533,0.00225868,7.53909
6.06537,0.00251499,7.49745
6.22572,0.00237791,7.65682
6.06318,0.00242417,7.49657
6.08435,0.00288495,7.51636
6.2395,0.0025517,7.67383
6.13357,0.00238495,7.56555
6.10574,0.00244793,7.53883
6.18474,0.00254947,7.61621
6.17588,0.00240297,7.6093
6.05046,0.00239484,7.48363
6.15004,0.00246607,7.58326
6.09108,0.00247675,7.52316
6.18796,0.00308429,7.6233
6.20412,0.00243457,7.63643
6.15989,0.00243544,7.59312
6.16901,0.00243539,7.60144
6.11377,0.00240695,7.54667
6.24641,0.00235923,7.67781
6.10375,0.00243268,7.53703
6.17447,0.00253794,7.60836
6.20614,0.00265603,7.63797
6.36087,0.00280896,7.7935
6.18157,0.00248001,7.6145
6.12677,0.00287668,7.56009
6.19529,0.00245291,7.62834
6.19845,0.00247405,7.63047
6.07563,0.00241014,7.50788
6.11504,0.00256522,7.5487
6.08844,0.002475,7.52004
6.19735,0.00245301,7.62943
6.21158,0.00243064,7.64437
6.26292,0.00244908,7.69488
6.19165,0.00251566,7.62645
5 threads per task
6.06763,0.00198293,7.50171
6.20468,0.0021201,7.63588
6.08069,0.00211423,7.51342
6.13841,0.00197288,7.57078
6.05623,0.00201894,7.48906
6.03795,0.00198583,7.4691
6.40766,0.00212474,7.84019
6.20371,0.00198384,7.6353
6.21724,0.00198393,7.65005
6.18252,0.00224024,7.61402
6.22716,0.00207771,7.65826
6.16971,0.00230013,7.6024
6.16263,0.00198885,7.59507
6.08837,0.00210887,7.52075
6.18814,0.00201186,7.62089
6.06353,0.00200278,7.49617
6.19821,0.00221186,7.62974
6.26387,0.00211321,7.69646
6.15457,0.00201873,7.58714
6.08371,0.00213386,7.51522
6.19136,0.00224497,7.62457
6.20333,0.002022,7.63535
6.20943,0.00210304,7.64286
6.31473,0.00210124,7.7468
6.2721,0.00212831,7.70423
6.46379,0.002127,7.89737
6.13116,0.00224466,7.56394
6.05867,0.00224951,7.49253
6.17538,0.00225479,7.60815
6.13073,0.00200549,7.56287
6.12771,0.00211053,7.55984
6.08366,0.00205136,7.51528
6.21344,0.00197499,7.64626
6.09096,0.00225171,7.52353
6.23031,0.00214894,7.66327
6.17699,0.00184193,7.60896
6.22212,0.00206608,7.65545
6.119,0.00198869,7.55098
6.22301,0.00198203,7.65452
6.13914,0.00208136,7.57225
6.17491,0.00274097,7.60851
6.08103,0.00211765,7.51329
6.30283,0.00205379,7.73412
6.30673,0.0023547,7.73942
6.25336,0.00201703,7.68549
6.15701,0.00199402,7.58927
6.16052,0.00204778,7.5921
6.09461,0.0021792,7.52607
6.22377,0.0022402,7.65581
6.10475,0.00205526,7.53772
6.1755,0.00214785,7.60905
6 threads per task
6.24744,0.00171713,7.67945
6.20038,0.00177771,7.63198
6.21113,0.00186876,7.64399
6.179,0.00199604,7.61175
6.14748,0.00164026,7.57851
6.09848,0.0017347,7.52944
6.09235,0.00183948,7.52379
6.21317,0.00209909,7.64631
6.08485,0.00237193,7.51794
6.0675,0.00186965,7.49858
6.19752,0.00194087,7.62857
6.24515,0.00177074,7.67775
6.19394,0.00179487,7.62619
6.23864,0.00172703,7.66968
6.18519,0.0018864,7.61749
6.10162,0.00183316,7.53286
6.07983,0.00170126,7.511
6.14433,0.00195572,7.57711
6.24365,0.00188403,7.67436
6.16304,0.00180625,7.59537
6.23931,0.00207143,7.67236
6.17268,0.00194969,7.60507
6.06119,0.00172002,7.49361
6.1673,0.00178343,7.6
6.07233,0.002041,7.50362
6.14982,0.00180703,7.58152
6.17566,0.00179045,7.60735
6.18703,0.00187236,7.62008
6.18033,0.00175694,7.61185
6.20219,0.00200092,7.63415
6.23422,0.0021182,7.66715
6.50171,0.00201311,7.93444
6.14252,0.00173282,7.57471
6.15225,0.00178398,7.58362
6.11638,0.00202538,7.54911
6.05475,0.00172844,7.48717
6.11367,0.00189981,7.54559
6.14021,0.00173379,7.57363
6.09265,0.00187814,7.52326
6.07514,0.00176976,7.50693
6.07924,0.00182217,7.51293
6.2107,0.00191032,7.64245
6.18308,0.00175393,7.6143
6.22401,0.00179554,7.65576
6.10587,0.00169829,7.53793
6.20534,0.00174452,7.63732
6.3977,0.00223899,7.83008
6.08986,0.00187545,7.52205
6.22248,0.00247214,7.65634
6.32603,0.001762,7.75704
6.26314,0.00186078,7.69538
7 threads per task
6.08341,0.0017435,7.51522
6.15179,0.00197123,7.5833
6.06804,0.00177385,7.50034
6.17406,0.00150712,7.60707
6.20657,0.00167588,7.64051
6.25152,0.00171763,7.68429
6.14166,0.00170709,7.57253
6.18914,0.00164112,7.62424
6.14231,0.00166913,7.57458
6.07107,0.0016632,7.50229
6.20569,0.00176504,7.63781
6.17816,0.00174599,7.61015
6.1999,0.00164076,7.63148
6.19559,0.00176162,7.62749
6.19249,0.00175403,7.62441
6.1684,0.00166498,7.6003
6.04631,0.00159076,7.47779
6.12445,0.00174818,7.55679
6.12535,0.00158699,7.5566
6.08816,0.00173254,7.52045
6.19987,0.00177156,7.63263
6.08302,0.00175493,7.51415
6.20421,0.00183701,7.63753
6.16419,0.00152312,7.59659
6.21332,0.00161965,7.64557
6.7811,0.00156389,8.21276
6.12466,0.00157502,7.55706
6.04937,0.00148794,7.48153
6.18465,0.00182688,7.61651
6.11538,0.00187333,7.54756
6.23602,0.00152703,7.66753
6.24977,0.00192945,7.68253
6.15849,0.0015659,7.58887
6.20954,0.00175639,7.64089
6.19523,0.00211531,7.62685
6.18723,0.00160385,7.61781
6.16767,0.0019779,7.59941
6.4023,0.00174194,7.83551
6.04548,0.00165028,7.47682
6.28482,0.00149846,7.71631
6.09811,0.00157804,7.52962
6.17396,0.00176922,7.60646
6.16764,0.00151828,7.59781
6.13728,0.00183721,7.5692
6.12402,0.00149523,7.5564
6.22769,0.00153184,7.66016
6.08036,0.0016931,7.51087
6.45678,0.00172498,7.88974
6.23304,0.00206945,7.66409
6.07125,0.00172056,7.50371
6.13651,0.00200268,7.56886
8 threads per task
6.33959,0.00182843,7.77122
6.09607,0.00150874,7.52733
6.17272,0.00150418,7.60407
6.13673,0.00150497,7.56809
6.21613,0.00138892,7.64722
6.13816,0.00164673,7.57116
6.10067,0.0014428,7.5313
6.13028,0.00195237,7.56312
6.13139,0.00147222,7.56248
6.14057,0.00140466,7.5718
6.12471,0.0014082,7.55798
6.1317,0.00153533,7.56271
6.10383,0.00179913,7.53574
6.06644,0.00146474,7.49912
6.18598,0.0014509,7.61691
6.04957,0.00165217,7.48208
6.20675,0.00168716,7.63979
6.18112,0.0015619,7.61308
6.07355,0.00151526,7.50496
6.18534,0.00139859,7.61696
6.23363,0.00164037,7.6654
6.15061,0.00176769,7.58304
6.22527,0.00180254,7.65818
6.06934,0.001534,7.50211
6.13773,0.00141457,7.56963
6.09796,0.00140818,7.52992
6.0773,0.0014317,7.5094
6.17444,0.00196196,7.60656
6.39292,0.00141216,7.82453
6.18703,0.0016443,7.61804
6.21436,0.00163145,7.64622
6.41125,0.00163157,7.84395
6.05544,0.00140609,7.48697
6.20124,0.00166154,7.63416
6.08898,0.00169993,7.52156
6.07219,0.00139766,7.50292
6.25407,0.00140326,7.68583
6.20389,0.0019522,7.6366
6.0675,0.0016505,7.49888
6.19749,0.00167723,7.62988
6.18814,0.00138855,7.61904
6.05751,0.00149499,7.48801
6.09606,0.00167014,7.52663
6.17322,0.00164605,7.60498
6.15916,0.00142447,7.59063
6.15624,0.00137805,7.58819
6.0578,0.00151567,7.49061
6.23949,0.00200906,7.67095
6.08896,0.00140711,7.51983
6.17387,0.0014081,7.60673
6.13452,0.00141247,7.56734
3 tasks per node
1 threads per task
6.29833,0.00493847,7.16853
6.34689,0.00509062,7.21774
6.48128,0.00495164,7.35157
6.49571,0.00497749,7.3655
6.36332,0.00553668,7.24083
6.29991,0.0050106,7.17026
6.24089,0.00496869,7.11221
6.29553,0.00523953,7.16579
6.34161,0.00514214,7.21223
6.37251,0.00509474,7.24244
6.38999,0.00492459,7.25921
6.29592,0.00511438,7.16584
6.3877,0.00510252,7.25701
6.31311,0.00516509,7.18225
6.59365,0.0053445,7.46365
6.56965,0.00504749,7.44033
6.2493,0.00486202,7.11852
6.62744,0.00500752,7.4973
6.40944,0.00587293,7.28034
6.31462,0.00593102,7.18497
6.34748,0.00503286,7.21775
6.28249,0.00534748,7.15195
6.39321,0.00558256,7.27143
6.24029,0.00507364,7.11244
6.35004,0.00510698,7.22789
6.25866,0.00546454,7.1288
6.47315,0.00508638,7.34287
6.39222,0.00522464,7.26203
6.26062,0.00569146,7.13154
6.33599,0.00505974,7.20685
6.43032,0.00493471,7.30013
6.38466,0.00500379,7.25475
6.35692,0.0049616,7.22598
6.36409,0.00515717,7.23398
6.37643,0.00505835,7.24594
6.7485,0.00524878,7.61916
6.32038,0.00502761,7.19
6.49003,0.00496157,7.35975
6.37641,0.00500066,7.2462
6.37316,0.00494483,7.24348
6.39065,0.00510119,7.26084
6.37503,0.00529292,7.24457
6.38944,0.0050783,7.25933
6.25785,0.00504075,7.12762
6.38617,0.00500242,7.25634
6.35887,0.00506526,7.23507
6.42046,0.00607241,7.29667
6.40288,0.00509196,7.27325
6.30867,0.00536527,7.18102
6.35282,0.0049625,7.2232
6.31352,0.00494879,7.18325
2 threads per task
6.26251,0.00369672,7.13507
6.37599,0.00377695,7.24448
6.38579,0.00378711,7.25521
7.8265,0.00367999,8.69588
6.29738,0.00371085,7.1659
6.34999,0.00375201,7.21895
6.36724,0.00369388,7.23655
6.40595,0.00493458,7.27626
6.29615,0.00366879,7.1648
6.36638,0.00405375,7.2352
6.24972,0.00377505,7.11919
6.4615,0.0037923,7.32996
6.57352,0.00378361,7.44156
6.60626,0.00372279,7.47449
6.42015,0.00387488,7.28873
6.28673,0.00351975,7.15531
6.32228,0.00372591,7.19048
6.32607,0.00369881,7.19701
6.37266,0.00370068,7.24626
6.27696,0.00375277,7.14588
6.27203,0.00370804,7.14065
6.36003,0.00372537,7.22918
6.41357,0.00370299,7.28535
6.27306,0.0037828,7.14154
6.29887,0.00360398,7.16735
6.26543,0.00367335,7.13406
6.32984,0.00373071,7.19845
6.357,0.00374777,7.22573
6.27638,0.00368883,7.14473
6.50276,0.00372371,7.37187
6.26111,0.00448569,7.13036
6.34757,0.00379737,7.21633
6.36617,0.00370997,7.23928
6.37032,0.00375387,7.24122
6.26228,0.00360383,7.13116
6.46668,0.00369273,7.33522
6.32789,0.00409787,7.19738
6.35624,0.00377668,7.22577
6.31928,0.00363786,7.19164
6.28502,0.00359727,7.15321
6.33292,0.00495256,7.2026
6.45469,0.0041541,7.3243
6.42498,0.0040817,7.29373
6.30136,0.00378528,7.17014
6.40204,0.00363969,7.27088
6.42955,0.00381945,7.29889
6.37594,0.0036975,7.24671
6.25904,0.00362204,7.12723
6.26577,0.00371884,7.14126
6.45821,0.00379848,7.33458
6.39602,0.00379629,7.26356
3 threads per task
6.36588,0.00287082,7.23381
6.26448,0.00352077,7.13332
6.66798,0.00285692,7.53566
6.92,0.00288671,7.78804
6.24862,0.00289973,7.11648
6.35493,0.00337708,7.22319
6.43643,0.00293456,7.30395
6.35685,0.00297566,7.23229
6.28344,0.00292978,7.15206
6.29293,0.00288383,7.16127
6.42014,0.00286856,7.28818
6.25028,0.00361423,7.11902
6.40457,0.00290992,7.27278
6.39303,0.00317091,7.26026
6.4171,0.00364998,7.28565
6.41023,0.00298376,7.27868
6.31199,0.0028148,7.17946
6.47097,0.00372991,7.33938
6.2828,0.00351035,7.15145
6.24875,0.00287293,7.11796
6.393,0.0029712,7.26117
6.34652,0.00287996,7.21484
6.36086,0.00287468,7.22903
6.25015,0.00288171,7.11768
6.27765,0.0028821,7.14548
6.34598,0.00292597,7.21435
6.31694,0.002808,7.18534
6.26708,0.00265903,7.13496
6.39627,0.00291281,7.27217
6.34183,0.00298572,7.20929
6.25724,0.00293115,7.12539
6.25718,0.00288669,7.12493
6.37882,0.00276989,7.25457
6.25306,0.00296677,7.12064
6.43504,0.00305726,7.30234
6.40787,0.00316376,7.2758
6.39443,0.00291315,7.27005
6.37161,0.00296754,7.24675
6.36959,0.00281581,7.24543
6.3742,0.00293223,7.24243
6.32901,0.00292089,7.19913
6.39663,0.00288267,7.26361
6.31662,0.00297072,7.18384
6.60413,0.00302072,7.473
6.35098,0.00290912,7.22243
6.45017,0.0029262,7.31868
6.37968,0.0033709,7.24852
6.2283,0.00293545,7.09659
6.26783,0.00287991,7.13532
6.56312,0.00305135,7.43081
6.38243,0.00290585,7.25002
4 threads per task
6.39849,0.00243704,7.26564
6.40982,0.00237951,7.27757
6.32179,0.00246388,7.19043
6.4231,0.00231536,7.28987
6.35236,0.00240157,7.21946
6.2381,0.00265538,7.10478
6.36812,0.00241126,7.23553
6.37726,0.00244265,7.24454
6.60645,0.0023207,7.47377
6.23724,0.00237967,7.10412
6.27858,0.00248987,7.14552
6.43887,0.0025307,7.30561
6.2958,0.00240705,7.16409
6.3929,0.00236006,7.26848
6.24922,0.00239666,7.11617
6.36208,0.00224074,7.23014
6.46399,0.00243683,7.33173
6.27651,0.00238643,7.14441
6.51301,0.00258174,7.37984
6.32012,0.00260121,7.18773
6.24714,0.00230615,7.11408
6.25647,0.00238411,7.12437
6.29027,0.00247713,7.15678
6.23778,0.00246904,7.10529
6.51191,0.00272049,7.37963
6.34153,0.00264247,7.20874
6.28485,0.00244783,7.15283
6.45713,0.00256563,7.33026
6.37289,0.0033838,7.24099
6.36647,0.00259257,7.23399
6.25071,0.00248374,7.11796
6.3169,0.00311906,7.19308
6.5104,0.00251508,7.37808
6.36326,0.00243757,7.23047
6.26554,0.00243877,7.1336
6.23016,0.00278459,7.09841
6.38269,0.00247649,7.25027
6.32122,0.00368783,7.18969
6.39201,0.00247372,7.25837
6.30902,0.00240951,7.17689
6.35445,0.00237107,7.22958
6.4164,0.0024208,7.28387
6.43209,0.00236781,7.29974
6.35903,0.00240853,7.22575
6.34797,0.00239674,7.21535
6.37103,0.00238922,7.23878
6.27688,0.00265047,7.14451
6.36193,0.00242778,7.22955
6.32125,0.00241254,7.1887
6.35199,0.0024327,7.21937
6.36423,0.00239689,7.23184
5 threads per task
6.40602,0.00531715,7.28344
6.24913,0.00564041,7.11988
6.38177,0.00464421,7.25137
6.43434,0.00445289,7.31065
6.36541,0.00382302,7.23415
7.8381,0.00650482,8.71025
6.24475,0.00574608,7.11618
6.36432,0.00417516,7.23296
6.23022,0.00573343,7.09986
6.27612,0.00571257,7.14708
6.2422,0.00640215,7.11398
6.58276,0.00426126,7.45165
6.39988,0.00531509,7.26993
6.26296,0.00528865,7.13281
6.38319,0.00573269,7.25414
6.24466,0.00612748,7.12433
6.41071,0.00480504,7.28067
6.40736,0.00538524,7.27751
6.29702,0.00395952,7.1672
6.28007,0.00562156,7.15088
6.41251,0.00573621,7.2837
6.39567,0.00550535,7.26647
6.49717,0.0039297,7.36599
6.46383,0.00497726,7.33369
6.31238,0.00426717,7.18173
6.25142,0.00539055,7.12191
6.23918,0.00521047,7.10984
6.31711,0.00368149,7.18615
6.50953,0.00463073,7.37934
6.38503,0.00336817,7.25349
6.37398,0.00435691,7.25195
6.3593,0.00563498,7.23796
6.36314,0.00571675,7.2347
6.37092,0.00567943,7.2418
6.27383,0.0060869,7.14549
6.25812,0.0056256,7.12831
6.55647,0.00497144,7.42663
6.34548,0.0152938,7.23213
6.32449,0.00455642,7.20038
6.56465,0.00465339,7.4345
6.33411,0.00567865,7.20507
6.33011,0.00505653,7.20572
6.37078,0.00641869,7.24264
6.26844,0.00383712,7.13786
6.58884,0.00399799,7.45745
6.6779,0.00391816,7.54703
6.4466,0.00401075,7.31582
6.43737,0.00428149,7.30692
6.3743,0.0053387,7.24461
6.61149,0.00533143,7.48143
6.29506,0.00405052,7.16411
6 threads per task
6.38284,0.00461598,7.25302
6.51347,0.00594337,7.38419
6.36863,0.00615602,7.23965
6.38166,0.00612411,7.25324
6.23941,0.00502067,7.10938
6.35855,0.00541171,7.22855
6.29504,0.00600697,7.16585
6.31344,0.00577603,7.1844
6.38269,0.00424391,7.25542
6.42098,0.00481077,7.29058
6.36496,0.00506599,7.23623
6.39927,0.00574778,7.27023
6.35346,0.00525495,7.22384
6.46158,0.00589384,7.33641
6.36783,0.00568122,7.23865
6.37056,0.00431729,7.23916
6.26395,0.00431672,7.1332
6.3437,0.00634064,7.21453
6.38398,0.00549473,7.25475
6.2611,0.00430542,7.13027
6.38941,0.00574012,7.26056
6.36067,0.00556678,7.2325
6.3696,0.00582292,7.24013
6.26754,0.00528094,7.1385
6.32707,0.00576467,7.19768
6.31326,0.00637901,7.18436
6.44281,0.00418609,7.31091
6.39621,0.00526961,7.26721
6.41499,0.00560012,7.28524
6.35974,0.00453423,7.22929
6.33853,0.00525118,7.20917
6.38947,0.0034955,7.25845
6.34235,0.00520414,7.22199
6.35996,0.0047735,7.22965
6.41093,0.00416053,7.28002
6.26255,0.00499119,7.13354
6.35335,0.00642413,7.22511
6.37294,0.00570499,7.24916
6.39213,0.00871807,7.26731
6.37286,0.00695612,7.24439
6.30074,0.00536679,7.17111
6.26591,0.00615608,7.14481
6.4234,0.00576343,7.29404
6.31832,0.00583298,7.18908
6.37831,0.0050229,7.25282
6.3861,0.00594888,7.25777
6.35368,0.00503009,7.22341
6.37023,0.00344167,7.23848
6.27499,0.00617684,7.14673
6.37165,0.00545414,7.2496
6.35408,0.00644416,7.22612
7 threads per task
6.42598,0.00504898,7.29641
6.42939,0.0048266,7.29927
6.50366,0.0155626,7.38502
6.33657,0.00580812,7.20765
6.46928,0.00511632,7.34005
6.59886,0.00454204,7.46865
6.3949,0.00484204,7.26432
6.26838,0.00496149,7.14575
6.36697,0.00589635,7.24225
6.33444,0.00499005,7.20492
6.31634,0.00705249,7.18954
6.44663,0.00652751,7.31833
6.34127,0.00481415,7.21127
6.27553,0.0047862,7.14517
6.3839,0.00915699,7.25812
6.33615,0.00497983,7.20707
6.68807,0.00525984,7.56037
6.28162,0.00516354,7.15132
6.30004,0.00482976,7.17106
6.25337,0.00502837,7.12392
6.4532,0.00510333,7.32303
6.40622,0.0048215,7.27569
6.36248,0.00471915,7.2319
6.60701,0.00478998,7.47902
6.42406,0.00463549,7.29418
6.25149,0.00554137,7.13006
6.39491,0.00532055,7.26496
6.46036,0.0048228,7.33055
6.28259,0.00464854,7.15235
6.25245,0.00475516,7.12113
6.31321,0.00457529,7.18294
6.33366,0.00608468,7.20587
6.41243,0.00585655,7.28364
6.3862,0.00481088,7.25681
6.38647,0.00498043,7.25689
6.60196,0.00563227,7.47206
6.24598,0.00495318,7.11645
6.27202,0.00495241,7.14136
6.60559,0.00562832,7.47634
6.60429,0.00946484,7.47828
6.42558,0.00537107,7.29571
6.40624,0.00692004,7.27773
6.27231,0.00647587,7.14356
6.38824,0.00495608,7.25832
6.2739,0.00505714,7.14384
6.37043,0.00511644,7.24131
6.25766,0.00473031,7.1267
6.36679,0.00495899,7.23697
6.2719,0.00483351,7.14303
6.59001,0.00510092,7.46063
6.44324,0.00497063,7.31475
8 threads per task
6.30979,0.00621596,7.18029
6.40939,0.0052219,7.27976
6.35982,0.00473597,7.22955
6.60753,0.00498147,7.47929
6.25793,0.00500065,7.1272
6.37232,0.00509032,7.24222
6.34003,0.00502766,7.21003
6.58838,0.00479132,7.45878
6.3775,0.00504426,7.24806
6.36142,0.00617636,7.23271
6.28709,0.00567998,7.15813
6.45814,0.00619653,7.33746
6.32928,0.00502354,7.19959
6.47509,0.00472118,7.35013
6.32606,0.00484728,7.19709
6.26102,0.00631201,7.13275
6.4099,0.00513859,7.27931
6.30366,0.0057962,7.17462
6.3594,0.00490583,7.22902
6.36839,0.0048821,7.23743
6.3643,0.00499059,7.23384
6.25684,0.00490461,7.12673
6.61229,0.00619087,7.48541
6.35932,0.0074135,7.23246
6.34021,0.00619591,7.21198
6.36688,0.00626586,7.23821
6.42717,0.00509971,7.29765
6.40797,0.00520712,7.27853
6.64346,0.00496903,7.51319
6.60158,0.00500938,7.47166
6.28875,0.00478488,7.15875
6.38843,0.00514195,7.26537
6.48019,0.005297,7.35087
6.33592,0.00518619,7.20982
6.35812,0.00501204,7.22746
6.32963,0.00469885,7.19906
6.35409,0.00492988,7.22425
6.26349,0.00501642,7.13339
6.33375,0.00478454,7.21155
6.36394,0.00631265,7.23505
6.40228,0.00477668,7.27214
6.426,0.00525502,7.30074
6.33432,0.00479394,7.2041
6.34783,0.00493145,7.2189
6.40286,0.00502541,7.27232
6.63038,0.00478391,7.50062
6.35602,0.00499219,7.22791
6.36932,0.0061971,7.24108
6.32075,0.00506557,7.19084
6.378,0.00483118,7.24794
6.37406,0.00671749,7.24604
4 tasks per node
1 threads per task
6.37593,0.00539549,7.24574
6.25578,0.00523287,7.12496
6.24762,0.00517894,7.11635
6.26258,0.00542323,7.1323
6.27856,0.00525355,7.14802
6.25401,0.00524556,7.1232
6.32574,0.00516447,7.1952
6.39755,0.00541243,7.26614
6.42873,0.00521788,7.2985
6.38063,0.00528857,7.24982
6.35948,0.00527592,7.22796
6.28241,0.00537331,7.15075
6.37966,0.00538974,7.24892
6.27454,0.00524221,7.14463
6.44166,0.00523508,7.313
6.30604,0.00539381,7.17517
6.26695,0.00523488,7.13639
6.3829,0.00748506,7.25435
6.34063,0.00519159,7.21147
6.28057,0.00531358,7.1503
6.23014,0.00540407,7.09978
6.36689,0.00542881,7.2449
6.23809,0.00539571,7.10695
6.29611,0.0052165,7.16626
6.38478,0.00524635,7.25471
6.25068,0.0052398,7.12339
6.27117,0.00524309,7.13995
6.39527,0.00527351,7.2644
6.37486,0.00552512,7.24622
6.38691,0.00525659,7.25618
6.28953,0.00527949,7.15886
6.47108,0.00526427,7.34058
6.48872,0.00575965,7.36068
6.25686,0.00525624,7.1256
6.2555,0.00536499,7.12393
6.30439,0.00560484,7.17392
6.34587,0.00617157,7.21669
6.35777,0.00523871,7.22749
6.40218,0.00530958,7.27159
6.43423,0.00522192,7.30371
6.25931,0.00526081,7.12842
6.22465,0.00528503,7.09337
6.38778,0.00528063,7.25675
6.37282,0.00516933,7.24165
6.36975,0.00524165,7.23961
6.23578,0.00531575,7.10422
6.31002,0.00523484,7.17881
6.37775,0.00508484,7.24658
6.59951,0.00530636,7.46943
6.46472,0.0052098,7.33402
6.24747,0.00539903,7.11626
2 threads per task
6.32205,0.00389346,7.19001
6.40386,0.00388293,7.27181
6.39439,0.00425483,7.26249
6.36844,0.00521456,7.23832
6.3124,0.00394767,7.18067
6.23442,0.0039341,7.10196
6.31681,0.00408213,7.18561
6.50521,0.00386581,7.3734
6.40258,0.00371683,7.27027
6.41047,0.00388373,7.27855
6.35252,0.00411278,7.22912
6.36227,0.00395274,7.22993
6.44924,0.00396297,7.31665
6.36392,0.00393141,7.23174
6.29143,0.00393353,7.16094
6.33336,0.00389944,7.20111
6.49582,0.00387435,7.36357
6.33074,0.00387391,7.19926
6.27997,0.00384888,7.14805
6.36215,0.00384935,7.23028
6.30982,0.00389171,7.17845
6.29565,0.00384396,7.1636
6.28493,0.00393082,7.15274
6.301,0.00397001,7.16899
6.35654,0.0039045,7.22532
6.38636,0.00385769,7.25499
6.29419,0.0038502,7.17027
6.33558,0.00406999,7.20305
6.37642,0.00418124,7.2444
6.39224,0.00384778,7.26058
6.38022,0.00388191,7.24842
6.24345,0.0038423,7.11215
6.36274,0.00388496,7.23149
6.25526,0.00387778,7.12375
6.26768,0.00389947,7.13631
6.35605,0.00388252,7.22399
6.35957,0.00394592,7.22785
6.3176,0.00383883,7.18522
6.40975,0.00387382,7.27733
6.41684,0.00392499,7.28503
6.35914,0.00401556,7.22765
6.34535,0.00388078,7.2136
6.42956,0.00408605,7.29721
6.37061,0.00387483,7.23888
6.40965,0.00375762,7.27764
6.33429,0.00393189,7.20266
6.29098,0.00386805,7.16091
6.31364,0.00384613,7.1824
6.38208,0.00392182,7.25119
6.37625,0.00387688,7.25239
6.32928,0.00392443,7.19632
3 threads per task
6.45809,0.00314883,7.32476
6.52642,0.00307952,7.3925
6.28001,0.0032059,7.14726
6.26976,0.00301057,7.13746
6.52992,0.00294239,7.39798
6.3404,0.00300668,7.20769
6.622,0.00304696,7.48913
6.38488,0.0031025,7.25177
6.31304,0.00300907,7.18065
6.36139,0.00312197,7.22822
6.23587,0.00302583,7.10349
6.46201,0.0030012,7.32932
6.29557,0.0030024,7.16273
6.31526,0.00341805,7.18334
6.34799,0.00328337,7.21515
6.43054,0.00301582,7.29793
6.328,0.00285083,7.20138
6.54416,0.00301501,7.41058
6.28664,0.00296432,7.15437
6.28859,0.00302532,7.15608
6.35232,0.00302295,7.21851
6.37356,0.00300651,7.24109
6.28915,0.0029817,7.15707
6.3593,0.00300469,7.22589
6.36621,0.00314733,7.23335
6.39196,0.00304752,7.259
6.3207,0.00297583,7.18758
6.33332,0.00302457,7.20046
6.37768,0.00299455,7.24497
6.25998,0.00308806,7.12692
6.53976,0.00308433,7.40688
6.28953,0.00309767,7.15702
6.2593,0.00391534,7.12775
6.29258,0.00294499,7.15997
6.24677,0.00320078,7.11345
6.25009,0.00304109,7.11724
6.38583,0.00307978,7.25373
6.38257,0.00310977,7.2504
6.30458,0.00305622,7.17213
6.23853,0.00307588,7.10573
6.58816,0.00304175,7.45424
6.37283,0.00353366,7.24107
6.5899,0.00305562,7.4568
6.35901,0.00301728,7.22721
6.27187,0.00311118,7.13951
6.27842,0.00301511,7.14464
6.33097,0.00300269,7.2069
6.39128,0.00303068,7.25809
6.24865,0.00436116,7.12324
6.37503,0.00302088,7.24213
6.4289,0.00424234,7.29861
4 threads per task
6.24311,0.00240363,7.11851
6.23831,0.00244021,7.10526
6.44597,0.00255897,7.31175
6.40339,0.00243517,7.27043
6.35004,0.00241659,7.21702
6.39217,0.00240567,7.25866
6.27191,0.00240922,7.13837
6.42679,0.00251267,7.30215
6.34206,0.00268444,7.20834
6.24744,0.00241583,7.11447
6.32436,0.00240241,7.18979
6.3723,0.0023948,7.24325
6.40203,0.00239436,7.26871
6.29664,0.00239363,7.16245
6.25304,0.00241359,7.12068
6.25981,0.00292866,7.12725
6.39002,0.00259652,7.2558
6.27708,0.002595,7.14352
6.39427,0.00288792,7.26158
6.51549,0.00234213,7.38222
6.23078,0.00240764,7.09817
6.39866,0.0025695,7.26564
6.27222,0.00244255,7.13879
6.53341,0.00239471,7.40032
6.40384,0.00297778,7.27118
6.27464,0.00243078,7.14127
6.33892,0.00240535,7.21447
6.25514,0.00248976,7.12096
6.32722,0.0023155,7.19326
6.25832,0.0025705,7.12473
6.51571,0.00270083,7.38364
6.31043,0.00264021,7.1846
6.31231,0.0024377,7.179
6.28953,0.00239393,7.15645
6.34754,0.00240487,7.21377
6.32452,0.00246416,7.19059
6.37635,0.00241372,7.24407
6.29768,0.00239368,7.16433
6.52393,0.00241655,7.39058
6.27749,0.00241986,7.14364
6.28382,0.00251824,7.14949
6.25968,0.00239902,7.12579
6.24398,0.0024285,7.11017
6.44972,0.00233765,7.3237
6.37314,0.00346026,7.24151
6.26595,0.00240262,7.13318
6.26745,0.00261092,7.13339
6.3649,0.00241878,7.23202
6.32489,0.00261835,7.19227
6.33127,0.00234534,7.19743
6.37624,0.00256567,7.24231
5 threads per task
6.45932,0.00305574,7.32613
6.29773,0.00394334,7.16556
6.24666,0.00346356,7.11399
6.3857,0.0053159,7.25509
6.33801,0.00381427,7.21381
6.38737,0.00473724,7.25627
6.2506,0.00493115,7.11933
6.23959,0.00564807,7.10977
6.35761,0.00499219,7.2269
6.26323,0.00531573,7.13269
6.31488,0.00375309,7.18194
6.41153,0.00532774,7.28148
6.4183,0.00388243,7.28718
6.23054,0.00504915,7.10021
6.38081,0.00531126,7.24983
6.29078,0.00580199,7.1608
6.38106,0.00412529,7.25381
6.49358,0.00393528,7.36075
6.36305,0.00425509,7.23233
6.365,0.00550121,7.23465
6.36469,0.00508274,7.23366
6.30279,0.00615791,7.1743
6.38958,0.00405054,7.25765
6.36361,0.00500026,7.23275
6.34069,0.00336124,7.20878
6.38521,0.00376368,7.25342
6.2584,0.00443023,7.12728
6.2961,0.00560049,7.16591
6.38155,0.00573318,7.25103
6.36518,0.00441539,7.23419
6.30976,0.00573174,7.17968
6.36779,0.00396481,7.23662
6.3636,0.00464513,7.23279
6.41919,0.00437531,7.28758
6.26099,0.00379198,7.12797
6.45701,0.00565482,7.32656
6.41764,0.0149469,7.29706
6.43491,0.00467439,7.30345
6.24479,0.00447106,7.11313
6.24749,0.00380999,7.11507
6.31109,0.00464339,7.17979
6.63781,0.00559357,7.50661
6.25804,0.00534577,7.12642
6.33534,0.00505305,7.2054
6.25616,0.00466339,7.12466
6.32042,0.0058157,7.18966
6.35607,0.00446211,7.22487
6.27419,0.00615447,7.14451
6.26986,0.00649342,7.14006
6.3912,0.00392206,7.25911
6.55929,0.00563431,7.4345
6 threads per task
6.36536,0.00452922,7.23921
6.37702,0.00514617,7.24579
6.23927,0.0057345,7.11453
6.42929,0.00590934,7.29977
6.61059,0.005209,7.47957
6.30489,0.00459574,7.17352
6.44307,0.00463229,7.31208
6.25886,0.00501547,7.12774
6.29462,0.00480712,7.17283
6.36427,0.00507579,7.23294
6.32381,0.0046249,7.19355
6.39617,0.00451629,7.2664
6.40457,0.00621982,7.27415
6.40332,0.00605459,7.27725
6.35086,0.00520741,7.21928
6.3634,0.00542805,7.23248
6.27086,0.00636349,7.14164
6.37281,0.00534601,7.24272
6.34457,0.00561296,7.21529
6.37683,0.00589436,7.24664
6.43895,0.00500889,7.30868
6.21251,0.00510586,7.08155
6.24995,0.00423696,7.11889
6.23304,0.00531125,7.1017
6.41306,0.0054462,7.28296
6.42862,0.00433789,7.29674
6.33598,0.00453161,7.21228
6.24222,0.00503438,7.11219
6.26007,0.00651829,7.13946
6.57215,0.00586082,7.44216
6.28446,0.00585981,7.15466
6.26553,0.00500871,7.13507
6.27756,0.00704678,7.14829
6.44451,0.0054716,7.31494
6.31376,0.00594699,7.18366
6.26814,0.00558093,7.13754
6.39554,0.0061673,7.26519
6.3168,0.00346432,7.1846
6.39993,0.00458117,7.2757
6.32897,0.00659922,7.20023
6.31815,0.00461737,7.18646
6.39425,0.0043097,7.26975
6.595,0.00535893,7.46447
6.25713,0.0051331,7.12733
6.27719,0.00486204,7.14634
6.27416,0.00502033,7.14276
6.35884,0.00708805,7.22926
6.36351,0.00557931,7.23282
6.39807,0.004982,7.26729
6.40134,0.00530895,7.26973
6.26132,0.00539526,7.13194
7 threads per task
6.37704,0.00455525,7.24666
6.37179,0.00459631,7.24084
6.25442,0.0155142,7.13337
6.38138,0.00430768,7.24918
6.34844,0.00562736,7.21825
6.24604,0.00465541,7.11968
6.2707,0.00465789,7.13952
6.4012,0.00561403,7.27122
6.33365,0.00436767,7.20207
6.27821,0.00584189,7.14817
6.4729,0.00606368,7.34381
6.25967,0.00447541,7.12902
6.41734,0.00580519,7.28811
6.25836,0.00443686,7.12714
6.27003,0.00489372,7.14024
6.35185,0.00512607,7.22159
6.26035,0.00587317,7.13081
6.40817,0.00556214,7.27799
6.25719,0.00609777,7.1273
6.3109,0.00448526,7.18151
6.59745,0.00478405,7.46692
6.55488,0.00587274,7.42432
6.26517,0.00461949,7.13377
6.34774,0.00726499,7.22005
6.30402,0.00460994,7.17292
6.24865,0.00696835,7.11973
6.26222,0.00606918,7.13286
6.40124,0.00602106,7.27198
6.4259,0.00510087,7.30272
6.36958,0.00553839,7.2389
6.25898,0.00509761,7.12744
6.3161,0.0044946,7.18555
6.32796,0.00462481,7.20353
6.38585,0.00462265,7.25463
6.42618,0.00717456,7.29683
6.37106,0.00725286,7.24218
6.326,0.00495129,7.19476
6.41623,0.00598359,7.28666
6.28293,0.00500116,7.1521
6.41993,0.00557701,7.28861
6.43705,0.00512556,7.30797
6.54973,0.00460978,7.41913
6.22684,0.00484259,7.09571
6.28503,0.00511775,7.15399
6.47501,0.00553704,7.34486
6.44258,0.00451254,7.31987
6.37707,0.00592783,7.24667
6.31433,0.00496665,7.18381
6.36723,0.00612546,7.23787
6.5255,0.00639216,7.39572
6.2651,0.00603157,7.13549
8 threads per task
6.36412,0.00493959,7.24176
6.38531,0.00492749,7.25502
6.57143,0.00505691,7.44643
6.35039,0.00479261,7.21951
6.29686,0.00480109,7.16511
6.36235,0.00494457,7.23167
6.36619,0.00590111,7.23697
6.42577,0.00470463,7.29779
6.38081,0.00731377,7.25254
6.41241,0.00497008,7.28177
6.26676,0.00483152,7.13598
6.27698,0.00482449,7.14606
6.36164,0.00481681,7.23066
6.50053,0.00544964,7.37351
6.30259,0.00506695,7.17246
6.2756,0.00515052,7.14586
6.36505,0.00492667,7.24314
6.39703,0.00635592,7.26689
6.38164,0.00531357,7.25706
6.40856,0.00471216,7.2783
6.326,0.00490663,7.20384
6.31336,0.00474699,7.18177
6.38553,0.00479681,7.25345
6.36239,0.00490603,7.23024
6.35757,0.00522514,7.22865
6.37658,0.00493798,7.25307
6.35095,0.00469093,7.22301
6.36419,0.00473919,7.23435
6.34579,0.00499395,7.21346
6.33866,0.00512322,7.20782
6.47502,0.00480688,7.34923
6.35951,0.00503632,7.23044
6.34419,0.00508369,7.21358
6.47519,0.00538797,7.34443
6.32261,0.00520114,7.19249
6.25325,0.00479985,7.12251
6.38937,0.00478368,7.25808
6.24235,0.00669899,7.11372
6.423,0.00481794,7.29152
6.37375,0.00517945,7.24308
6.3308,0.00515861,7.19924
6.38825,0.00475398,7.26704
6.24225,0.00491496,7.11039
6.38014,0.0068545,7.25111
6.40142,0.00494819,7.2697
6.33183,0.00473377,7.20009
6.35082,0.00493406,7.22036
6.31332,0.00498022,7.18312
6.35821,0.00470498,7.22788
6.26954,0.0049363,7.13866
6.24696,0.00490734,7.11655
5 tasks per node
1 threads per task
6.49107,0.00554324,7.09182
6.53974,0.00808476,7.14168
6.48598,0.00545178,7.08542
6.59746,0.00537939,7.19721
6.50853,0.00550478,7.10791
6.57205,0.0055244,7.17255
6.61044,0.00564481,7.21012
6.60744,0.00570644,7.20732
6.54119,0.00553756,7.14132
6.56055,0.00570956,7.16026
6.58101,0.00552177,7.17962
6.56685,0.00541003,7.16625
6.43809,0.00553376,7.03802
6.54452,0.00554749,7.14442
6.56499,0.00565768,7.1652
6.46456,0.00535012,7.06598
6.44152,0.00565366,7.04088
6.59433,0.00622092,7.19443
6.4979,0.00554269,7.09991
6.57983,0.00531131,7.17877
6.60353,0.00554994,7.20487
6.59019,0.00547672,7.18932
6.46626,0.00549108,7.06538
6.67671,0.00548023,7.27693
6.63708,0.00530863,7.23618
6.54913,0.00560465,7.14914
6.51389,0.00573198,7.11368
6.49132,0.00559094,7.09044
6.4586,0.0054692,7.0577
6.96052,0.00546901,7.5602
6.78919,0.00547913,7.38847
6.6261,0.00549399,7.226
6.49953,0.00537476,7.09823
6.51848,0.00554062,7.11767
6.56514,0.00538378,7.16637
6.55382,0.0053558,7.15382
6.57467,0.0060305,7.17692
6.60172,0.00552586,7.20141
6.52741,0.00566687,7.12702
6.68478,0.0055134,7.28473
6.62494,0.00533484,7.22566
6.60718,0.00543519,7.20673
6.5754,0.00554794,7.17473
6.6906,0.00540896,7.29042
6.44363,0.00576428,7.0449
6.56269,0.00542228,7.16349
6.61303,0.00563205,7.21339
6.57324,0.00552524,7.17197
6.5601,0.00554665,7.16046
6.49933,0.00545351,7.09886
6.69726,0.00550191,7.29638
2 threads per task
6.62777,0.00413446,7.2262
6.54899,0.00407779,7.14887
6.55256,0.00409559,7.15194
6.45332,0.0040705,7.05195
6.65808,0.00407193,7.25749
6.61012,0.00412243,7.20855
6.57862,0.00421728,7.17626
6.55807,0.00417142,7.15676
6.57701,0.00408461,7.17497
6.5317,0.0040215,7.13137
6.48323,0.00414914,7.08131
6.69362,0.00411922,7.29218
6.62439,0.00405833,7.22264
6.64878,0.00499304,7.2476
6.47436,0.00416408,7.07265
6.67229,0.00408694,7.27009
6.58355,0.00394795,7.18208
6.62808,0.00486478,7.2274
6.52672,0.00407153,7.1252
6.63579,0.00409812,7.23364
6.62431,0.00412762,7.22251
6.55284,0.00411899,7.15235
6.58587,0.00421489,7.18417
6.54676,0.00413522,7.1462
6.61316,0.00409235,7.21254
6.50092,0.00404521,7.09916
6.4995,0.00410153,7.09786
6.52167,0.00408196,7.12089
6.62202,0.00413157,7.22016
6.5076,0.00416481,7.10755
6.44027,0.00410038,7.03759
6.56223,0.00409668,7.16047
6.46827,0.00403119,7.06834
6.57977,0.00420306,7.17954
6.46251,0.00411854,7.06002
6.48717,0.00416196,7.08562
6.45466,0.00405613,7.05247
6.57199,0.00403055,7.17062
6.54717,0.00408305,7.14486
6.55222,0.00619846,7.15207
6.59484,0.00446111,7.1929
6.59715,0.00425769,7.195
6.66517,0.00411395,7.26364
6.58133,0.00417795,7.17908
6.50635,0.00418531,7.10451
6.48921,0.00415267,7.08789
6.47242,0.00403403,7.07171
6.53936,0.00407375,7.13775
6.61168,0.00408642,7.20958
6.54679,0.00409987,7.14515
6.45119,0.00405366,7.049
3 threads per task
6.48694,0.00386528,7.08466
6.59162,0.00972872,7.19587
6.58653,0.00394093,7.18463
6.59204,0.00364727,7.19218
6.55772,0.00389951,7.15656
6.48242,0.00710837,7.08457
6.60554,0.00711528,7.20743
6.45678,0.0071744,7.05857
6.44678,0.00482983,7.04629
6.67352,0.00457806,7.27352
6.51853,0.00482998,7.11669
6.44459,0.00388796,7.04215
6.46146,0.00716476,7.06256
6.46166,0.00648875,7.06306
6.60526,0.00743841,7.20798
6.65276,0.00398352,7.25198
6.54481,0.007113,7.14641
6.84913,0.00718453,7.44995
6.59171,0.00619799,7.19327
6.55538,0.00359609,7.1545
6.58346,0.00387794,7.18263
6.46086,0.00318083,7.05855
6.58398,0.00675032,7.18562
6.56456,0.00469527,7.16446
6.49396,0.00309589,7.09151
6.54794,0.00689062,7.15095
6.52543,0.00439182,7.12646
6.51015,0.00711694,7.11124
6.54261,0.00679449,7.14481
6.7662,0.00415384,7.36478
6.4415,0.00723349,7.04194
6.59865,0.00404644,7.19717
6.50724,0.00481831,7.10634
6.53892,0.00646306,7.14014
6.4567,0.00319926,7.05353
6.54648,0.00637473,7.148
6.51023,0.00465733,7.10925
6.46665,0.00310399,7.06448
6.55548,0.00460269,7.15405
6.5957,0.00348601,7.19242
6.55897,0.00406084,7.15653
6.52916,0.00657337,7.12979
6.4658,0.0070735,7.067
6.76697,0.00465126,7.36572
6.56639,0.006478,7.16812
6.45297,0.00674719,7.05437
6.51466,0.00514634,7.1148
6.49264,0.0050697,7.09281
6.5545,0.00515077,7.1541
6.58318,0.00815341,7.18565
6.45415,0.00486229,7.05443
4 threads per task
6.57997,0.00667864,7.18115
6.56889,0.00636593,7.17026
6.79889,0.00643536,7.39916
6.49638,0.00619018,7.09761
6.56843,0.00683552,7.17093
6.65287,0.0113094,7.25909
6.48496,0.00603271,7.08429
6.82991,0.00720173,7.4307
6.55391,0.00733576,7.1571
6.44045,0.00616281,7.04094
6.87888,0.00729139,7.48012
6.77297,0.00819445,7.37538
6.56168,0.00634066,7.16284
6.50367,0.00570018,7.10494
6.54481,0.00710593,7.14639
6.51744,0.00573795,7.11814
6.56411,0.00599537,7.16512
6.54408,0.00603387,7.14377
6.43342,0.0143393,7.04182
6.55919,0.00513994,7.1593
6.79918,0.00722546,7.39915
6.46209,0.00754974,7.06427
6.57539,0.0137233,7.18304
6.5855,0.00620362,7.18562
6.53413,0.00967175,7.13802
6.86191,0.00880905,7.46622
6.55527,0.00554798,7.15553
6.54805,0.00683045,7.14929
6.58356,0.00567501,7.18439
6.55218,0.00952854,7.1561
6.45447,0.00663014,7.05542
6.49339,0.00617242,7.09421
6.55705,0.0143678,7.16664
6.55985,0.00615697,7.16105
6.46267,0.00741389,7.06544
6.47069,0.00523924,7.07107
6.54905,0.00663133,7.15023
6.61838,0.00688872,7.21916
6.58553,0.00738579,7.18729
6.51981,0.00862462,7.12298
6.54587,0.00579684,7.14654
6.48425,0.00720142,7.08561
6.44072,0.0059937,7.04153
6.55975,0.00566212,7.15993
6.59397,0.00959768,7.1991
6.56305,0.00677388,7.16367
6.52035,0.0163967,7.13144
6.8173,0.00662715,7.4183
6.62371,0.00515641,7.22287
6.56494,0.00699061,7.16583
6.55487,0.00673674,7.15649
5 threads per task
6.4389,0.00785575,7.04017
6.62694,0.00646674,7.22952
6.57564,0.00682875,7.17696
6.50372,0.00645745,7.10406
6.46767,0.00679271,7.07001
6.5713,0.00688158,7.17228
6.44479,0.00674281,7.04624
6.45341,0.00635592,7.05391
6.78505,0.00728899,7.38621
6.56943,0.00633707,7.16979
6.43986,0.00930138,7.04476
6.445,0.00704574,7.04793
6.5593,0.00623352,7.16039
6.62719,0.00752595,7.22854
6.54788,0.00625337,7.14997
6.44933,0.00916138,7.05276
6.63174,0.007183,7.23447
6.46453,0.00791062,7.06677
6.53881,0.00634451,7.13944
6.75262,0.00590891,7.35244
6.58844,0.00705163,7.19017
6.47574,0.00927258,7.0794
6.46258,0.00682755,7.06505
6.50524,0.00832967,7.10886
6.5557,0.00885968,7.15802
6.44885,0.00640776,7.05
6.56327,0.0107929,7.16848
6.56259,0.00683085,7.16497
6.47863,0.00675679,7.08039
6.58672,0.00991532,7.19156
6.58563,0.00636831,7.18714
6.49194,0.00654966,7.09229
6.58834,0.00859279,7.19192
6.56509,0.00749017,7.16827
6.54794,0.00990058,7.1515
6.68319,0.00905129,7.28582
6.58504,0.00637495,7.18676
6.57016,0.00608131,7.17107
6.6857,0.00783519,7.2873
6.61503,0.00709088,7.21567
6.52885,0.00677845,7.13051
6.59096,0.00585284,7.19101
6.53024,0.00626166,7.13202
6.55661,0.00700028,7.1579
6.48747,0.0063118,7.08803
6.47922,0.0062815,7.07847
6.62893,0.00679941,7.22968
6.53776,0.00637515,7.14113
6.47306,0.00674684,7.07339
6.54466,0.00527929,7.1452
6.45503,0.00738595,7.05644
6 threads per task
6.57916,0.00952306,7.18275
6.53146,0.009886,7.13518
6.42765,0.00959483,7.03318
6.55282,0.00881968,7.15684
6.54912,0.00796001,7.15232
6.58342,0.00766304,7.18476
6.48855,0.0100877,7.09243
6.46002,0.0109539,7.06521
6.56169,0.00900599,7.16402
6.80628,0.00886011,7.40947
6.5222,0.00976924,7.12694
6.55665,0.00880772,7.16205
6.4524,0.00724217,7.05384
6.55011,0.00798988,7.15195
6.57207,0.00875618,7.17531
6.44749,0.00771561,7.04903
6.5987,0.00950716,7.20438
6.54385,0.00900776,7.14713
6.5872,0.0099109,7.19194
6.53908,0.00982505,7.14605
6.52359,0.010755,7.12858
6.54864,0.00853761,7.1511
6.48369,0.00926392,7.08753
6.50645,0.00749074,7.10778
6.5576,0.00777057,7.15942
6.59781,0.00983622,7.20137
6.62771,0.00894814,7.23125
6.51493,0.00841401,7.11744
6.54917,0.0103208,7.15353
6.49327,0.0154959,7.10362
6.74265,0.00697075,7.343
6.56871,0.0103154,7.17524
6.44304,0.0140481,7.05189
6.59655,0.00848113,7.19957
6.53757,0.00794841,7.13919
6.56016,0.0123859,7.16892
6.44696,0.010042,7.05129
6.55696,0.00963417,7.16224
6.45749,0.00931488,7.06027
6.53656,0.00775945,7.13878
6.54531,0.00782377,7.14708
6.46165,0.00863395,7.06536
6.57909,0.00989444,7.18333
6.56588,0.0143535,7.17611
6.57224,0.00882849,7.1756
6.56122,0.0095793,7.16651
6.50174,0.00891876,7.10572
6.52497,0.00834186,7.12788
6.46067,0.0102185,7.06537
6.50693,0.0109255,7.11172
6.45113,0.00922321,7.05413
7 threads per task
6.58835,0.00974221,7.19177
6.68589,0.00940821,7.28958
6.54582,0.0114246,7.15138
6.50886,0.0110915,7.1149
6.65671,0.0106175,7.26086
6.47534,0.00928152,7.07913
6.50167,0.011159,7.10667
6.50553,0.0119017,7.11151
6.52422,0.0118784,7.13082
6.46209,0.0105041,7.06838
6.88252,0.0111618,7.4875
6.76299,0.0122511,7.37049
6.61132,0.0107698,7.21704
6.69883,0.00954706,7.30369
6.51813,0.00963129,7.12136
6.47426,0.011569,7.07912
6.54961,0.010328,7.15366
6.50923,0.0114453,7.11567
6.59176,0.00851043,7.19426
6.56738,0.00892814,7.17071
6.44714,0.0114272,7.05264
6.55714,0.0110872,7.16364
6.73732,0.0113527,7.34208
6.54935,0.0113745,7.15661
6.56356,0.0131731,7.17217
6.43021,0.0113607,7.03563
6.56065,0.013213,7.16761
6.42339,0.010916,7.02783
6.68983,0.0105868,7.29471
6.51906,0.0123404,7.12643
6.55757,0.00922293,7.16302
6.4627,0.0116555,7.06869
6.63662,0.0108442,7.2415
6.53064,0.010045,7.13389
6.55566,0.0110581,7.16125
6.44789,0.0111929,7.05402
6.52771,0.0110597,7.13458
6.51496,0.0101029,7.12101
6.58619,0.00798499,7.18852
6.60449,0.00861327,7.20779
6.46178,0.0128308,7.06998
6.52344,0.00977277,7.12815
6.49561,0.0111054,7.10239
6.4958,0.009424,7.09967
6.62111,0.00952113,7.22368
6.4442,0.0121156,7.05258
8.07153,0.0102439,8.67678
6.55309,0.0125444,7.16074
6.45081,0.0118549,7.0578
6.50923,0.00977144,7.11282
6.76407,0.00868817,7.36618
8 threads per task
6.58845,0.0110164,7.19326
6.50046,0.012471,7.10817
6.52631,0.0108402,7.13129
6.49298,0.0119142,7.09894
6.44069,0.0105267,7.04477
6.60078,0.0103758,7.20572
6.54241,0.00942559,7.14583
6.50915,0.00937217,7.11304
6.53593,0.0109078,7.14084
6.57992,0.0105796,7.18401
6.5661,0.012561,7.17447
6.46561,0.0108749,7.07126
6.42537,0.013106,7.03245
6.56333,0.0102723,7.16771
6.5832,0.00948094,7.18837
6.5698,0.0130534,7.17629
6.5225,0.0105908,7.12695
6.4666,0.0120153,7.07288
6.50532,0.010248,7.1108
6.66694,0.0136412,7.27442
6.50439,0.0104311,7.10883
6.56999,0.0113223,7.17683
6.5571,0.0099563,7.16254
6.60763,0.0108517,7.21187
6.67959,0.0109849,7.28469
6.4574,0.0123574,7.06443
6.5617,0.00882938,7.16533
6.76028,0.010911,7.36493
6.56138,0.0119737,7.16882
6.67922,0.0123115,7.28588
6.53965,0.0092889,7.14303
6.51467,0.0118221,7.12051
6.50452,0.0120454,7.11075
6.48865,0.0110527,7.09349
6.5603,0.013636,7.16787
6.42376,0.0105689,7.0287
6.53058,0.0117775,7.13728
6.42081,0.0111481,7.02698
6.42025,0.0121485,7.02615
6.47812,0.010682,7.08294
6.54569,0.0122229,7.15165
6.56553,0.0130589,7.17343
6.52956,0.010059,7.13418
6.53744,0.0104286,7.14211
6.46246,0.0128299,7.06892
6.55635,0.0109658,7.16134
6.65032,0.0108192,7.25591
6.52597,0.0113058,7.13119
6.52464,0.0123752,7.1307
6.53995,0.0108657,7.14619
6.56905,0.0117442,7.17571
6 tasks per node
1 threads per task
6.57015,0.00545799,6.92705
6.46256,0.00558911,6.81993
6.55416,0.00543224,6.91125
6.58773,0.00543649,6.94476
6.51373,0.00517286,6.87031
6.67334,0.00550213,7.03039
6.46643,0.00553425,6.82347
6.59078,0.00545219,6.94721
6.52369,0.00540328,6.88034
6.65849,0.00531643,7.01528
6.62654,0.00519201,6.983
6.49157,0.00539042,6.84871
6.6011,0.00535877,6.95769
6.52971,0.00542236,6.88729
6.62548,0.00543978,6.98312
6.48823,0.00544771,6.84486
6.75236,0.00545956,7.10935
6.48532,0.00546212,6.84172
6.46263,0.00546544,6.81965
6.47729,0.00546186,6.8334
6.58941,0.00536276,6.94595
6.48494,0.00543602,6.84159
6.46162,0.00549608,6.81871
6.69254,0.00550421,7.04804
6.60975,0.00557119,6.96685
6.57261,0.00550637,6.92958
6.60158,0.00540053,6.95782
6.59769,0.0055002,6.95357
6.61564,0.00558538,6.97265
6.53591,0.00535587,6.89279
6.51593,0.00541231,6.87263
6.62143,0.00529171,6.97763
6.48976,0.00966188,6.85
6.56375,0.00544345,6.92087
6.58876,0.00910834,6.94943
6.51437,0.0053983,6.87112
6.78347,0.00560459,7.14012
6.5228,0.00534423,6.87942
6.56038,0.00540061,6.91746
6.63761,0.00535263,6.99431
6.64065,0.00537342,6.99748
6.80397,0.00529525,7.16099
6.53848,0.0055985,6.89451
6.58018,0.00543382,6.9367
6.51925,0.00878921,6.87945
6.53307,0.00544575,6.88956
6.55958,0.0053953,6.91671
6.6618,0.00517282,7.01787
6.5864,0.00539584,6.94287
6.61479,0.00539244,6.97138
6.59104,0.00544842,6.94788
2 threads per task
6.56294,0.00410755,6.91807
6.47002,0.00477543,6.82566
6.49425,0.00590164,6.85196
6.51281,0.00392828,6.86799
6.54793,0.00402036,6.90293
6.57273,0.00391509,6.92808
6.58243,0.00407867,6.93834
6.58223,0.00394582,6.93746
6.53823,0.00397479,6.89344
6.65382,0.00398279,7.00955
6.4562,0.00408638,6.81111
6.55224,0.00447372,6.90847
6.73988,0.00405583,7.09569
6.61002,0.00391959,6.9658
6.44719,0.00392059,6.80207
6.52324,0.00389116,6.88033
6.57647,0.00401914,6.93163
6.69402,0.00431487,7.04939
6.65731,0.00389366,7.01259
6.59478,0.00390037,6.94921
6.53602,0.00401849,6.89136
6.58032,0.00474787,6.93563
6.52638,0.00394524,6.88158
6.64876,0.00415009,7.00349
6.54797,0.00391357,6.90356
6.4634,0.00406582,6.81955
6.58673,0.00470421,6.9428
6.60841,0.00399575,6.96355
6.54548,0.00456555,6.9021
6.50693,0.00395558,6.86146
6.44621,0.00388167,6.80243
6.6018,0.00402667,6.95724
6.49722,0.00392431,6.85145
6.64089,0.00411547,6.9959
6.48692,0.0038689,6.84174
6.6552,0.00458126,7.01102
6.78706,0.00532044,7.14341
6.54683,0.00390504,6.90233
6.58543,0.00405649,6.9403
6.51341,0.00406997,6.86848
6.77841,0.00410302,7.13273
6.63495,0.00393004,6.98995
6.54276,0.00399631,6.89783
6.54444,0.00401494,6.89971
6.6077,0.00463381,6.96427
6.57443,0.00391105,6.92938
6.55772,0.00627914,6.91552
6.58973,0.00390505,6.94523
6.58735,0.00396305,6.94273
6.59629,0.00387383,6.95137
6.66047,0.00396667,7.01582
3 threads per task
6.5304,0.00450148,6.88637
6.64609,0.00428448,7.00134
6.46378,0.0064722,6.82073
6.57372,0.00386881,6.93064
6.5831,0.00309628,6.93849
6.46219,0.00653446,6.82039
6.70162,0.00675825,7.05978
6.49852,0.00413369,6.85469
6.44714,0.00476409,6.80321
6.56164,0.00425159,6.91741
6.53667,0.00414291,6.89244
6.50966,0.00394177,6.86432
6.48516,0.00661488,6.84353
6.47831,0.00714365,6.83629
6.64806,0.00412445,7.00361
6.5463,0.00394076,6.90093
6.472,0.00299468,6.8259
6.56012,0.00303038,6.91381
6.69434,0.00411567,7.04949
6.51004,0.0030592,6.86367
6.45791,0.00418923,6.81363
6.59178,0.00413565,6.94724
6.5795,0.00412466,6.93466
6.6225,0.00405464,6.9786
6.57508,0.00652844,6.93271
6.6302,0.00454432,6.98712
6.5667,0.00389769,6.92124
6.56249,0.0041305,6.91815
6.44879,0.00440341,6.80418
6.67472,0.00424102,7.03008
6.50075,0.00435014,6.85746
6.69176,0.00321186,7.04565
6.45837,0.00414434,6.81434
6.62133,0.0041961,6.9767
6.60033,0.00296274,6.95459
6.45444,0.00399208,6.81071
6.56787,0.00415183,6.92396
6.68547,0.00413658,7.04066
6.47503,0.00412637,6.83037
6.60687,0.00440042,6.96298
6.5927,0.00413103,6.94777
6.64122,0.00647506,6.99839
6.62635,0.00650505,6.98382
6.54651,0.00392395,6.90166
6.54965,0.00473802,6.90582
6.63803,0.00412256,6.99365
6.49593,0.0141564,6.86281
6.56778,0.00411457,6.92384
6.59072,0.00439974,6.94627
6.63254,0.00413673,6.98823
6.46256,0.00415764,6.81783
4 threads per task
6.56473,0.0107217,6.92889
6.51188,0.00918956,6.87246
6.6073,0.0053577,6.964
6.45643,0.00500442,6.8127
6.50388,0.00752258,6.86276
6.57439,0.00819489,6.93322
6.61012,0.00632505,6.96727
6.45801,0.00624959,6.81603
6.61996,0.00535967,6.97763
6.52748,0.0057765,6.8852
6.59759,0.00545262,6.95437
6.59944,0.00642132,6.95704
6.54233,0.00801047,6.90166
6.53858,0.0065899,6.89639
6.5843,0.00690076,6.94247
6.46049,0.00534981,6.81748
6.44931,0.00831286,6.80892
6.43703,0.00613466,6.79441
6.62591,0.00629945,6.98399
6.4976,0.00510979,6.8552
6.45767,0.00524264,6.8139
6.61593,0.00591932,6.97351
6.50949,0.00705545,6.86839
6.46687,0.00643076,6.82456
6.54574,0.00820111,6.9052
6.45432,0.0151145,6.82205
6.59397,0.00687431,6.95157
6.59706,0.00683638,6.95563
6.61278,0.00674937,6.97113
6.86258,0.00563723,7.21957
6.601,0.00656334,6.95914
6.57089,0.00909189,6.93107
6.57252,0.00646718,6.93014
6.70388,0.00494172,7.06041
6.51721,0.00534572,6.87379
6.59413,0.0107511,6.95612
6.46557,0.00626894,6.82234
6.60019,0.00579007,6.95807
6.81433,0.00544864,7.1715
6.52243,0.00575693,6.87877
6.54594,0.00585518,6.90277
6.5004,0.00689263,6.85825
6.46509,0.00539204,6.82201
6.53372,0.00553582,6.89102
6.61103,0.00535875,6.96824
6.63397,0.00792003,6.99274
6.58921,0.00605136,6.94676
6.54629,0.00593746,6.90326
6.61398,0.00519873,6.97096
6.53862,0.00619967,6.89591
6.56788,0.006027,6.92505
5 threads per task
6.57878,0.00665828,6.93649
6.60885,0.00617856,6.96635
6.54677,0.00520777,6.90307
6.63784,0.00684703,6.99556
6.67566,0.0162928,7.04374
6.46869,0.00558081,6.8252
6.46998,0.00610545,6.82724
6.58079,0.00626991,6.93772
6.48489,0.0135959,6.85184
6.52959,0.00687287,6.88781
6.65803,0.00658301,7.01565
6.5906,0.00708155,6.94853
6.59419,0.00723933,6.9533
6.67462,0.00694829,7.03237
6.55918,0.00706429,6.91768
6.48444,0.00730351,6.84246
6.48726,0.00848342,6.84736
6.65663,0.00530879,7.0132
6.67302,0.00743564,7.03316
6.62519,0.00536379,6.98191
6.60533,0.00530142,6.96221
6.5331,0.00761543,6.89263
6.44202,0.00635292,6.7991
6.5798,0.00648135,6.93656
6.53293,0.00635178,6.8905
6.54421,0.00691273,6.90314
6.46901,0.0072028,6.82774
6.57572,0.00716559,6.93427
6.46922,0.00620813,6.82744
6.47689,0.00603582,6.83466
6.59418,0.00670556,6.95231
6.4589,0.00738376,6.81804
6.78876,0.00617827,7.14589
6.61034,0.00594052,6.96704
6.51085,0.0061368,6.86896
6.45364,0.0063,6.81108
6.52508,0.00708351,6.88356
6.57769,0.0063867,6.93537
6.54357,0.00540949,6.90077
6.66767,0.00625194,7.02556
6.62888,0.00662357,6.9862
6.527,0.00562083,6.88408
6.58508,0.00664907,6.94322
6.5714,0.0069859,6.92931
6.5784,0.00754008,6.93746
6.47592,0.00864823,6.83617
6.52491,0.0181157,6.89429
6.45902,0.00662497,6.81665
6.5716,0.0073418,6.93019
6.50779,0.00589278,6.86521
6.57419,0.00614164,6.93162
6 threads per task
6.61651,0.00982484,6.97763
6.47935,0.00783607,6.83856
6.63654,0.0097311,6.99687
6.57738,0.00900158,6.93731
6.53408,0.00753152,6.89312
6.44839,0.00898536,6.8083
6.65157,0.00859624,7.01089
6.4743,0.00900798,6.8347
6.62066,0.00951744,6.98172
6.47053,0.0080426,6.82966
6.59527,0.00829853,6.95448
6.52283,0.00742573,6.88144
6.48204,0.00845978,6.8426
6.57935,0.00876065,6.93907
6.63109,0.00958549,6.99189
6.50586,0.00867052,6.86523
6.61064,0.00755974,6.96842
6.4885,0.00887943,6.8491
6.61692,0.00862957,6.97652
6.47238,0.009168,6.83426
6.4846,0.00805421,6.84348
6.74091,0.0097064,7.10178
6.59673,0.00848299,6.95695
6.81406,0.00747534,7.17211
6.58695,0.00827874,6.9463
6.51284,0.00741482,6.8718
6.59312,0.00913916,6.95392
6.65592,0.00894067,7.01564
6.57716,0.00976586,6.93796
6.56543,0.00901556,6.9259
6.53432,0.00920957,6.89454
6.56252,0.00986378,6.92347
6.5575,0.0103824,6.91917
6.46622,0.0162244,6.83787
6.68872,0.00933402,7.04889
6.563,0.00822648,6.92249
6.47432,0.00904475,6.83474
6.86216,0.00801689,7.22177
6.46519,0.00838161,6.82611
6.56406,0.0086926,6.92413
6.46055,0.00901718,6.82124
6.52316,0.0194503,6.89443
6.47971,0.00931144,6.84085
6.59943,0.00890654,6.96057
6.58625,0.0100884,6.94774
6.53286,0.00954352,6.89404
6.60353,0.00966892,6.96475
6.49202,0.00891481,6.85231
6.52891,0.00991407,6.89036
6.60018,0.00796807,6.9593
6.60532,0.0092466,6.96636
7 threads per task
6.5711,0.0118786,6.93431
6.5222,0.0102853,6.88387
6.61103,0.0102178,6.97299
6.45405,0.0127909,6.81827
6.5526,0.0113727,6.91468
6.61459,0.0125878,6.97801
6.54774,0.0106121,6.90971
6.47055,0.0102552,6.83205
6.61386,0.0202435,6.98566
6.77608,0.00967331,7.13661
6.67821,0.019903,7.05001
6.46169,0.00990282,6.82298
6.64116,0.0113846,7.00384
6.45605,0.00940447,6.81654
6.65421,0.00850668,7.01398
6.57625,0.0121081,6.93981
6.67544,0.010588,7.03694
6.55613,0.0105617,6.91736
6.50531,0.00947019,6.86617
6.46667,0.0116333,6.82947
6.62688,0.0116771,6.9887
6.44429,0.010145,6.80572
6.49729,0.0114957,6.86069
6.52644,0.0104629,6.88808
6.64036,0.0119418,7.00354
6.58042,0.0107105,6.94249
6.57475,0.0118144,6.93836
6.60233,0.00882266,6.96241
6.5724,0.0113596,6.93469
6.66999,0.0091362,7.03051
6.56517,0.00992252,6.92597
6.49561,0.00935666,6.85773
6.73329,0.0138147,7.09796
6.52287,0.0097093,6.88303
6.54658,0.00971864,6.90735
6.61084,0.0107757,6.97253
6.5229,0.0106827,6.88567
6.57775,0.00892657,6.9385
6.59442,0.00968487,6.95659
6.46725,0.0117671,6.83113
6.88103,0.0114648,7.24292
6.54201,0.011362,6.90486
6.60821,0.0203283,6.98231
6.77708,0.0109335,7.13933
6.48521,0.0134505,6.85002
6.45228,0.0108814,6.81407
6.51945,0.00904289,6.87964
6.57743,0.0114038,6.94046
6.64391,0.00969675,7.00509
6.47119,0.0119234,6.83368
6.52648,0.0102697,6.88883
8 threads per task
6.51409,0.00993299,6.87562
6.5816,0.0100985,6.94419
6.52628,0.012415,6.89028
6.62533,0.0110593,6.98788
6.55543,0.0106474,6.91806
6.56636,0.00987751,6.9293
6.61202,0.0124995,6.97623
6.65884,0.0114073,7.02112
8.64812,0.0100555,9.00978
6.52991,0.0117501,6.8932
6.54833,0.0107177,6.90998
6.52705,0.0117656,6.88984
6.59999,0.0102316,6.96204
6.58569,0.0112268,6.9483
6.66711,0.0115417,7.02936
6.59414,0.0115592,6.95691
6.60065,0.01195,6.96386
6.4727,0.0109321,6.83518
6.50688,0.0108217,6.86845
6.50623,0.0100557,6.86773
6.47577,0.0123384,6.83897
6.57389,0.0103028,6.93564
6.44767,0.011213,6.8099
6.68739,0.0100131,7.04879
6.57991,0.0118377,6.94333
6.62015,0.013195,6.98412
6.59496,0.0121527,6.95872
6.50729,0.00972081,6.869
6.5632,0.0104498,6.92505
6.56919,0.0115378,6.93183
6.57688,0.00872176,6.937
6.58622,0.0124755,6.95011
6.70281,0.0124572,7.0667
6.57427,0.0118692,6.93733
6.49865,0.0104059,6.85987
6.48196,0.0118788,6.84479
6.57474,0.0117832,6.93788
6.46635,0.0100478,6.82632
6.66984,0.0103066,7.03054
6.57279,0.0108673,6.93608
6.82673,0.0119446,7.18992
6.56408,0.01183,6.92827
6.57617,0.010192,6.93811
6.55077,0.0103558,6.9125
6.56208,0.0100612,6.92392
6.47755,0.0117109,6.84065
6.46947,0.0113769,6.83181
6.55735,0.0108739,6.91999
6.54861,0.010667,6.91054
6.45228,0.00939211,6.81332
6.6096,0.0101456,6.97127
7 tasks per node
1 threads per task
6.65719,0.00546909,7.01342
6.87344,0.00560584,7.2286
6.8132,0.00557795,7.16921
6.70019,0.00556612,7.05641
6.76195,0.00528901,7.11833
6.67864,0.00549798,7.03422
6.90346,0.00554853,7.25931
6.70921,0.00559614,7.0653
6.78227,0.00556414,7.13918
6.8232,0.00543944,7.17866
6.78787,0.00556252,7.14398
6.97474,0.00557442,7.33164
6.78917,0.00557964,7.14514
6.68872,0.00557501,7.04484
6.81454,0.00698714,7.17256
6.64474,0.00551936,7.00045
6.79752,0.00549486,7.15294
6.63666,0.00543687,6.99293
6.66681,0.00543003,7.02301
6.79257,0.00556072,7.14851
6.68142,0.00545676,7.0371
6.73581,0.00556261,7.09109
6.7732,0.005373,7.12914
6.78228,0.0055602,7.13846
6.79404,0.00555878,7.14957
6.78348,0.00546472,7.13922
6.7549,0.00543681,7.11055
6.6772,0.00545412,7.03242
6.66172,0.00546519,7.01682
6.67757,0.00557516,7.03444
6.8728,0.00618611,7.22969
6.71508,0.00556552,7.0704
6.77317,0.005504,7.12846
6.65231,0.00555609,7.00862
6.72716,0.00541398,7.083
6.81402,0.00555792,7.16985
6.78803,0.00542744,7.14335
6.7816,0.00556111,7.1376
6.66117,0.00544061,7.01673
6.65171,0.005588,7.00739
6.78989,0.00542256,7.14448
6.66682,0.00556192,7.02311
6.74414,0.00543384,7.10107
6.93584,0.00544703,7.29155
6.98124,0.00561738,7.33667
6.80491,0.00562843,7.16017
6.7603,0.00546944,7.11564
6.75179,0.00557954,7.10787
6.77037,0.00549176,7.12616
6.88956,0.00544916,7.24511
6.67591,0.00624402,7.03199
2 threads per task
6.6779,0.00398745,7.03172
6.81866,0.00542323,7.17449
6.7568,0.00438911,7.11176
6.78357,0.00442777,7.13813
6.76847,0.00398807,7.12243
6.73884,0.00389689,7.09385
6.78088,0.00399601,7.13534
6.67612,0.00386746,7.03008
6.72452,0.00569657,7.07975
6.75672,0.0039842,7.11097
6.90535,0.00398721,7.25902
6.96623,0.00423386,7.32012
6.73948,0.00397202,7.09498
6.78165,0.00384814,7.13439
6.66934,0.00411035,7.02309
6.74438,0.00390392,7.09768
6.81356,0.00398655,7.16807
6.76963,0.00499071,7.1242
6.7675,0.00398039,7.12258
6.77947,0.00399985,7.13426
6.81489,0.00398214,7.1694
6.80302,0.00384753,7.15697
6.82852,0.00410778,7.18361
6.68052,0.00380765,7.03553
6.62907,0.00424656,6.9836
6.68155,0.00506013,7.03674
6.64397,0.00411582,6.99768
6.76248,0.00460119,7.11861
6.83987,0.00511765,7.19552
6.67028,0.00385796,7.02479
6.75519,0.00399082,7.10932
6.76614,0.0038805,7.12072
6.73033,0.00886158,7.08956
6.681,0.00399559,7.03501
6.90029,0.00396674,7.25568
6.7227,0.00383205,7.07729
6.66896,0.00398602,7.02343
6.65526,0.00404033,7.00874
6.66542,0.00868412,7.02455
6.77634,0.00397973,7.13014
6.67455,0.00395133,7.02877
6.82228,0.00386099,7.17664
6.79506,0.00412901,7.14992
6.70435,0.00398435,7.06044
6.80204,0.00401299,7.15695
6.70272,0.00383077,7.05679
6.61709,0.00488022,6.97272
6.68618,0.00388595,7.04057
6.70577,0.00398463,7.05995
6.67874,0.00486439,7.03383
6.99765,0.00523463,7.35322
3 threads per task
6.71021,0.00627878,7.06632
6.7642,0.0144328,7.13058
6.88353,0.00437846,7.2383
6.77628,0.00480024,7.13217
6.78459,0.00414309,7.13906
6.66493,0.00459719,7.01913
6.79973,0.0043472,7.15424
7.02209,0.00449422,7.37701
6.66221,0.00506234,7.01729
6.66564,0.00306645,7.01914
6.70004,0.00676131,7.05671
6.64984,0.00448275,7.005
6.64986,0.00450271,7.0049
6.79023,0.00466978,7.14452
6.78194,0.00725534,7.14129
6.68066,0.00497815,7.03668
6.66487,0.00657419,7.02194
6.9124,0.00520125,7.26764
6.75757,0.00468143,7.11251
6.76196,0.00474282,7.11706
6.77885,0.00445795,7.13367
6.78057,0.0196732,7.15044
6.63269,0.00443339,6.98823
6.75044,0.00466298,7.10552
7.08093,0.00599195,7.43723
6.76735,0.00620521,7.12421
6.79062,0.0122145,7.15318
6.85302,0.00451117,7.2078
6.68066,0.0136574,7.04701
6.69832,0.00603018,7.05524
6.83538,0.00485056,7.19159
6.78606,0.00437692,7.14117
6.69084,0.00468087,7.0466
6.79694,0.00869987,7.157
6.73385,0.00433141,7.08924
6.6818,0.00710883,7.03862
6.65014,0.00422082,7.00504
6.80822,0.0138702,7.17373
6.88253,0.00483036,7.23792
6.75177,0.00631645,7.10902
6.78382,0.00653907,7.14143
6.81718,0.00445921,7.17223
6.77428,0.00512399,7.12954
6.84243,0.00764088,7.20011
6.8125,0.00442164,7.16747
6.81215,0.00395912,7.16662
6.70886,0.0029505,7.06279
6.78416,0.0140866,7.14881
6.63704,0.00544241,6.99281
6.76139,0.00506803,7.11695
6.76642,0.00460763,7.12144
4 threads per task
6.74147,0.0102424,7.10142
6.66301,0.0074868,7.02091
6.63677,0.00623905,6.99409
6.65895,0.0105422,7.02038
6.68257,0.00883052,7.04194
6.80719,0.00743128,7.16468
6.75041,0.0101425,7.11038
6.92558,0.00557883,7.28228
6.81205,0.0100663,7.17301
6.651,0.0194423,7.02074
6.65583,0.00696937,7.01362
7.02364,0.00707405,7.38131
6.9204,0.00613515,7.27644
6.76488,0.00838479,7.12351
6.78328,0.00547588,7.13912
6.61731,0.00770155,6.97552
6.81733,0.00595881,7.17273
6.67415,0.0111078,7.03691
6.69642,0.00654373,7.05341
6.65398,0.0155248,7.01912
6.64873,0.00647379,7.00617
6.6847,0.0146533,7.05074
6.97254,0.0130195,7.33613
6.76491,0.00708535,7.12135
6.71485,0.00700217,7.07243
6.77973,0.00854453,7.13938
6.74068,0.00611493,7.09713
6.66185,0.00733915,7.01985
6.83971,0.0102307,7.19964
6.92525,0.0142724,7.29023
6.74922,0.00661484,7.10648
6.69598,0.00612957,7.05262
6.76603,0.0102684,7.12795
6.87806,0.00845855,7.23804
6.73643,0.00688903,7.09343
6.9489,0.00684485,7.30683
6.76443,0.0150004,7.12873
6.6849,0.00947043,7.044
6.96778,0.0150291,7.33384
6.71872,0.0129067,7.08293
6.74965,0.00677669,7.10729
6.76017,0.0128035,7.12502
6.79734,0.00687128,7.15417
6.78898,0.0158707,7.15487
6.80894,0.00618581,7.16526
6.70489,0.00633083,7.06236
6.81577,0.00931134,7.17611
9.14229,0.00649477,9.49918
6.76053,0.00851334,7.11926
6.77983,0.00573692,7.13555
6.75913,0.00594437,7.11594
5 threads per task
6.81041,0.0083126,7.16912
6.73519,0.00922922,7.09519
6.76328,0.00782474,7.12159
6.70013,0.00949971,7.05933
6.78014,0.00891678,7.13974
6.78892,0.00726443,7.14655
6.69959,0.00823273,7.058
6.66144,0.0124563,7.02424
6.81424,0.00916875,7.17334
6.66391,0.0077047,7.0223
6.82704,0.0174357,7.19551
6.67733,0.00942445,7.03756
6.76071,0.00843245,7.11908
6.74799,0.00735011,7.10565
6.81785,0.0156939,7.18284
6.80306,0.00781464,7.16065
6.96564,0.00946619,7.32562
6.78219,0.0116676,7.14361
6.71068,0.00925579,7.0707
6.9002,0.011931,7.26243
6.65309,0.00717516,7.01147
6.71753,0.00703683,7.07588
6.66342,0.0195485,7.03481
6.80365,0.00881896,7.16221
6.78961,0.00694057,7.14748
6.65803,0.00762549,7.01657
6.98991,0.0100737,7.35029
6.87649,0.0114962,7.23888
6.76671,0.00710376,7.1242
6.77982,0.00757733,7.13808
6.7966,0.00752398,7.15434
6.95304,0.00774511,7.31158
6.8048,0.00848707,7.16331
6.80909,0.0158797,7.17783
6.65331,0.015725,7.01917
6.81342,0.0101688,7.17392
6.72306,0.014807,7.08818
6.71971,0.00921734,7.07907
6.70746,0.010065,7.06814
6.68647,0.00894905,7.04566
7.06248,0.00932865,7.42292
6.69175,0.0109699,7.05273
6.6869,0.00899205,7.04602
6.6861,0.00900181,7.04502
6.6691,0.00672465,7.02648
6.91701,0.0081137,7.27511
6.79541,0.00774497,7.15397
6.77986,0.00887798,7.13836
6.76882,0.0138915,7.13465
6.77659,0.0085175,7.13547
6.66151,0.0119692,7.02378
6 threads per task
6.74906,0.00768928,7.10707
6.7837,0.0085119,7.14259
6.75572,0.0156851,7.12097
6.72933,0.0137861,7.09399
6.77082,0.013718,7.13475
6.78768,0.0105988,7.1494
6.71001,0.0147822,7.07563
6.6863,0.0128534,7.0495
6.65587,0.0103611,7.01633
6.76643,0.0216168,7.13826
6.78638,0.00961125,7.14627
6.78989,0.0123007,7.15315
6.97194,0.0111645,7.3337
6.72121,0.00904659,7.08037
6.69771,0.00982363,7.05906
6.81746,0.0120152,7.17994
6.88566,0.0115676,7.24729
6.66007,0.0162572,7.02674
6.64903,0.0138304,7.01282
6.76197,0.0156528,7.12703
6.77291,0.0118148,7.1351
6.66438,0.0230457,7.03767
6.63861,0.014786,7.00319
6.80268,0.010384,7.16339
6.87917,0.0103251,7.23957
6.85197,0.0129091,7.21707
6.64433,0.0106151,7.00702
6.67361,0.0158285,7.03947
6.8421,0.015312,7.20729
6.73131,0.00996249,7.09185
6.90028,0.00983392,7.26067
6.78686,0.00938642,7.14665
6.80401,0.0115529,7.16585
6.79639,0.00835195,7.15464
6.71375,0.0125166,7.07614
6.78486,0.0105075,7.14576
6.65119,0.0123082,7.01415
6.80467,0.00986299,7.16495
6.66627,0.00851081,7.02896
6.81361,0.0112966,7.17565
6.80134,0.0138296,7.16606
6.6463,0.00927394,7.0053
6.78298,0.00906272,7.14221
6.67783,0.0109783,7.04015
6.83413,0.015525,7.20033
6.66705,0.0122248,7.03002
6.76942,0.0119539,7.13138
6.6986,0.0113235,7.06092
6.74735,0.0173779,7.1143
6.71257,0.0120337,7.07528
6.7142,0.0125491,7.07784
7 threads per task
6.66843,0.00991986,7.03038
6.75847,0.0153586,7.12442
6.9895,0.0154112,7.35583
6.67295,0.00895483,7.03234
6.78161,0.0136441,7.14561
6.69416,0.0155991,7.06043
6.80406,0.012809,7.16696
6.92856,0.0111468,7.2911
6.68579,0.015676,7.05071
6.66732,0.0125582,7.03027
6.67942,0.0127943,7.04238
6.77848,0.013636,7.1423
6.75543,0.015448,7.12066
6.66744,0.0106446,7.02852
7.05536,0.0125345,7.41901
6.98412,0.014395,7.34895
6.69126,0.0133559,7.05532
6.72783,0.0151928,7.09431
6.74763,0.0190676,7.11832
6.71142,0.0199729,7.0813
6.78766,0.0210287,7.1589
6.76915,0.0115398,7.13119
6.87758,0.0146345,7.24391
6.80678,0.0153035,7.1729
6.73018,0.0137906,7.09385
6.67479,0.0102029,7.03517
6.98869,0.0142365,7.35547
6.78999,0.0134409,7.15482
6.78871,0.0106894,7.1491
6.90037,0.0128578,7.26326
6.73932,0.011078,7.10146
6.66053,0.0115315,7.02225
6.8403,0.0208535,7.21378
6.76986,0.0136812,7.13466
6.70624,0.0125099,7.06903
6.96189,0.0119947,7.32381
6.67315,0.0148077,7.03784
6.72153,0.010312,7.08192
7.07068,0.0145956,7.43523
6.71114,0.0120245,7.07346
6.67089,0.0139116,7.03486
6.8724,0.0174956,7.24079
6.76893,0.0123271,7.13107
6.74005,0.0118548,7.10243
6.96382,0.013344,7.32799
6.75584,0.0116907,7.11781
6.67407,0.0111654,7.03529
7.31981,0.025217,7.69593
6.81916,0.013479,7.18338
6.82898,0.0175004,7.19716
6.79135,0.0210797,7.16295
8 threads per task
6.67609,0.0145115,7.04093
6.79741,0.0235908,7.17138
6.79064,0.0122929,7.15331
6.96298,0.0158721,7.32998
6.71736,0.0117214,7.07995
6.78486,0.0152479,7.1502
6.77843,0.015084,7.14266
6.75649,0.0163196,7.12301
6.84961,0.0158909,7.21557
6.77964,0.0203459,7.15289
6.78456,0.0151972,7.1504
6.77138,0.0142862,7.13573
6.83254,0.0170267,7.19894
6.77764,0.0145449,7.14218
6.95633,0.0130138,7.32019
6.66344,0.0149901,7.05498
6.83974,0.0179885,7.20874
6.90924,0.0158412,7.27475
6.77989,0.0153851,7.14591
6.80832,0.0139855,7.17281
6.77459,0.0156834,7.14127
6.71657,0.0159938,7.08304
6.72537,0.0176906,7.09435
6.73014,0.0156561,7.09686
6.68226,0.0179133,7.0516
6.66111,0.0165921,7.02866
6.66579,0.0240844,7.0419
6.83562,0.0178256,7.20358
6.87956,0.0143819,7.24488
6.76202,0.0194761,7.13144
6.77531,0.0136204,7.14086
6.68055,0.0124893,7.04342
6.83185,0.0221294,7.20455
6.82771,0.0157829,7.19255
6.78764,0.01432,7.152
6.80855,0.0154732,7.17532
6.61417,0.0165938,6.98071
6.76741,0.0155599,7.13233
6.74037,0.0148847,7.10532
6.65412,0.0152271,7.02009
7.04994,0.0107706,7.41206
6.81233,0.0162545,7.17792
6.83432,0.0190321,7.2046
6.82706,0.0162888,7.19307
6.80971,0.012947,7.17276
6.78175,0.012641,7.14483
6.74157,0.0151389,7.10665
6.9279,0.0123321,7.28972
6.72637,0.0225655,7.09918
6.81104,0.015459,7.1768
6.69865,0.0128785,7.06126
8 tasks per node
1 threads per task
6.73126,0.00555419,7.08931
6.75941,0.00554139,7.11667
6.76177,0.0055556,7.11829
6.62836,0.00561678,6.98561
6.71819,0.00547547,7.07542
6.68752,0.00558459,7.04546
6.74843,0.00556662,7.10437
6.80255,0.00543721,7.16061
6.67144,0.00544926,7.02805
6.60538,0.00538487,6.96205
6.99755,0.00603245,7.35521
6.6515,0.00540916,7.00848
6.70572,0.00555423,7.06302
6.75279,0.00549101,7.11021
6.77768,0.00543042,7.13458
6.73941,0.0055597,7.0965
6.76327,0.00555805,7.12028
6.7472,0.005554,7.10392
6.73863,0.00539939,7.09761
6.78167,0.00543738,7.13852
6.75428,0.00545233,7.11171
6.79507,0.00556281,7.15263
6.73411,0.00554251,7.09164
6.62684,0.00555275,6.98447
6.7508,0.00535185,7.10763
6.89685,0.00559469,7.25357
6.74184,0.00561153,7.09914
6.77552,0.00566711,7.13257
6.84022,0.00625169,7.19827
6.79305,0.00549953,7.15016
6.76387,0.00543466,7.12075
6.82718,0.00597259,7.18532
6.7254,0.00540248,7.08265
6.70841,0.00552465,7.06583
6.66868,0.00544899,7.02602
6.70695,0.00556598,7.06327
6.74564,0.00536462,7.10347
6.82489,0.00561197,7.18238
6.79892,0.00541066,7.15588
6.63651,0.00529057,6.99324
6.66859,0.00543067,7.0259
6.7725,0.00556104,7.12996
6.81944,0.00554708,7.17676
6.75436,0.00539802,7.11209
6.6842,0.00631939,7.04196
6.80555,0.00536589,7.16237
6.69165,0.00557936,7.04891
6.76588,0.00542669,7.12473
6.72575,0.00527027,7.08295
6.83206,0.00558364,7.18957
6.71835,0.00544976,7.07595
2 threads per task
6.79437,0.00396854,7.15
6.64638,0.00410314,7.00167
6.74656,0.00397029,7.10293
6.80336,0.00394515,7.16016
6.78168,0.00574152,7.13959
6.6469,0.00397588,7.00235
6.83363,0.00423009,7.18991
6.76747,0.00436203,7.12357
6.80261,0.0081973,7.16222
6.66835,0.00378822,7.02312
6.71763,0.00396657,7.07425
6.76415,0.00380838,7.1199
6.72972,0.00406972,7.08566
6.78722,0.00395888,7.14358
6.74473,0.00420103,7.10106
6.75225,0.0040819,7.10802
6.70578,0.00552226,7.06289
6.78883,0.00404795,7.14421
6.85438,0.00439814,7.21093
6.76858,0.00394127,7.12478
6.76805,0.00409998,7.12374
6.71203,0.00394224,7.06701
6.72399,0.00381341,7.07958
6.74133,0.00378933,7.09668
6.63685,0.00520009,6.99531
6.69267,0.00542459,7.04987
6.82446,0.00507334,7.18237
6.74802,0.00534507,7.10487
6.65398,0.00381452,7.00908
6.7539,0.00379553,7.10872
6.67227,0.00395848,7.0275
6.74833,0.00472082,7.10479
6.69979,0.00396095,7.05536
6.86316,0.00421125,7.21929
6.65738,0.00384183,7.0128
6.64163,0.00407227,6.99783
6.7948,0.0058269,7.15247
6.66095,0.00394956,7.0185
6.79738,0.00379802,7.15262
6.82988,0.00422022,7.18545
6.78765,0.00370845,7.14413
6.76974,0.00515229,7.12668
6.66368,0.0038238,7.01961
6.7356,0.00811248,7.09557
6.70549,0.00380539,7.06101
6.70747,0.00387167,7.06315
6.95688,0.00395128,7.31404
6.76268,0.00445857,7.11993
6.82047,0.0038385,7.17628
6.83893,0.00433195,7.19496
6.86304,0.00433573,7.21873
3 threads per task
6.76592,0.00535424,7.12315
6.65706,0.00617309,7.01556
6.6387,0.00447046,6.99482
6.76175,0.00426558,7.11812
6.74999,0.00524875,7.10765
6.83239,0.00478159,7.18913
6.80604,0.00415061,7.16177
6.65195,0.0046379,7.00923
6.74391,0.00501382,7.10047
6.66126,0.00470098,7.01809
6.82179,0.00461272,7.17849
6.8283,0.00561632,7.1859
6.84074,0.00484713,7.19662
6.73807,0.00462902,7.0952
6.67578,0.00442307,7.03167
6.77233,0.00456417,7.12922
7.01124,0.00444787,7.36958
6.78766,0.00440708,7.14325
6.7098,0.00439191,7.06568
6.74093,0.00474872,7.09747
6.72616,0.00415006,7.08205
6.78168,0.00446671,7.13745
6.7568,0.00440446,7.11194
6.7,0.00441498,7.05604
6.76384,0.00438607,7.11952
6.76223,0.00469542,7.11915
6.76205,0.00430789,7.11757
6.69877,0.00547648,7.05634
6.77979,0.00646034,7.13725
6.69803,0.0052331,7.05545
6.65122,0.00418203,7.00696
6.72169,0.0208104,7.09463
6.63973,0.00572662,6.99954
6.644,0.00653117,7.00295
6.62865,0.00574364,6.98663
6.68028,0.00470191,7.03558
6.67232,0.00538769,7.0298
6.85836,0.004565,7.21426
6.82057,0.00906873,7.18166
6.72288,0.00557637,7.08061
6.65944,0.00458981,7.0152
6.63483,0.0152482,7.00143
6.72237,0.00440126,7.07853
6.62079,0.00523451,6.97865
6.78747,0.00513677,7.1445
6.7587,0.00434051,7.11448
6.70651,0.00446346,7.06134
6.75908,0.00429523,7.11523
6.80843,0.0044286,7.16386
6.98796,0.00456355,7.34424
6.69451,0.00679611,7.05362
4 threads per task
6.6494,0.00814078,7.00887
6.92668,0.0143254,7.29465
6.81099,0.00787479,7.17078
6.66105,0.00667212,7.01954
6.6599,0.006222,7.01776
6.73776,0.0063909,7.0963
6.73089,0.00636467,7.08855
6.71044,0.00785133,7.07023
6.74039,0.0079677,7.1001
6.64938,0.01407,7.01583
6.65114,0.00859668,7.01307
6.78103,0.00853475,7.14116
6.80735,0.00883308,7.16795
6.9819,0.00616773,7.33944
6.70519,0.015824,7.07291
6.80553,0.00732347,7.16469
6.76941,0.00789215,7.12908
6.75863,0.0061732,7.11644
6.66008,0.00942923,7.02093
6.76684,0.00644259,7.12477
6.65569,0.00581439,7.01233
6.66698,0.013948,7.03489
6.69135,0.00695319,7.04933
6.79068,0.0084039,7.1507
6.69883,0.00575421,7.05641
6.71232,0.00712202,7.07149
6.70758,0.00632114,7.06582
6.835,0.00664345,7.19279
6.84858,0.00623801,7.20766
6.74162,0.00584501,7.10065
6.79102,0.00717461,7.14983
6.90311,0.00728592,7.26184
6.76958,0.00756328,7.12966
6.75572,0.0066286,7.11444
6.75774,0.00603911,7.11523
6.79901,0.00596136,7.15671
6.69842,0.00610837,7.05686
6.73382,0.00647113,7.09164
6.63359,0.00635926,6.99151
6.75891,0.00730508,7.11813
6.72782,0.00598336,7.086
7.32625,0.00672572,7.68517
6.8628,0.00738876,7.22162
6.65957,0.00575161,7.01618
6.76271,0.00674346,7.12203
6.77756,0.0062729,7.13652
6.75828,0.00733154,7.11884
6.78826,0.00807396,7.14822
6.7815,0.00633848,7.13918
6.79199,0.00611469,7.15001
6.74742,0.00655255,7.10595
5 threads per task
6.78318,0.00889666,7.14367
6.9678,0.00962197,7.33017
6.75868,0.00849077,7.11906
6.77797,0.0110187,7.14077
6.68754,0.00756939,7.04666
6.74177,0.00621374,7.10007
6.83536,0.00734275,7.19481
6.83783,0.0174411,7.20662
6.72358,0.00797448,7.0833
6.72199,0.00751523,7.08255
6.80127,0.00812402,7.1615
6.77755,0.00823819,7.13813
6.75803,0.00819392,7.11789
6.65223,0.0125807,7.01696
6.70837,0.0132398,7.07351
6.77417,0.00648116,7.13263
6.7333,0.00752266,7.09306
6.73537,0.0108134,7.09766
6.77295,0.00840347,7.13318
6.67397,0.00785321,7.03329
6.66674,0.0071125,7.02607
6.76046,0.00977481,7.12206
6.71228,0.00687805,7.07096
6.67264,0.0155033,7.0395
6.77589,0.00738295,7.13537
7.02086,0.0086031,7.38123
7.06096,0.00704648,7.41974
6.76418,0.00750232,7.12324
6.66616,0.0100772,7.02744
6.81237,0.00744081,7.17184
6.73469,0.00761913,7.09471
6.66169,0.00827825,7.02154
6.61798,0.00747557,6.97729
6.68121,0.00660037,7.03953
6.65739,0.00972584,7.01939
6.70384,0.00820911,7.06421
6.76963,0.00944148,7.13054
6.70033,0.00853136,7.06151
6.72181,0.00982741,7.083
6.62834,0.00976509,6.98942
6.75989,0.00642707,7.11729
6.67632,0.00966358,7.03778
6.76021,0.00911553,7.12045
6.77979,0.00798706,7.13983
6.63472,0.00705421,6.99338
6.73665,0.00939742,7.09886
6.67877,0.00953311,7.04019
6.75969,0.00853857,7.12061
6.80865,0.015508,7.17533
6.81372,0.00880104,7.17472
6.67448,0.0082471,7.03514
6 threads per task
6.7755,0.0100543,7.13955
6.77648,0.0108193,7.13859
6.85861,0.00947752,7.21992
6.6501,0.0108456,7.01367
6.74438,0.00964383,7.10745
6.63957,0.0108131,7.00127
6.79471,0.00969687,7.15612
6.87643,0.0108258,7.23891
6.80224,0.00939804,7.16377
7.0588,0.0118921,7.423
6.72593,0.0107686,7.08966
6.86118,0.0115039,7.22458
6.89034,0.0108714,7.25365
6.82396,0.0110979,7.18995
6.7446,0.010791,7.10747
6.71337,0.00864773,7.07363
6.79587,0.0100624,7.15768
6.783,0.007938,7.14418
6.72811,0.0116074,7.09152
6.6758,0.0100156,7.03842
6.77954,0.0156965,7.14661
6.77918,0.0110974,7.14097
6.78116,0.00959842,7.14305
6.82558,0.00893429,7.18465
6.76393,0.0104192,7.12559
6.71945,0.00856921,7.07981
6.71605,0.010544,7.07834
6.77555,0.0122576,7.13939
6.78357,0.0120525,7.14743
6.75929,0.022834,7.13376
6.80185,0.0153622,7.16781
6.67416,0.0103687,7.03638
6.9838,0.0116084,7.34757
6.70342,0.0106135,7.06553
6.82638,0.0117135,7.19037
9.10317,0.0118848,9.46646
6.81959,0.0112613,7.18124
6.75394,0.0094666,7.11493
6.65444,0.0122931,7.01874
6.75941,0.00935613,7.12029
6.67311,0.0108092,7.03662
6.77125,0.00965797,7.13269
6.72148,0.00890535,7.08218
6.78961,0.0124534,7.15416
6.79592,0.0173741,7.16511
6.65188,0.0100527,7.01416
6.78748,0.00872583,7.14786
6.8873,0.0119559,7.2506
6.81673,0.0128211,7.18181
6.81276,0.00928703,7.17363
6.72909,0.010349,7.09116
7 threads per task
6.73396,0.0108903,7.09634
6.73131,0.0123639,7.09533
6.74837,0.0153387,7.11523
6.60928,0.0103271,6.97117
6.73271,0.012755,7.09676
6.75016,0.0146038,7.11645
6.67879,0.0106623,7.04101
6.71091,0.0150076,7.07829
6.66698,0.0106975,7.02928
6.80942,0.0133337,7.17435
6.79168,0.0110455,7.1555
6.7762,0.0106596,7.13824
6.72842,0.00893757,7.08929
6.71339,0.0120197,7.07755
7.01479,0.0155206,7.3817
6.79956,0.0182849,7.16928
6.77357,0.0101167,7.13512
6.69274,0.0119878,7.05639
6.83534,0.0116513,7.19914
6.77213,0.0129504,7.13712
6.66873,0.0152009,7.03565
6.77757,0.0129001,7.14215
6.78751,0.0139667,7.15312
6.85169,0.0126428,7.21658
6.66107,0.0123502,7.02492
6.68333,0.0107554,7.04557
6.63288,0.0101676,6.99545
6.7595,0.0113132,7.12375
6.71763,0.0129507,7.08279
6.81741,0.013981,7.18317
6.75962,0.0113904,7.12219
6.77598,0.0133455,7.14165
6.80134,0.00877905,7.16223
7.00533,0.015197,7.37014
6.70396,0.012839,7.06839
6.77697,0.011362,7.14065
6.6634,0.0140957,7.02992
6.87585,0.0150865,7.24229
6.71978,0.0118739,7.08464
7.0896,0.0137081,7.45466
6.7168,0.015234,7.08374
6.68717,0.0117562,7.05104
6.7825,0.0121874,7.14655
6.71181,0.0126925,7.07703
6.72581,0.0140102,7.09175
7.00958,0.0139995,7.37587
6.66816,0.0120686,7.03192
6.77708,0.0151817,7.14566
6.69059,0.0120218,7.0543
6.72548,0.0102163,7.08788
6.63132,0.00991997,6.99234
8 threads per task
6.70919,0.0149203,7.07518
6.68121,0.0150119,7.048
6.82604,0.0162381,7.19423
6.65356,0.0133789,7.01951
6.77075,0.0175962,7.14058
6.74963,0.0146151,7.11622
6.64272,0.0183296,7.01229
6.7649,0.0133538,7.13038
6.77249,0.0176212,7.14229
6.66197,0.0129742,7.02678
6.92321,0.0209333,7.29523
6.75641,0.0151147,7.12268
6.74751,0.0231633,7.1227
6.7311,0.016932,7.10011
6.80486,0.0149688,7.17079
6.79202,0.0161098,7.16002
6.75404,0.0151618,7.11912
6.80319,0.0148215,7.16965
6.73071,0.0146354,7.09753
6.68131,0.0146471,7.04718
6.76919,0.0137788,7.1341
6.78478,0.0164885,7.15349
6.80329,0.0157792,7.1688
7.03941,0.0148068,7.40613
6.71268,0.013755,7.09387
6.77572,0.0124515,7.13915
6.68403,0.0256116,7.06239
6.72687,0.013427,7.09251
6.77848,0.0137291,7.14361
6.80229,0.0169271,7.17135
6.8857,0.0163926,7.25408
6.74745,0.0150033,7.11406
6.82023,0.0173309,7.18898
6.80629,0.015623,7.17422
6.77026,0.0138378,7.13551
6.78234,0.0147998,7.14916
6.89193,0.0132562,7.25729
6.62697,0.0146153,6.99321
6.69107,0.0127891,7.05637
6.79546,0.0241259,7.17182
6.90257,0.0156178,7.27002
6.64199,0.0162776,7.00986
6.66008,0.0182144,7.02992
6.77845,0.0149759,7.14495
6.78544,0.0160876,7.15352
6.65907,0.0139577,7.02441
6.7468,0.0170239,7.11524
6.66453,0.0125559,7.0294
6.77074,0.0232254,7.16163
6.86451,0.0160415,7.23211
6.66009,0.0125547,7.02525
9 tasks per node
1 threads per task
6.9843,0.00559261,7.07647
6.98665,0.0055893,7.07397
6.88243,0.00560542,6.96996
6.9421,0.00558884,7.02905
7.01674,0.00559683,7.10437
6.87558,0.00560154,6.96412
6.99058,0.0055957,7.0776
6.93633,0.00559876,7.02403
6.88793,0.00564238,6.97554
6.9715,0.00559067,7.05866
6.88965,0.00559153,6.97657
6.96263,0.00562471,7.05043
7.01874,0.00558955,7.10585
6.92726,0.005593,7.01439
6.98909,0.00560536,7.07636
7.10108,0.00604883,7.18864
6.86024,0.00559869,6.94712
7.06054,0.00558998,7.14777
6.84811,0.00562445,6.93531
6.865,0.00561085,6.95202
7.07959,0.00631885,7.16747
6.96879,0.00562605,7.05573
6.95386,0.00559499,7.04186
6.875,0.00559297,6.96196
6.91962,0.00560756,7.00634
6.85667,0.00559281,6.94516
6.92353,0.00559045,7.01079
7.35691,0.00559583,7.44359
6.95534,0.00561255,7.04268
6.98816,0.00559878,7.07564
6.86231,0.00559044,6.94933
7.02286,0.0055999,7.10904
7.00905,0.00542138,7.09608
6.91445,0.00564747,7.00177
6.91501,0.00560079,7.00294
6.89363,0.005627,6.98113
6.99237,0.00559965,7.07985
6.95309,0.00558793,7.04085
6.85434,0.00560653,6.94153
6.97635,0.00558935,7.06299
7.00743,0.00560118,7.09497
7.10237,0.0060632,7.19089
7.05574,0.0055961,7.14613
7.07013,0.00559619,7.157
7.05678,0.00559204,7.14399
6.88034,0.00560075,6.96678
6.98809,0.00559264,7.07515
6.95776,0.00559573,7.04439
7.21744,0.00559456,7.30407
6.87987,0.00560365,6.96644
7.01345,0.00560074,7.10028
2 threads per task
6.91309,0.0052052,6.99996
7.04124,0.00711748,7.12962
6.9792,0.00680619,7.06814
6.99667,0.00401514,7.08183
7.02598,0.00575849,7.11366
6.99169,0.00608571,7.07945
6.97074,0.00608648,7.05812
6.9091,0.0065827,6.99719
7.00649,0.00649416,7.09461
7.13494,0.00566152,7.22187
6.98778,0.00614592,7.07551
6.84793,0.0040785,6.93387
7.03772,0.00576445,7.12517
7.12531,0.00581658,7.21678
6.99868,0.00775086,7.08814
6.98242,0.00773853,7.07239
7.04968,0.00575819,7.13813
7.0072,0.00483365,7.09426
6.87023,0.00796655,6.95987
7.09139,0.00774955,7.18089
7.00535,0.00678163,7.09363
6.97112,0.0077574,7.06037
6.93357,0.00757965,7.02235
6.8806,0.0067413,6.96878
6.88581,0.00619917,6.97341
6.85472,0.0049556,6.94195
7.04819,0.00768857,7.1375
6.862,0.00554389,6.94903
6.94074,0.00776611,7.03011
6.9836,0.0057546,7.07098
7.0008,0.00778649,7.09071
7.12663,0.0070995,7.21543
7.0153,0.00915639,7.10579
7.0226,0.00702118,7.11081
7.0538,0.00819631,7.14422
6.86192,0.00775926,6.95089
6.87607,0.00574942,6.96381
6.98224,0.00611502,7.06999
7.08783,0.00613824,7.17603
6.88461,0.00694098,6.97318
6.91172,0.00584279,6.99933
6.88232,0.00676915,6.97047
6.84828,0.00697643,6.9368
6.987,0.00418548,7.07241
6.8846,0.00824926,6.97415
7.0489,0.00484593,7.13488
7.04193,0.00710504,7.13043
6.96503,0.00554364,7.05383
6.99079,0.00768611,7.07977
6.87484,0.00901374,6.96802
6.97167,0.0090958,7.06203
3 threads per task
6.8773,0.00881562,6.96765
7.10554,0.00921751,7.19684
7.02037,0.00897245,7.11074
6.97996,0.0124501,7.0743
7.03049,0.0173795,7.13024
6.97021,0.0173325,7.06959
6.85481,0.00790979,6.94412
7.13472,0.00803513,7.22535
7.06288,0.0102731,7.15466
7.03576,0.00840915,7.12497
6.92694,0.00691674,7.01507
6.9335,0.00708841,7.02197
6.97613,0.00883245,7.06637
7.03257,0.00810117,7.12275
6.95488,0.00999986,7.04664
7.00256,0.0094965,7.0934
6.92014,0.00812498,7.0107
6.93785,0.010581,7.03016
6.97151,0.00769051,7.06168
6.98758,0.0165991,7.08641
6.97475,0.00835493,7.06407
6.98131,0.00737249,7.07057
6.88561,0.0114756,6.97901
7.03375,0.00984916,7.1255
6.93095,0.00875523,7.02157
7.02662,0.00716596,7.11518
6.96177,0.00843989,7.0513
6.98656,0.00871281,7.07684
7.23289,0.00781478,7.32258
6.97758,0.00716908,7.06679
7.00045,0.0166206,7.16066
6.98174,0.0065711,7.07045
6.87689,0.00932966,6.96801
6.85572,0.00855358,6.94582
7.05776,0.00880582,7.14813
7.02627,0.00733526,7.11524
7.01243,0.00880687,7.10248
6.97172,0.0086364,7.06529
7.11152,0.00868378,7.20241
6.87571,0.00877318,6.9661
7.04819,0.00895313,7.13886
6.90226,0.0100179,6.99409
6.94224,0.00939321,7.03311
6.97409,0.00969186,7.06571
7.06586,0.0174041,7.16497
7.05185,0.0172414,7.1617
7.14316,0.0388783,7.27688
6.9919,0.009562,7.08326
6.83556,0.0199033,6.9367
6.88599,0.00862118,6.97631
7.05392,0.00907248,7.14463
4 threads per task
7.01473,0.0101412,7.10684
7.02342,0.0105532,7.11571
6.87065,0.00947445,6.9617
6.89563,0.0100446,6.98718
6.93967,0.0123454,7.03333
6.92427,0.0123164,7.01811
7.01226,0.0136286,7.10935
7.25674,0.0113147,7.3498
6.91164,0.0127717,7.0064
6.94943,0.0101823,7.04088
7.22132,0.0113078,7.31419
6.99586,0.0110399,7.08856
7.05854,0.0122459,7.15207
6.93236,0.0105274,7.02449
6.98597,0.0109177,7.07855
6.86497,0.0107349,6.95725
6.86236,0.0117941,6.95576
7.04884,0.00901141,7.13994
6.98935,0.00848469,7.07935
7.08592,0.0115595,7.1811
6.97405,0.00910555,7.06422
7.00754,0.0162657,7.10503
6.89185,0.00882324,6.98275
7.00462,0.0111995,7.09691
6.99801,0.0120582,7.0937
7.00994,0.00976018,7.10163
6.97153,0.0127592,7.06595
6.94242,0.0102903,7.03366
7.28328,0.0117221,7.37708
7.13115,0.0113622,7.22457
7.06494,0.0111951,7.15808
7.02622,0.0121706,7.12003
7.25638,0.010155,7.34838
7.01456,0.0149938,7.1117
7.00709,0.0121349,7.10087
6.86745,0.0154474,6.96434
6.93411,0.0223315,7.04747
6.86907,0.0108558,6.96188
6.96253,0.0108685,7.05548
6.96829,0.0123069,7.06221
7.24763,0.0207857,7.35034
7.01217,0.0129314,7.10678
7.03253,0.0143252,7.13007
6.90362,0.0189824,7.00663
6.95019,0.0114689,7.04441
6.99109,0.0135568,7.08779
6.861,0.0142795,6.95877
6.89859,0.0103193,6.99215
6.88049,0.0112975,6.97426
6.87367,0.0117455,6.96667
7.07983,0.00929488,7.17112
5 threads per task
6.99174,0.0150101,7.08843
6.97504,0.0114699,7.06876
6.91992,0.0151513,7.01694
7.00598,0.0149864,7.11293
7.33466,0.0163575,7.43475
7.00955,0.0143216,7.10601
7.03204,0.015989,7.13454
7.0097,0.0139827,7.10528
6.95666,0.0124156,7.05081
7.04674,0.011006,7.13969
6.99592,0.0134885,7.09106
6.88151,0.013974,6.97672
6.9564,0.0140277,7.05207
6.86834,0.0174273,6.96939
6.97738,0.0266817,7.08762
7.00459,0.0172467,7.10353
6.96902,0.0161956,7.06698
7.0369,0.0177356,7.13592
6.9144,0.0289715,7.02668
7.03452,0.0148025,7.13109
7.0686,0.0153294,7.16569
7.04116,0.0148811,7.13848
6.98317,0.0138098,7.07847
7.0404,0.0158701,7.13889
7.00528,0.0146007,7.10133
6.86121,0.013798,6.967
6.88141,0.0139481,6.97702
6.91594,0.0149555,7.01404
7.02149,0.0159674,7.1187
6.88529,0.0143606,6.98177
7.32134,0.0142958,7.41747
7.27646,0.0150828,7.37298
7.12226,0.0120781,7.22025
7.09061,0.0160883,7.18854
6.87639,0.0138486,6.97161
6.84949,0.0153778,6.94847
6.8721,0.0160859,6.97001
6.85833,0.00958709,6.94984
7.0293,0.0110769,7.12191
6.98225,0.0151435,7.0787
7.04026,0.0143381,7.13633
7.005,0.0198427,7.10923
6.8665,0.0114808,6.96084
6.99224,0.0111007,7.08969
7.0413,0.0143866,7.13765
6.88308,0.0212844,7.00999
6.88011,0.014559,6.97793
6.88597,0.0151699,6.98275
6.87216,0.0115251,6.96571
6.90227,0.0148058,6.9986
7.03795,0.0139514,7.13388
6 threads per task
7.02283,0.0171975,7.12335
6.90678,0.0175998,7.0073
6.85937,0.0191065,6.95951
6.85269,0.0173486,6.95306
6.99983,0.0172804,7.09919
7.0624,0.0158042,7.15976
7.07935,0.0174845,7.18107
6.86106,0.0188137,6.96156
7.00568,0.018806,7.10609
7.05158,0.0168018,7.15137
6.85647,0.0164681,6.9544
6.87103,0.0191308,6.97191
7.00187,0.017337,7.10587
7.04288,0.0163344,7.14058
6.86516,0.0174421,6.96424
7.22706,0.0163721,7.3246
6.96507,0.0135602,7.06022
6.95193,0.0171757,7.05284
6.99113,0.0166076,7.08996
7.26364,0.0176911,7.36306
6.8725,0.0169691,6.97259
7.03991,0.019631,7.14146
6.89114,0.0140138,6.98868
6.95709,0.0170332,7.05706
7.04302,0.0206225,7.14548
7.03106,0.0170753,7.13052
6.86166,0.0178194,6.96105
7.08366,0.0189282,7.18603
6.96966,0.0167312,7.0698
7.02039,0.0182406,7.1203
7.14182,0.0164533,7.24088
6.85625,0.0165857,6.95637
6.88073,0.0176357,6.98041
7.05748,0.0236589,7.16337
7.03179,0.0190068,7.1333
7.02072,0.0126732,7.11466
6.99908,0.0196171,7.10109
7.01774,0.017253,7.11635
6.95536,0.0245732,7.06245
7.06734,0.0158899,7.16475
7.27445,0.0154413,7.37142
7.02641,0.0212426,7.12925
7.03174,0.0184563,7.13155
7.03832,0.019373,7.13952
7.03225,0.0175273,7.13175
6.97025,0.0175233,7.06962
6.96505,0.0177089,7.06485
6.98112,0.0210015,7.08428
7.00879,0.017371,7.10798
7.21159,0.0179857,7.31081
7.01315,0.0151263,7.11112
7 threads per task
6.89245,0.0154243,6.98952
6.88154,0.014754,6.97936
7.00378,0.0145576,7.10032
6.84701,0.0146469,6.94339
7.11181,0.0197843,7.21503
6.88359,0.0202728,6.98608
6.94698,0.0164559,7.0451
7.05554,0.0169902,7.15417
6.98778,0.015403,7.08455
6.91381,0.0214994,7.01723
6.87256,0.021626,6.97559
7.04686,0.0151102,7.14857
6.86634,0.0165018,6.96448
6.91727,0.0206027,7.01956
7.03288,0.0177016,7.13721
6.94437,0.0153321,7.04094
6.99777,0.0166953,7.09601
7.00147,0.0143862,7.0978
6.96344,0.0167762,7.06165
7.02887,0.0180735,7.12839
7.19515,0.017125,7.29723
7.00814,0.0172407,7.11416
7.03941,0.0201307,7.14118
6.9251,0.0154685,7.02606
7.1866,0.0232761,7.2934
6.87865,0.0190291,6.98151
6.94098,0.0175374,7.04009
6.87625,0.0143035,6.97231
6.98139,0.0176917,7.08421
6.94551,0.01536,7.04263
7.53398,0.0150753,7.63106
7.02458,0.0223916,7.12841
6.98696,0.0247561,7.09341
6.82692,0.0168494,6.92499
6.99879,0.0150319,7.09475
6.94407,0.0153229,7.04089
7.06858,0.0147415,7.16576
6.87514,0.0144297,6.97149
6.8944,0.017146,6.99656
7.0433,0.0203206,7.14723
6.8462,0.0170892,6.94561
6.91136,0.0181198,7.0113
6.99727,0.0154287,7.09832
7.98378,0.0233944,8.08932
6.99435,0.0186189,7.09499
7.02383,0.0201177,7.13384
6.85635,0.0154741,6.95346
6.89167,0.0198081,6.9971
6.94924,0.0144214,7.0457
7.09022,0.0149343,7.18934
6.88418,0.0196442,6.98751
8 threads per task
7.01151,0.0175548,7.1127
6.98193,0.0212391,7.08649
7.11196,0.0231532,7.21851
6.93891,0.0181608,7.0408
6.86972,0.0255187,6.9771
7.06834,0.0218985,7.17408
6.93088,0.0221373,7.03512
7.00659,0.0261211,7.11471
6.93873,0.0192384,7.04458
6.94307,0.0237315,7.04845
6.99179,0.0262706,7.10029
6.94855,0.021706,7.05541
6.95982,0.0259551,7.06683
6.88636,0.020422,6.99027
6.87626,0.0212762,6.98095
6.97015,0.0225499,7.07485
7.0374,0.0234212,7.14259
7.0728,0.0239065,7.18031
7.00032,0.0223299,7.10426
6.93738,0.0220499,7.0406
6.92946,0.0231528,7.03396
7.30817,0.0236041,7.41331
6.95955,0.0223002,7.06355
7.0023,0.0219317,7.10559
7.07227,0.0252173,7.17979
6.88483,0.0191612,6.99011
6.94377,0.0248482,7.05116
6.98319,0.023975,7.0886
6.96321,0.0237136,7.06973
6.8855,0.0194747,6.98776
6.98409,0.0228142,7.09142
6.85111,0.0264846,6.95922
7.09137,0.0229062,7.19924
7.00658,0.0240241,7.11212
7.06485,0.0224798,7.16867
7.0592,0.0242698,7.16722
6.86417,0.0229864,6.96875
6.99121,0.0268727,7.09936
6.85796,0.0262565,6.96581
6.95354,0.0203915,7.05942
6.95302,0.0239005,7.05922
6.9761,0.0199453,7.08386
7.09715,0.0235435,7.20298
6.8382,0.0198525,6.93925
6.89491,0.0241589,7.00256
7.00287,0.0233047,7.10876
6.98674,0.0219703,7.09308
6.94332,0.0200815,7.04592
7.09606,0.0234822,7.20746
7.03934,0.0224424,7.14302
6.95827,0.0232031,7.06282
