8 tasks per node
1 threads per task
24.1329,0.0095467,0.00243064,24.8073
14.4855,0.00919594,0.00310557,15.16
14.5118,0.00919518,0.00329192,15.1855
14.5071,0.0091098,0.0021537,15.1792
14.5097,0.00907924,0.00317449,15.183
14.4564,0.00919416,0.00279585,15.1291
14.6201,0.00923154,0.00207897,15.2931
14.4537,0.00935377,0.00198819,15.1255
14.5952,0.00933552,0.00187604,15.2671
14.4537,0.00946982,0.00178529,15.1234
14.5326,0.0091735,0.00242245,15.2049
14.4741,0.00950796,0.00162084,15.1469
14.5804,0.00914385,0.00295448,15.2533
14.4456,0.0092268,0.00345909,15.1192
14.5324,0.00946805,0.00304401,15.206
14.4924,0.00901365,0.00220563,15.1642
14.7675,0.00943233,0.00262632,15.4403
14.492,0.00904801,0.00277989,15.1651
14.6894,0.00906081,0.00348786,15.3623
14.3964,0.00918286,0.00287052,15.0695
14.468,0.00932445,0.00302191,15.1407
2 threads per task
14.9129,0.00575911,0.00149806,15.5806
14.4461,0.00575405,0.00813473,15.1181
14.4999,0.00549425,0.00141421,15.1684
14.458,0.00548977,0.00304886,15.1272
14.492,0.00544994,0.0014849,15.1589
14.588,0.0057594,0.00236915,15.2565
14.8221,0.00555567,0.001522,15.4905
14.5183,0.00549751,0.00169665,15.1865
14.6014,0.00552838,0.00195088,15.2684
14.4206,0.00551288,0.00309282,15.0901
14.4606,0.00552624,0.00198089,15.1292
14.4696,0.00568258,0.00197644,15.1377
14.4879,0.00543509,0.00148517,15.1557
14.5847,0.00563039,0.001962,15.255
14.4565,0.00547058,0.00215476,15.1247
14.4019,0.00575998,0.00167481,15.0707
14.5989,0.0055109,0.00180777,15.2654
14.4681,0.00553136,0.00233387,15.1364
14.5384,0.00549938,0.00235187,15.2075
14.4302,0.00580825,0.00124047,15.0986
14.424,0.00552531,0.00240165,15.0929
3 threads per task
14.6552,0.00553442,0.00296208,15.3247
14.4887,0.00572447,0.00215716,15.1571
14.4381,0.00537756,0.00558376,15.1099
14.6754,0.00845379,0.000247328,15.3449
14.4358,0.00546361,0.00242438,15.1044
14.4739,0.00897628,0.0002344,15.1437
14.6234,0.0065617,0.00247075,15.2931
14.7904,0.00416424,0.00512909,15.4596
14.4022,0.00951637,0.000561235,15.0729
14.4175,0.00658391,0.0013306,15.0863
14.7777,0.00431598,0.0038829,15.4471
14.4412,0.00707656,0.000237088,15.1093
14.4806,0.00548098,0.00652133,15.1533
14.5749,0.00424723,0.00277163,15.2425
14.5633,0.00718779,0.00209433,15.2327
14.3946,0.00390432,0.005375,15.0646
14.5795,0.00830217,0.00145816,15.251
14.5247,0.00735611,0.000242551,15.1911
14.4484,0.00733212,0.000237046,15.1169
14.4571,0.00604198,0.00158699,15.1257
14.4668,0.00760258,0.00218936,15.137
4 threads per task
14.4503,0.00607991,0.00301315,15.1206
14.4923,0.00869155,0.00145495,15.1633
14.411,0.00492476,0.00523123,15.0808
14.4568,0.0081452,0.000751341,15.1267
14.4219,0.00799202,0.00324598,15.0935
14.4107,0.00833642,0.000238814,15.081
14.4718,0.00590956,0.00626853,15.1439
14.4024,0.0078765,0.000454883,15.0717
14.3755,0.00788861,0.00423395,15.0484
14.5012,0.00870219,0.000667152,15.1692
14.6017,0.00795703,0.00313766,15.2736
14.8531,0.00950324,0.000243007,15.5216
14.4561,0.00790729,0.00216602,15.1262
14.3965,0.00815089,0.00114617,15.0661
14.504,0.00901623,0.000447457,15.1742
14.4918,0.00911089,0.0022399,15.164
14.3908,0.0097074,0.00100892,15.0619
14.6296,0.00798062,0.000291369,15.2991
14.5911,0.00967603,0.00034547,15.26
14.9461,0.00820911,0.00135464,15.615
14.5119,0.00870151,0.00112075,15.184
5 threads per task
14.5859,0.0110734,0.000417801,15.2585
14.5927,0.0105316,0.000245668,15.2645
14.3888,0.00937663,0.0009953,15.06
14.5197,0.00786203,0.00365991,15.1926
14.4664,0.00893344,0.00173347,15.1363
14.7906,0.00928226,0.00201822,15.4625
14.5846,0.0134297,0.000237472,15.2685
14.5503,0.00883641,0.00211931,15.2236
14.4942,0.00757909,0.00584246,15.1681
14.4897,0.0104827,0.000239935,15.1612
14.5565,0.00961677,0.0017556,15.2288
14.5025,0.00956985,0.00251481,15.1735
14.8939,0.0144085,0.000266623,15.5694
14.4694,0.00740595,0.00619367,15.1436
14.8024,0.00774113,0.0051409,15.4757
14.946,0.0104505,0.000244536,15.6168
14.9072,0.0106805,0.00152253,15.5779
14.5487,0.00757625,0.00561839,15.2232
14.4902,0.00921853,0.00127612,15.1614
14.5248,0.0126712,0.000252414,15.1986
14.6233,0.00956152,0.000240305,15.294
6 threads per task
14.466,0.0111608,0.00143658,15.1393
14.6108,0.0113383,0.00233723,15.2856
14.4835,0.0103038,0.00351906,15.1557
14.6448,0.0159509,0.000245907,15.3221
14.4255,0.0135117,0.000247956,15.1005
14.5807,0.0118702,0.00316275,15.2568
14.7042,0.0132777,0.00181814,15.3807
14.4329,0.0113706,0.00260523,15.1074
14.4161,0.0111287,0.00570588,15.0933
14.5833,0.0113606,0.00187681,15.257
14.5946,0.0113008,0.00538654,15.2715
14.4646,0.0102495,0.00248612,15.1379
14.5368,0.0112276,0.00325401,15.2121
14.5003,0.011693,0.00319853,15.1759
14.4749,0.0127714,0.00144747,15.1479
14.4205,0.0132125,0.000675693,15.0952
14.6766,0.00650792,0.00935987,15.3506
14.4535,0.0103807,0.00419171,15.1301
14.5755,0.0130937,0.000252119,15.2499
14.5266,0.0102739,0.00225861,15.2005
14.4674,0.0136114,0.000243663,15.1418
7 threads per task
14.4708,0.0106049,0.00785443,15.15
14.4312,0.0113859,0.0050576,15.1092
14.6007,0.0141012,0.00278777,15.2783
14.4393,0.0151869,0.0035467,15.1191
14.6787,0.0157226,0.000228067,15.3557
14.4588,0.0128793,0.00439248,15.1366
14.4004,0.017011,0.000245535,15.0802
14.5059,0.0103376,0.00572596,15.1826
14.4076,0.0168757,0.000582586,15.086
14.438,0.0114964,0.00499689,15.1159
14.5042,0.0118623,0.00551462,15.1805
14.5091,0.0133504,0.00785637,15.1912
14.5132,0.01486,0.00321473,15.1916
14.4681,0.0137001,0.00321629,15.1459
14.4226,0.0167428,0.000250795,15.1001
14.5286,0.0194805,0.000252748,15.2084
14.4502,0.0157606,0.00243704,15.1293
14.4291,0.0121908,0.00691934,15.109
14.4139,0.0161836,0.00202739,15.0936
14.4315,0.0123129,0.00545286,15.1099
14.6041,0.0137826,0.0013656,15.2796
8 threads per task
14.5118,0.0137747,0.00524627,15.1913
14.4832,0.0156704,0.00300868,15.1631
14.5746,0.0159644,0.00563372,15.2567
14.3783,0.0155331,0.00408753,15.0597
14.3889,0.0173885,0.00182429,15.069
14.4672,0.0148398,0.0049563,15.1491
14.6097,0.0198979,0.000245916,15.29
14.4987,0.0163451,0.000237572,15.176
14.4703,0.0138758,0.00542817,15.15
14.4404,0.011817,0.00979363,15.1225
14.5317,0.0160999,0.001624,15.21
14.4356,0.0143503,0.00278087,15.1152
14.5061,0.0153266,0.00299485,15.185
14.6123,0.017409,0.000229542,15.2903
14.7082,0.0191798,0.000238976,15.3882
14.4885,0.0172197,0.000243236,15.1672
14.4947,0.0172588,0.000348483,15.1756
14.7395,0.0137083,0.00674996,15.4208
14.6274,0.0139647,0.00765011,15.3083
14.4784,0.0214493,0.000254689,15.1608
14.6034,0.011936,0.0122321,15.2882
