Bash version 4.2.46(1)-release...
1 tasks per node
1 threads per task
3.76256,0.00342243,4.44121
2.31912,0.00343777,2.99842
2.33354,0.00343029,3.01245
2.29385,0.00340828,2.97139
2.33466,0.00334538,3.01365
2.35537,0.00336912,3.03498
2.33614,0.00337748,3.01333
2.30698,0.00334239,2.98595
2.33925,0.00332075,3.0171
2.31109,0.00332661,2.98812
2.37793,0.00352458,3.05487
2.29632,0.003361,2.97476
2.29823,0.00340892,2.97742
2.35123,0.00334765,3.02914
2.35785,0.00347763,3.03597
2.3546,0.00333621,3.03349
2.33009,0.00330352,3.00802
2.34047,0.00343041,3.01943
2.38266,0.0033066,3.05988
2.3287,0.00335004,3.00461
2.35004,0.00316601,3.0269
2.29686,0.00335634,2.97742
2.30725,0.00337254,2.98405
2.28847,0.00333566,2.96683
2.33619,0.00330161,3.01493
2.35319,0.00336036,3.03288
2.34307,0.00346872,3.02426
2.31326,0.00338625,2.99081
2.34603,0.00346751,3.02348
2.34568,0.00342744,3.0234
2.32834,0.00332245,3.00667
2.34274,0.00330873,3.01972
2.36041,0.00346746,3.0395
2.31213,0.00355575,2.99072
2.30987,0.00336544,2.98906
2.29846,0.00332673,2.9762
2.33605,0.0034291,3.01336
2.34056,0.00342378,3.0172
2.30876,0.00320368,2.98768
2.2948,0.00332852,2.97254
2.36035,0.00333891,3.03763
2.33126,0.00336848,3.00882
2.35893,0.00334841,3.03707
2.32206,0.00337765,3.00017
2.33391,0.00333341,3.011
2.45713,0.00339456,3.13513
2.3442,0.00339347,3.02151
2.37938,0.00331051,3.05617
2.36308,0.00338831,3.04073
2.33877,0.00331738,3.01852
2.33393,0.00338741,3.01098
2 threads per task
2.44204,0.00198946,3.12119
2.34848,0.0020526,3.02493
2.34885,0.00191361,3.02736
2.30168,0.00193953,2.97702
2.3383,0.00195701,3.01607
2.33092,0.00199485,3.00785
2.33844,0.00182969,3.01393
2.34326,0.00229327,3.02364
2.41533,0.00198779,3.09197
2.29476,0.00190743,2.97058
2.35241,0.00209767,3.03074
2.34602,0.00198902,3.0218
2.39282,0.00190457,3.07011
2.33949,0.00210255,3.0184
2.32839,0.00195206,3.00681
2.3311,0.00196063,3.00877
2.33696,0.00212302,3.01414
2.32382,0.00196961,3.00393
2.39368,0.00202597,3.07049
2.33256,0.00206661,3.00993
2.33889,0.00193877,3.01721
2.31924,0.00199336,2.99643
2.35873,0.00198537,3.03665
2.3045,0.0020395,2.98151
2.3003,0.00195258,2.97705
2.29208,0.00201822,2.96964
2.30944,0.00203165,2.98394
2.33819,0.00194157,3.01471
2.33998,0.00196222,3.01671
2.33003,0.00190192,3.00576
2.33606,0.00193941,3.01397
2.3799,0.00199051,3.05697
2.34771,0.00204952,3.02427
2.33053,0.00196861,3.00672
2.33642,0.00188434,3.01146
2.29042,0.00203858,2.96757
2.34889,0.00200242,3.02511
2.35876,0.00202668,3.03541
2.35089,0.00196033,3.02607
2.32344,0.00209607,3.00165
2.34356,0.00199263,3.01999
2.29827,0.00206111,2.97567
2.34642,0.00187665,3.0226
2.34721,0.00193742,3.02233
2.34777,0.00191126,3.02478
2.37236,0.00195783,3.05056
2.29561,0.00189747,2.97243
2.34675,0.00198672,3.0254
2.30739,0.00197187,2.98605
2.29791,0.00195052,2.97576
2.37739,0.00190961,3.05401
3 threads per task
2.35179,0.00153962,3.02953
2.3813,0.00152862,3.05969
2.35646,0.00150741,3.03259
2.41125,0.00151769,3.08964
2.29684,0.0015518,2.97422
2.30465,0.00156231,2.9802
2.3301,0.00153361,3.0037
2.3351,0.00155674,3.01096
2.32955,0.00157335,3.00513
2.33059,0.00159949,3.00801
2.38663,0.00150071,3.06111
2.29953,0.00152161,2.97536
2.32628,0.00152365,3.00433
2.30496,0.00150261,2.9813
2.3349,0.00162943,3.01066
2.35042,0.00160846,3.0279
2.35788,0.00157884,3.03885
2.36944,0.00154666,3.04484
2.35627,0.00152545,3.03325
2.35355,0.00162166,3.03044
2.37836,0.00152559,3.05333
2.3403,0.00156873,3.01456
2.45439,0.00151557,3.13036
2.29674,0.00151114,2.97035
2.3693,0.00151169,3.04352
2.31235,0.00151463,2.9905
2.33264,0.00163189,3.00906
2.34364,0.00162683,3.01836
2.34061,0.0017339,3.01604
2.37013,0.00153371,3.04662
2.35515,0.00160536,3.03147
2.30748,0.00154646,2.98197
2.3327,0.00151858,3.00943
2.29204,0.00157586,2.9683
2.34517,0.00159455,3.01939
2.30256,0.0015465,2.97727
2.35008,0.00151654,3.02666
2.3569,0.00155362,3.03335
2.289,0.00147253,2.96656
2.35352,0.00155457,3.03008
2.36757,0.00153963,3.04366
2.33296,0.00158065,3.00851
2.33951,0.00152161,3.0164
2.30298,0.00152965,2.97865
2.34477,0.00150062,3.02152
2.35288,0.00153773,3.03041
2.29823,0.00155892,2.97522
2.33799,0.00155352,3.0136
2.33169,0.00164087,3.00584
2.29424,0.00152789,2.97118
2.29191,0.00158668,2.96914
4 threads per task
2.36106,0.00115824,3.03728
2.3437,0.00128176,3.018
2.33292,0.0012968,3.00902
2.42194,0.00131856,3.09932
2.33923,0.00129559,3.01527
2.3205,0.00126559,2.99757
2.35816,0.00130978,3.03477
2.29542,0.00124273,2.97252
2.41595,0.00132363,3.09146
2.28752,0.00125793,2.9637
2.32932,0.0012769,3.00719
2.36124,0.00136559,3.03799
2.29298,0.0012719,2.97106
2.36771,0.00130861,3.04481
2.30303,0.00131652,2.97874
2.41606,0.0012746,3.09288
2.33269,0.00133362,3.00879
2.29363,0.00137473,2.96864
2.43905,0.0013238,3.11472
2.29733,0.00135892,2.97275
2.31733,0.00130567,2.99428
2.3432,0.00130464,3.01697
2.3346,0.00130872,3.01131
2.335,0.00139174,3.01348
2.39249,0.00125782,3.0686
2.31067,0.00133213,2.98808
2.33312,0.00131177,3.00935
2.28542,0.00142202,2.96059
2.33908,0.00128675,3.01554
2.30168,0.00135163,2.97892
2.29918,0.00130992,2.9757
2.29653,0.00143084,2.97527
2.32191,0.00136973,2.99797
2.37306,0.00129068,3.05009
2.35818,0.00134072,3.03267
2.37557,0.00130957,3.05217
2.34857,0.00132822,3.02393
2.3359,0.00129065,3.01131
2.42801,0.00128775,3.10416
2.37686,0.00126682,3.05245
2.34511,0.00132804,3.02201
2.33485,0.0012561,3.01203
2.28079,0.00125359,2.95858
2.43872,0.00140465,3.11498
2.36433,0.00132482,3.03962
2.30596,0.00126955,2.98029
2.31844,0.00129355,2.99426
2.30751,0.0013114,2.98356
2.35148,0.00130758,3.02757
2.3911,0.00126863,3.06645
2.3654,0.00128381,3.04065
5 threads per task
2.37576,0.00106067,3.05305
2.44469,0.00109645,3.12127
2.3398,0.00106356,3.01612
2.33451,0.00107581,3.00948
2.33922,0.000938122,3.01449
2.32719,0.00107973,3.00141
2.31223,0.00188173,2.98881
2.35464,0.00100213,3.0302
2.36269,0.00108062,3.03708
2.30801,0.00112758,2.98471
2.33442,0.0010605,3.0104
2.34914,0.00110377,3.02645
2.33219,0.00110012,3.00788
2.29035,0.00107687,2.96733
2.34351,0.00108593,3.01791
2.33631,0.00111543,3.01352
2.40705,0.00111566,3.08188
2.33788,0.00118811,3.01546
2.33949,0.00111467,3.01371
2.34318,0.00113591,3.01788
2.33847,0.0014198,3.01531
2.30607,0.00108554,2.98342
2.33823,0.0010947,3.01689
2.29957,0.00116776,2.97559
2.29796,0.00106776,2.97703
2.37352,0.00108737,3.0488
2.3372,0.00118468,3.01221
2.34493,0.0010846,3.02124
2.35491,0.00118065,3.02943
2.36508,0.00114975,3.04063
2.35853,0.00111864,3.03598
2.3691,0.00107379,3.048
2.31355,0.00111475,2.99043
2.31126,0.00106118,2.98726
2.2878,0.00115579,2.96756
2.38133,0.00107966,3.0566
2.33499,0.00111579,3.01128
2.34102,0.00113582,3.01524
2.87742,0.00112564,3.55415
2.30238,0.00108395,2.97678
2.35368,0.00110187,3.02922
2.34779,0.00110312,3.02386
2.28824,0.00108875,2.96394
2.36078,0.00106288,3.03725
2.3322,0.00109679,3.00759
2.36174,0.00118477,3.03957
2.35312,0.00116576,3.02896
2.35116,0.00112452,3.02714
2.29176,0.00111055,2.96769
2.34427,0.00113476,3.02408
2.33981,0.0010931,3.01602
6 threads per task
2.37608,0.00105298,3.05309
2.29107,0.00100194,2.96605
2.33404,0.000970684,3.00936
2.30441,0.00100614,2.97975
2.34589,0.00105366,3.02318
2.3517,0.000965618,3.02698
2.36407,0.000980679,3.04311
2.29053,0.00095959,2.96659
2.34383,0.000935541,3.01962
2.34166,0.000922667,3.01581
2.34126,0.00106089,3.01606
2.42722,0.00102058,3.10273
2.28739,0.00102461,2.96253
2.36875,0.00103792,3.04458
2.30079,0.00100763,2.97754
2.34632,0.000991964,3.02386
2.36763,0.000859981,3.04214
2.35543,0.000989771,3.02913
2.34741,0.00104497,3.02335
2.28901,0.000949864,2.96546
2.36859,0.000961612,3.04427
2.36163,0.00105276,3.03731
2.34168,0.000993803,3.01709
2.3276,0.00096656,3.00384
2.36675,0.00101969,3.04272
2.30555,0.00104498,2.98424
2.35213,0.000972548,3.02809
2.32588,0.000981635,3.00233
2.30911,0.00100967,2.98467
2.33626,0.000972087,3.01203
2.34101,0.000984761,3.01502
2.44308,0.00105992,3.12069
2.30996,0.000966689,2.98572
2.31926,0.00097189,2.99354
2.35243,0.00094063,3.02686
2.35375,0.000989046,3.03105
2.31654,0.00103377,2.99233
2.35124,0.00102584,3.02501
2.33153,0.00100556,3.00864
2.29665,0.00101055,2.97436
2.29058,0.00151475,2.96905
2.28814,0.000984712,2.96433
2.43507,0.00101564,3.11104
2.31688,0.00099983,2.99435
2.35773,0.000986047,3.03407
2.30561,0.00109462,2.98411
2.34461,0.0010519,3.02232
2.37486,0.000905664,3.05019
2.32731,0.00109209,3.00436
2.31894,0.00101974,2.99593
2.3529,0.00112885,3.02828
7 threads per task
2.30128,0.000905837,2.97644
2.30813,0.000989184,2.98571
2.30127,0.000915869,2.97776
2.33437,0.000867745,3.00819
2.37706,0.00090443,3.05207
2.32725,0.000878725,3.00264
2.33917,0.000944793,3.01422
2.32905,0.000944585,3.00458
2.33024,0.00092489,3.00513
2.33138,0.001043,3.00882
2.29149,0.000877261,2.96734
2.3461,0.000876446,3.02173
2.28871,0.000867798,2.96632
2.31417,0.000872967,2.98883
2.36342,0.000946657,3.04063
2.30206,0.000875373,2.97926
2.33764,0.000991693,3.014
2.32349,0.000997909,2.99752
2.29534,0.000923895,2.97228
2.3445,0.000865473,3.0209
2.29605,0.000926645,2.97066
2.2858,0.00089264,2.96342
2.34803,0.000987791,3.02591
2.31372,0.000910806,2.9878
2.35307,0.000933483,3.03079
2.32007,0.000967645,2.99579
2.29884,0.000893798,2.9778
2.3506,0.00104282,3.02753
2.29574,0.000901648,2.97167
2.36387,0.000850704,3.04264
2.39132,0.000862689,3.06652
2.31736,0.00095663,2.99311
2.34319,0.00096457,3.0188
2.33449,0.000929863,3.01182
2.35191,0.000869778,3.02869
2.30925,0.000941869,2.98678
2.30929,0.0008858,2.9868
2.34141,0.000874584,3.01716
2.34676,0.000945685,3.02172
2.5767,0.000892729,3.25078
2.30277,0.000900814,2.9815
2.28952,0.000979594,2.96355
2.34533,0.000870918,3.02075
2.32825,0.00094875,3.00306
2.33248,0.000966004,3.01
2.2904,0.000891095,2.96694
2.43657,0.00102779,3.11305
2.30124,0.000991152,2.97757
2.37059,0.000968891,3.04622
2.32187,0.00160383,2.99694
2.37609,0.000865685,3.05169
8 threads per task
2.30725,0.000874674,2.98602
2.29647,0.000884524,2.97527
2.34239,0.000771294,3.01863
2.35071,0.000867777,3.02861
2.34255,0.000800804,3.01751
2.35314,0.000814542,3.02829
2.43683,0.000835973,3.11366
2.28921,0.000789396,2.96367
2.33485,0.000839879,3.00955
2.35241,0.000897804,3.02709
2.3521,0.000938795,3.02939
2.29196,0.000865594,2.9665
2.33458,0.00078426,3.01044
2.35095,0.000797784,3.02795
2.30588,0.000822836,2.98249
2.41787,0.000838771,3.09365
2.35209,0.000924779,3.02685
2.37462,0.000840685,3.0497
2.38473,0.000834701,3.06007
2.33475,0.000953165,3.01152
2.35234,0.000861942,3.02998
2.30866,0.000800502,2.98344
2.34825,0.000833103,3.02513
2.34032,0.000841559,3.01567
2.33235,0.000830662,3.00658
2.3352,0.000907837,3.01009
2.37872,0.000817559,3.05575
2.34743,0.000897727,3.02444
2.36033,0.000929139,3.03667
2.34658,0.000968486,3.02327
2.29978,0.000879174,2.97455
2.29069,0.000826637,2.96746
2.29406,0.000831734,2.96773
2.34583,0.00080356,3.0241
2.36072,0.000826506,3.03673
2.28264,0.000831996,2.95788
2.40905,0.000944964,3.08455
2.35204,0.000805861,3.03019
2.35717,0.000822247,3.0341
2.33669,0.000949129,3.01293
2.31546,0.000814665,2.99394
2.32062,0.00083857,2.99609
2.33611,0.000976955,3.01184
2.34175,0.000876855,3.01782
2.35685,0.00084978,3.03218
2.34595,0.000837695,3.02295
2.30634,0.000800617,2.98197
2.35721,0.000837606,3.03197
2.33794,0.000896792,3.01436
2.29658,0.000918612,2.97102
2.33748,0.000821293,3.01447
2 tasks per node
1 threads per task
2.2912,0.00333146,2.95154
2.31886,0.00328538,2.97898
2.32946,0.0033102,2.98766
2.28891,0.00333147,2.94729
2.30057,0.00339381,2.95697
2.37274,0.00340818,3.02363
2.36523,0.00348469,3.02388
2.34558,0.00328955,3.00362
2.33298,0.00349573,2.99011
2.31994,0.00333749,2.98293
2.34787,0.00334334,3.00598
2.33114,0.00333767,2.99109
2.31975,0.00332106,2.97121
2.34238,0.00329166,3.0009
2.34095,0.00330354,2.99965
2.30373,0.00329594,2.96341
2.29189,0.00330962,2.9545
2.34753,0.00360759,3.00596
2.31083,0.00418631,2.96971
2.30698,0.00333177,2.96617
2.28309,0.00349417,2.94193
2.31628,0.00329342,2.9634
2.35323,0.00406141,3.01158
2.35888,0.00358516,3.01845
2.33961,0.00332667,2.99827
2.28776,0.00375619,2.94718
2.34201,0.00344054,2.99877
2.31295,0.00361077,2.97167
2.27765,0.00349004,2.93489
2.30397,0.00336587,2.96364
2.32092,0.00334687,2.98117
2.33634,0.00337081,2.99415
2.31817,0.00361621,2.97778
2.33419,0.00345889,2.9944
2.29224,0.00331859,2.94865
2.31154,0.00332403,2.97111
2.28204,0.00329257,2.93536
2.33773,0.00338152,2.99652
2.33228,0.00341448,2.99021
2.33284,0.00329116,2.99096
2.35288,0.00332388,3.01155
2.32018,0.00328443,2.97787
2.34375,0.00332908,3.00215
2.32893,0.0033308,2.98749
2.3394,0.00353024,3.00104
2.36981,0.00334004,3.02963
2.34736,0.0036172,3.00612
2.3392,0.00328672,2.99874
2.32405,0.00333185,2.98124
2.40975,0.00328595,3.07049
2.28787,0.00329679,2.94776
2 threads per task
2.32886,0.00231737,2.98589
2.29822,0.00207269,2.95609
2.3259,0.00211636,2.98173
2.32768,0.00226104,2.98479
2.33326,0.00195791,2.98766
2.31149,0.00212948,2.9682
2.28924,0.00219811,2.94341
2.32417,0.00229763,2.97922
2.28047,0.00266677,2.93831
2.33474,0.00216758,2.9915
2.33831,0.00195015,2.99526
2.32299,0.00192012,2.97846
2.29226,0.00193757,2.95075
2.3143,0.00210223,2.96963
2.33064,0.00194333,2.98546
2.35254,0.00199303,3.00913
2.33224,0.00205777,2.99254
2.33284,0.00216888,2.99136
2.28582,0.00248845,2.94893
2.29265,0.0019211,2.94809
2.34731,0.00194388,3.00494
2.3224,0.00246284,2.97857
2.28373,0.00197776,2.93979
2.40675,0.00206461,3.0562
2.31073,0.00190591,2.96882
2.33231,0.00208212,2.99029
2.32873,0.00197946,2.98911
2.3623,0.00200866,3.01881
2.30147,0.0019463,2.95851
2.28603,0.00194592,2.94225
2.2988,0.00206768,2.95331
2.33878,0.00194923,2.99318
2.30708,0.00208462,2.96477
2.3395,0.00206452,2.99663
2.33749,0.00190897,2.99399
2.33492,0.00207267,2.98826
2.36175,0.00204115,3.01789
2.34144,0.00195126,2.99589
2.34093,0.00200909,2.99633
2.33966,0.00249294,2.99745
2.35426,0.0019804,3.01006
2.39655,0.00202983,3.05272
2.35217,0.0019919,3.00674
2.31764,0.00198935,2.97523
2.32724,0.00196104,2.98582
2.29539,0.0019207,2.95284
2.35666,0.00203327,3.01441
2.31836,0.00202031,2.97052
2.8916,0.00196582,3.54101
2.32706,0.00193051,2.98383
2.32489,0.00191539,2.98361
3 threads per task
2.34266,0.00178565,2.99685
2.33704,0.00155693,2.98154
2.31855,0.00191457,2.97497
2.33132,0.00155293,2.98797
2.33495,0.00154784,2.99027
2.32911,0.00151764,2.98964
2.28247,0.00150352,2.93681
2.31295,0.00167295,2.97038
2.35125,0.0015394,3.00925
2.29336,0.00153446,2.9531
2.31259,0.00147621,2.96165
2.33324,0.00148261,2.98975
2.29405,0.00202109,2.95098
2.34129,0.00172835,2.99785
2.33229,0.00164972,2.98455
2.33201,0.00152463,2.99046
2.28345,0.00151923,2.93897
2.32201,0.00162462,2.97879
2.33791,0.0015383,2.9924
2.32845,0.00152299,2.98288
2.26945,0.00165557,2.92796
2.32424,0.00150515,2.97635
2.31755,0.00169069,2.97263
2.32686,0.00162163,2.98319
2.34203,0.00158587,2.99844
2.28979,0.00161483,2.94566
2.33661,0.00150233,2.99298
2.2908,0.00152058,2.94959
2.36694,0.00148525,3.02126
2.33783,0.0014932,2.99434
2.32646,0.00152286,2.98319
2.33747,0.00179714,2.99099
2.34759,0.00177277,3.00389
2.41461,0.00157418,3.06775
2.34593,0.00162077,3.00096
2.33073,0.00155319,2.99011
2.33749,0.00165876,2.9854
2.36522,0.0015967,3.0217
2.32112,0.00155287,2.96517
2.33541,0.00166592,2.9914
2.35168,0.00150513,3.00796
2.30876,0.00152378,2.96463
2.34624,0.00154019,3.00134
2.33013,0.00149306,2.98633
2.32306,0.00149007,2.97756
2.29304,0.00154074,2.94886
2.32661,0.00232913,2.9782
2.30145,0.00151687,2.95945
2.31127,0.0014947,2.97135
2.32275,0.00162783,2.97871
2.32147,0.00168781,2.97819
4 threads per task
2.35382,0.00138365,3.00652
2.34528,0.00146244,3.00306
2.29426,0.00134609,2.95167
2.34597,0.00124607,2.999
2.2939,0.00123461,2.95101
2.33715,0.00151103,2.99461
2.34374,0.00128118,3.00013
2.38495,0.00146406,3.04081
2.32972,0.00142563,2.98535
2.34503,0.00124864,3.00104
2.41637,0.00123914,3.07094
2.31375,0.00139385,2.97022
2.27363,0.00126241,2.92978
2.30002,0.00140295,2.94857
2.28497,0.00128811,2.94121
2.54892,0.00123312,3.20426
2.32316,0.00122438,2.98153
2.38852,0.00130678,3.04235
2.33734,0.00122527,2.98679
2.283,0.00125822,2.94008
2.331,0.00135366,2.98541
2.37104,0.00136138,3.02006
2.29518,0.00121754,2.95316
2.37464,0.00138432,3.03024
2.34545,0.00123601,3.00304
2.30821,0.0014681,2.96407
2.3478,0.00131352,3.0052
2.36161,0.00139095,3.01849
2.28476,0.00186364,2.94352
2.303,0.00133479,2.95902
2.31616,0.00126398,2.97078
2.32552,0.00128198,2.97796
2.28631,0.00137722,2.94229
2.29931,0.00126041,2.9581
2.34212,0.00125565,2.99677
2.33076,0.00159966,2.9871
2.30215,0.0017185,2.95817
2.34285,0.00123606,3.00114
2.33437,0.00123862,2.9922
2.29691,0.00132396,2.95576
2.35037,0.00160492,3.00806
2.35557,0.00126841,3.01359
2.32076,0.00127254,2.97802
2.30646,0.00131636,2.96542
2.29299,0.00124892,2.9499
2.33137,0.00123751,2.98757
2.2958,0.00129438,2.95233
2.32903,0.00121657,2.98662
2.32558,0.00125084,2.97531
2.27688,0.00130567,2.92708
2.28812,0.00156107,2.94427
5 threads per task
2.34566,0.00107833,3.00186
2.31109,0.0012082,2.96971
2.32534,0.00120995,2.98168
2.32091,0.00105615,2.97529
2.28954,0.00116256,2.94172
2.3162,0.00122674,2.9653
2.29928,0.00109637,2.94963
2.3162,0.00131163,2.96978
2.36684,0.00105347,3.02337
2.41002,0.00110874,3.06465
2.29706,0.00107129,2.95358
2.32905,0.00106847,2.98497
2.3436,0.00114334,2.99881
2.32256,0.00129174,2.98022
2.31731,0.0010544,2.96951
2.42904,0.00104844,3.08648
2.42121,0.00105688,3.07632
2.3464,0.00108033,3.00225
2.33767,0.00127912,2.99266
2.39089,0.00108931,3.04686
2.32623,0.00107074,2.98094
2.34533,0.00111032,3.00094
2.3427,0.001274,3.00014
2.3187,0.00106403,2.97759
2.32751,0.00107622,2.9831
2.32839,0.00111436,2.9842
2.2979,0.00110528,2.95219
2.35037,0.00120403,3.00691
2.33277,0.00106433,2.98071
2.33157,0.00118886,2.9904
2.32813,0.00104277,2.98525
2.32658,0.00108561,2.97316
2.33655,0.00132249,2.99177
2.33497,0.001134,2.99313
2.35061,0.00114403,3.00656
2.36638,0.001179,3.02285
2.35151,0.0010309,3.00637
2.36865,0.00126514,3.02637
2.29353,0.00106759,2.94619
2.3316,0.00106606,2.98721
2.34836,0.00110538,3.00825
2.2987,0.00131142,2.95466
2.29092,0.00117848,2.94649
2.3516,0.00107443,3.00717
2.34705,0.00126757,3.00415
2.34138,0.00108956,2.9947
2.35051,0.00125268,3.00829
2.34019,0.00104623,2.98916
2.27838,0.00118008,2.93275
2.34695,0.00107383,3.00367
2.38655,0.00109636,3.0425
6 threads per task
2.32993,0.00126794,2.98721
2.40933,0.00109246,3.06596
2.3482,0.000985897,3.00452
2.3462,0.000939933,3.00259
2.33802,0.00122654,2.99593
2.32128,0.00114488,2.97553
2.27805,0.00127138,2.92845
2.29399,0.000976476,2.94262
2.3405,0.000982468,2.99472
2.374,0.000927138,3.03095
2.32607,0.000981621,2.97939
2.3295,0.00095511,2.98537
2.31295,0.000983256,2.96712
2.28407,0.000967789,2.94148
2.30252,0.00110156,2.95477
2.33404,0.000943408,2.98499
2.30424,0.000976756,2.96196
2.36692,0.0010079,3.02578
2.31119,0.000984902,2.96688
2.334,0.000956719,2.97841
2.29426,0.00092437,2.95166
2.3231,0.000967217,2.97938
2.33268,0.00110505,2.99245
2.36567,0.000944768,3.01733
2.32342,0.00091222,2.97912
2.37361,0.0011031,3.02932
2.32849,0.00091284,2.98402
2.32786,0.0010616,2.98224
2.32705,0.000944742,2.9814
2.35398,0.000909572,3.01084
2.34127,0.00094125,3.00132
2.30109,0.00107813,2.95825
2.30228,0.000929988,2.94975
2.3174,0.000942799,2.97328
2.30442,0.00118982,2.96104
2.33278,0.00102427,2.97895
2.28868,0.00111217,2.94111
2.3179,0.000985595,2.97449
2.28597,0.0011296,2.94142
2.34974,0.000916867,3.0091
2.34042,0.00109892,2.99077
2.36475,0.000946676,3.01924
2.2891,0.00101321,2.94541
2.33686,0.000942857,2.99537
2.3072,0.000923595,2.96369
2.30978,0.000969819,2.96396
2.33022,0.00124477,2.98939
2.33712,0.00096078,2.99293
2.32271,0.000924508,2.97617
2.33804,0.000932466,2.99533
2.33617,0.000984963,2.9929
7 threads per task
2.29675,0.00134986,2.9527
2.32725,0.00101693,2.98338
2.33121,0.00111275,2.98991
2.3576,0.000953085,3.01408
2.28598,0.000962282,2.94537
2.33938,0.00088363,2.99498
2.34068,0.00106537,2.9952
2.34083,0.00121906,2.99744
2.33369,0.00114215,2.99056
2.301,0.000861167,2.9557
2.33937,0.000906557,2.99335
2.29795,0.000909055,2.95482
2.33343,0.00121501,2.99098
2.35102,0.0010507,3.00881
2.32913,0.00102731,2.98365
2.33384,0.00126944,2.99267
2.30468,0.000851507,2.95953
2.36127,0.000900865,3.01801
2.31454,0.000874404,2.9711
2.30263,0.000911185,2.95804
2.28053,0.00110567,2.93636
2.38719,0.00124498,3.04306
2.32075,0.000958563,2.97713
2.35349,0.000844724,3.00887
2.34656,0.000932125,3.00036
2.30744,0.000912182,2.96502
2.3116,0.000862949,2.9682
2.28607,0.000915469,2.94187
2.34036,0.00110522,2.99748
2.33289,0.000939657,2.98086
2.27475,0.000907535,2.9289
2.3703,0.000930471,3.02622
2.32012,0.00119887,2.9754
2.33606,0.000900652,2.99183
2.31735,0.000934977,2.96559
2.32539,0.000958666,2.98148
2.29241,0.000853278,2.94849
2.29559,0.000971742,2.94916
2.32387,0.00108306,2.9802
2.28736,0.000939523,2.94024
2.32892,0.000948631,2.98876
2.33395,0.000911988,2.9857
2.32855,0.000947578,2.98536
2.34508,0.000911785,3.00216
2.29669,0.000913825,2.95005
2.40763,0.000971311,3.06602
2.36419,0.00103773,3.01981
2.29467,0.000910773,2.95158
2.31337,0.000882877,2.95751
2.31402,0.000949113,2.96864
2.34857,0.000894676,3.00682
8 threads per task
2.30916,0.000769362,2.9667
2.34135,0.000913663,2.99681
2.31346,0.000814046,2.96953
2.32331,0.000841578,2.97737
2.32843,0.000783402,2.98562
2.34573,0.000789661,3.00253
2.31555,0.000963194,2.96944
2.31238,0.000880159,2.968
2.32336,0.000856599,2.97828
2.32494,0.00107797,2.98021
2.30956,0.000916681,2.96167
2.35395,0.000993074,3.01225
2.32975,0.00117788,2.9854
2.33925,0.000859399,2.99351
2.34095,0.000859149,2.9976
2.31731,0.000776231,2.97118
2.31981,0.000831159,2.97546
2.31252,0.000842419,2.96965
2.34742,0.00119197,3.00465
2.32336,0.00424077,2.98329
2.34005,0.000883753,2.99197
2.34531,0.000886104,3.003
2.32859,0.000848796,2.98633
2.36325,0.000762488,3.01781
2.3291,0.000892459,2.98587
2.32736,0.000879847,2.98105
2.3037,0.00095463,2.96149
2.33333,0.000872282,2.98909
2.32904,0.000863801,2.9798
2.36707,0.000874866,3.02299
2.28912,0.00100072,2.93474
2.31729,0.000854411,2.97143
2.33126,0.00087548,2.98832
2.32392,0.00101434,2.98144
2.27956,0.000850674,2.93574
2.29935,0.000844941,2.95512
2.29638,0.000877348,2.95386
2.35643,0.000969108,3.01547
2.38737,0.000882935,3.04548
2.34793,0.0008838,3.00308
2.29707,0.00125017,2.95387
2.29549,0.000876913,2.94923
2.2997,0.000886261,2.95671
2.31654,0.000816357,2.97388
2.33471,0.000778382,2.99039
2.30033,0.000936537,2.95507
2.34163,0.000881918,2.99566
2.33972,0.00115569,2.99633
2.28449,0.00087129,2.93296
2.32934,0.00103721,2.98466
2.33976,0.000776222,2.99727
3 tasks per node
1 threads per task
2.36756,0.00317743,2.81241
2.41305,0.0033011,2.8584
2.39734,0.00342387,2.84258
2.3949,0.0034748,2.84044
2.42889,0.00329543,2.87421
2.41344,0.00324068,2.85908
2.43045,0.00322111,2.87595
2.4106,0.00330318,2.85607
2.40091,0.00324068,2.84744
2.3592,0.00348048,2.80715
2.40098,0.00334799,2.84655
2.46682,0.00318273,2.91277
2.42611,0.00330159,2.8715
2.36202,0.00406287,2.80784
2.38903,0.00338833,2.83428
2.37676,0.00326041,2.8225
2.43207,0.00333635,2.87733
2.38572,0.00323683,2.83143
2.46722,0.00323446,2.91201
2.4163,0.00322399,2.8614
2.36403,0.00323581,2.80911
2.37723,0.00332361,2.82333
2.41317,0.003347,2.85808
2.40308,0.00342493,2.84896
2.42618,0.00352614,2.87155
2.53451,0.00329762,2.98167
2.42192,0.00341328,2.86774
2.37809,0.00321806,2.82534
2.41504,0.00327352,2.85947
2.35342,0.00346392,2.79942
2.41276,0.00320556,2.85756
2.37476,0.00331367,2.82006
2.36306,0.00347491,2.80897
2.40762,0.00321965,2.85369
2.40142,0.00353768,2.84811
2.41935,0.00354569,2.86693
2.40977,0.00332974,2.85505
2.37178,0.00323302,2.81924
2.40136,0.00334118,2.84735
2.39283,0.00324545,2.83853
2.39211,0.00319374,2.83788
2.42331,0.00334639,2.86915
2.39828,0.0033398,2.84546
2.39874,0.00324927,2.84318
2.43868,0.0033128,2.88461
2.4152,0.00324027,2.85998
2.35213,0.00321389,2.79812
2.39947,0.00338602,2.84457
2.40274,0.00386507,2.84908
2.36863,0.00330831,2.81484
2.40416,0.00335967,2.84935
2 threads per task
2.39428,0.00193716,2.83705
2.34729,0.00199665,2.79195
2.44314,0.00191256,2.88749
2.41941,0.00193377,2.86381
2.37071,0.00204032,2.81497
2.35699,0.00196932,2.80035
2.49076,0.00209465,2.93452
2.40826,0.00198882,2.85332
2.39307,0.00192906,2.83796
2.37889,0.00208251,2.82172
2.35388,0.00206908,2.79813
2.35644,0.00186248,2.80089
2.36,0.00193297,2.80379
2.39827,0.0020426,2.84262
2.37096,0.00194025,2.8157
2.41767,0.001968,2.86311
2.36016,0.00197764,2.80512
2.42914,0.00194645,2.87381
2.40861,0.0019707,2.85221
2.41008,0.00191614,2.8558
2.44578,0.00195811,2.89083
2.40729,0.00193969,2.85105
2.40992,0.00198994,2.8562
2.51895,0.00193205,2.96287
2.40665,0.00202511,2.8502
2.41856,0.00203241,2.86212
2.61193,0.00202997,3.05589
2.40788,0.00197697,2.85282
2.35177,0.00198583,2.7978
2.41287,0.00194915,2.8576
2.39906,0.00192806,2.84295
2.34689,0.00193956,2.78991
2.3598,0.00218259,2.80555
2.35377,0.00197449,2.79823
2.39821,0.00196704,2.84126
2.40106,0.00205706,2.84635
2.40198,0.00208378,2.84597
2.47822,0.00193342,2.92387
2.3686,0.00199928,2.81231
2.35637,0.00200905,2.80152
2.38564,0.0019535,2.82985
2.42258,0.0019156,2.86874
2.37507,0.00199859,2.81969
2.39595,0.00224864,2.84067
2.40551,0.00193445,2.84927
2.38697,0.00251395,2.83121
2.40288,0.00194608,2.84752
2.35857,0.00207507,2.8017
2.39377,0.00201732,2.8369
2.35599,0.00191955,2.80054
2.36526,0.00204699,2.8095
3 threads per task
2.44099,0.00167483,2.88582
2.41964,0.00150674,2.86551
2.44189,0.00170585,2.88491
2.49921,0.00192518,2.94481
2.39687,0.00155003,2.83988
2.4235,0.00157792,2.86871
2.41369,0.00164037,2.8577
2.40361,0.00154292,2.84658
2.35684,0.00152081,2.80098
2.39909,0.00157308,2.84241
2.42148,0.00150947,2.86653
2.40498,0.00153849,2.84984
2.49928,0.00150591,2.94325
2.35474,0.002215,2.79962
2.36089,0.00155106,2.8054
2.41177,0.00162149,2.85584
2.41975,0.00158443,2.86239
2.42561,0.00154086,2.86829
2.42439,0.00178188,2.86747
2.40802,0.00154931,2.85116
2.50475,0.00151456,2.94887
2.37104,0.00184134,2.81431
2.4115,0.00162259,2.85547
2.40006,0.00146481,2.8444
2.37047,0.00154364,2.81487
2.39432,0.00152677,2.83678
2.40484,0.00158476,2.84968
2.40126,0.00156901,2.84752
2.49381,0.00151744,2.93883
2.39667,0.0016019,2.84057
2.44387,0.00151733,2.88887
2.3871,0.00161286,2.83079
2.40134,0.00149239,2.84585
2.38363,0.00160832,2.82815
2.4053,0.00161092,2.84899
2.4035,0.00156099,2.84608
2.40604,0.00216429,2.84903
2.43656,0.00153338,2.88086
2.40487,0.00150588,2.84955
2.41939,0.00151196,2.86442
2.40216,0.00157182,2.84565
2.37258,0.00175816,2.81663
2.40601,0.00156682,2.85126
2.41415,0.00152433,2.86028
2.39679,0.00153001,2.84213
2.35638,0.00159041,2.79959
2.36904,0.00171817,2.81416
2.44914,0.0015613,2.89287
2.38281,0.00150829,2.82627
2.39098,0.00152469,2.83562
2.3693,0.0015259,2.81208
4 threads per task
2.44659,0.0018527,2.89071
2.37961,0.00145077,2.82363
2.45156,0.0012671,2.89551
2.42693,0.00130571,2.87002
2.43743,0.00153284,2.88126
2.40554,0.00140908,2.84881
2.39457,0.00151542,2.8391
2.40866,0.00126368,2.85244
2.39886,0.00144938,2.84155
2.37022,0.00129261,2.8142
2.42302,0.00132013,2.86642
2.39804,0.00126578,2.84198
2.41676,0.00164673,2.86043
2.37764,0.00133589,2.82088
2.40176,0.0013965,2.84458
2.4136,0.00129523,2.85987
2.37584,0.00125533,2.81838
2.46652,0.00124048,2.90918
2.40938,0.00127224,2.85227
2.41234,0.00142126,2.85689
2.35778,0.00129481,2.80178
2.41496,0.00131017,2.86026
2.39588,0.00128182,2.83841
2.37063,0.00137656,2.81462
2.3626,0.00129307,2.80571
2.39719,0.00123516,2.84171
2.39522,0.00144396,2.84004
2.41546,0.00124017,2.85813
2.37489,0.00137806,2.81888
2.41592,0.00131207,2.8596
2.40939,0.0018857,2.85379
2.39466,0.00129792,2.83826
2.40015,0.00136954,2.84338
2.48209,0.0012975,2.92691
2.39816,0.00128963,2.84111
2.41046,0.00127184,2.85422
2.39747,0.00156488,2.84187
2.40649,0.00124569,2.85033
2.46241,0.00138095,2.90559
2.41209,0.00132281,2.85508
2.3703,0.00140353,2.81437
2.41154,0.00125157,2.8548
2.40647,0.00122987,2.84978
2.35347,0.00147682,2.79679
2.3567,0.00133358,2.80058
3.01445,0.00152985,3.45799
2.48906,0.00124776,2.93158
2.36753,0.00125723,2.81153
2.38582,0.00132969,2.82957
2.36413,0.00127881,2.80685
2.41355,0.00132424,2.85559
5 threads per task
2.36108,0.00433485,2.80804
2.40212,0.00448621,2.84801
2.36062,0.00432376,2.80697
2.42319,0.00432126,2.86981
2.43439,0.00432325,2.88049
2.365,0.00416984,2.81139
2.40477,0.0052089,2.85447
2.39827,0.00402867,2.8437
2.35542,0.0042427,2.80208
2.39606,0.00358991,2.84142
2.39452,0.00558454,2.84275
2.39672,0.00236028,2.84416
2.40821,0.0045056,2.8553
2.4045,0.00515027,2.85162
2.3829,0.00512774,2.82899
2.36343,0.00442655,2.81026
2.35334,0.00513179,2.80052
2.39347,0.00524061,2.84061
2.35883,0.0045199,2.806
2.39957,0.00525248,2.84612
2.47473,0.00516442,2.92366
2.4443,0.00393648,2.89249
2.41971,0.00445476,2.86618
2.35458,0.00442065,2.80022
2.39319,0.00514842,2.84044
2.45601,0.00275366,2.90122
2.40799,0.00434439,2.8542
2.45399,0.0040704,2.89939
2.39138,0.00436096,2.83714
2.37193,0.0039969,2.81963
2.40096,0.00435369,2.84739
2.35633,0.00274058,2.80114
2.39688,0.00470425,2.84483
2.376,0.00513205,2.8226
2.39115,0.00431315,2.83762
2.39781,0.00359919,2.84335
2.36342,0.00511596,2.81033
2.43611,0.00513844,2.8835
2.44618,0.00449344,2.89336
2.41775,0.00357186,2.86296
2.41293,0.00592688,2.86091
2.40541,0.0139188,2.86099
2.43095,0.00355557,2.87639
2.43741,0.00360008,2.8835
2.39149,0.00558762,2.83871
2.35822,0.00433656,2.80404
2.37063,0.0045226,2.81736
2.41388,0.003918,2.86049
2.42459,0.00513832,2.87222
2.48519,0.00252391,2.93102
2.38543,0.00436459,2.83152
6 threads per task
2.39873,0.00545955,2.84587
2.37856,0.00520488,2.82771
2.36713,0.0042559,2.81272
2.40095,0.00554906,2.84868
2.38628,0.00549899,2.83569
2.35692,0.0045336,2.80467
2.37032,0.00414344,2.81819
2.40651,0.00421697,2.85368
2.37973,0.00420292,2.82684
2.43175,0.00439488,2.87935
2.40775,0.0138146,2.86445
2.51082,0.00246793,2.9572
2.40785,0.00436414,2.85454
2.3896,0.00546131,2.83546
2.42935,0.00582013,2.8767
2.48075,0.00420109,2.92773
2.42779,0.00395363,2.8747
2.39821,0.00426212,2.84429
2.4036,0.00371976,2.85115
2.44958,0.00440378,2.89478
2.44278,0.00517935,2.88995
2.41092,0.00224177,2.85508
2.40343,0.00519041,2.85084
2.39679,0.00544547,2.84474
2.35651,0.0027474,2.80052
2.36319,0.00427777,2.80864
2.45366,0.0042634,2.90059
2.40208,0.00425683,2.84806
2.39288,0.00511769,2.84118
2.41184,0.00553782,2.85896
2.3655,0.00425259,2.8116
2.40389,0.00425771,2.85056
2.38487,0.004378,2.83225
2.42567,0.00348352,2.87121
2.37646,0.00441439,2.82408
2.4948,0.00421857,2.94112
2.41763,0.00456533,2.86532
2.39708,0.00558021,2.84478
2.41056,0.00536116,2.85776
2.39539,0.00579979,2.84296
2.40827,0.00550264,2.8564
2.35654,0.00392463,2.80272
2.39571,0.00421166,2.84202
2.38162,0.00518507,2.82884
2.4157,0.00396638,2.86339
2.39407,0.00552192,2.84178
2.37833,0.00454244,2.82495
2.34657,0.0045672,2.79356
2.34811,0.00429381,2.79466
2.36794,0.0151579,2.82703
2.37275,0.00393372,2.81821
7 threads per task
2.416,0.00549472,2.86458
2.35959,0.00574421,2.80773
2.4071,0.00671759,2.85515
2.37042,0.00559643,2.81797
2.41673,0.00445844,2.86292
2.35118,0.00435596,2.79883
2.3978,0.00419426,2.84347
2.48606,0.00415125,2.93152
2.41104,0.00738281,2.8599
2.38043,0.00425771,2.8277
2.42904,0.00414896,2.87543
2.42528,0.00538236,2.87346
2.36951,0.00510829,2.81965
2.37413,0.00415209,2.82093
2.36245,0.00583022,2.80992
2.40368,0.00579364,2.85185
2.42182,0.0044472,2.86838
2.40037,0.00580196,2.84925
2.40438,0.00575522,2.8512
2.44073,0.0059093,2.88976
2.39574,0.00448371,2.84288
2.37881,0.00574582,2.82656
2.39049,0.00411817,2.8365
2.40461,0.00416762,2.85033
2.47566,0.00420445,2.92315
2.49449,0.00422872,2.94118
2.42218,0.0070469,2.87128
2.42164,0.00243713,2.86635
2.43974,0.00581706,2.88811
2.41828,0.00444748,2.86543
2.39978,0.00446501,2.84573
2.40095,0.0054751,2.84789
2.39831,0.00401183,2.84484
2.38771,0.00444593,2.83603
2.44238,0.00447309,2.8889
2.37933,0.00699246,2.82974
2.44274,0.00418979,2.89016
2.38826,0.0044198,2.83429
2.41079,0.00570322,2.85958
2.38557,0.00575222,2.83282
2.37101,0.00448018,2.81809
2.38879,0.00542654,2.83641
2.35599,0.00713179,2.80539
2.35661,0.00444304,2.80329
2.40507,0.00862482,2.85556
2.36116,0.00444183,2.80698
2.38277,0.00553657,2.83058
2.37681,0.00550411,2.82531
2.36476,0.00698827,2.81333
2.43651,0.00923267,2.88824
2.39952,0.00445751,2.84688
8 threads per task
2.40023,0.00434215,2.84688
2.49795,0.00437079,2.94495
2.3642,0.00421327,2.80967
2.39269,0.00415516,2.83827
2.40436,0.00412725,2.85005
2.36459,0.00413322,2.8111
2.36485,0.0057608,2.81197
2.39345,0.00586861,2.84138
2.41288,0.00438184,2.85981
2.408,0.00545528,2.85655
2.40735,0.00413205,2.85585
2.43307,0.00412999,2.88079
2.41304,0.00418966,2.85916
2.43778,0.0041816,2.88535
2.39724,0.0041858,2.84301
2.41489,0.00559988,2.8623
2.41594,0.00423793,2.86229
2.39984,0.00424901,2.84577
2.37105,0.00434589,2.81774
2.39466,0.00437766,2.84213
2.36419,0.004377,2.80983
2.39698,0.00412215,2.84321
2.38264,0.00456395,2.82935
2.37263,0.00422996,2.81813
2.40354,0.00434869,2.84927
2.54709,0.00549858,2.99536
2.39745,0.00436656,2.84402
2.43335,0.0043384,2.88111
2.42194,0.00438443,2.86903
2.36019,0.00420957,2.80765
2.37198,0.00562219,2.82077
2.40116,0.0043905,2.84706
2.40068,0.00419416,2.84656
2.39721,0.00588381,2.84538
2.40577,0.00420407,2.85331
2.50948,0.00438685,2.95513
2.38898,0.00407086,2.83461
2.40867,0.00422669,2.85426
2.39575,0.00556597,2.84331
2.41001,0.00412904,2.85473
2.43892,0.00569203,2.88687
2.3944,0.00418608,2.84147
2.38878,0.00436061,2.83695
2.40424,0.00436117,2.85098
2.47319,0.00573193,2.92208
2.35378,0.00410324,2.79957
2.37539,0.00411517,2.82324
2.41912,0.00410725,2.86673
2.39976,0.00433797,2.84645
2.38868,0.00435977,2.83652
2.39543,0.0057517,2.84293
4 tasks per node
1 threads per task
2.37578,0.00341539,2.82081
2.41296,0.00346667,2.8585
2.41452,0.00341557,2.86097
2.39019,0.00338773,2.83525
2.39432,0.00347248,2.84031
2.4272,0.00364516,2.87564
2.38742,0.00352238,2.83332
2.40221,0.00335765,2.84881
2.39373,0.00336273,2.83855
2.40368,0.00344863,2.85109
2.37336,0.00342755,2.81692
2.41743,0.00348247,2.8631
2.37185,0.00340165,2.81602
2.43367,0.00339777,2.88049
2.39784,0.00348466,2.84597
2.41907,0.00345556,2.86616
2.42274,0.0037127,2.87242
2.40287,0.00345756,2.8467
2.41409,0.00350197,2.86234
2.43626,0.00357177,2.88325
2.40197,0.0035014,2.84965
2.38111,0.00346613,2.82759
2.37578,0.00343258,2.82052
2.464,0.00351277,2.90675
2.43053,0.00326585,2.87408
2.37929,0.00338973,2.82198
2.42176,0.00350365,2.86961
2.40972,0.00355473,2.85508
2.39531,0.00343,2.84072
2.47563,0.00350812,2.92146
2.35061,0.00339855,2.79566
2.39817,0.00338987,2.84375
2.36807,0.00352336,2.81465
2.36668,0.00346285,2.81341
2.40441,0.00339259,2.84822
2.40213,0.00345511,2.84788
2.41726,0.00348252,2.86402
2.40894,0.00347963,2.85416
2.42187,0.00337134,2.8694
2.41528,0.00341851,2.85963
2.40562,0.00353058,2.85265
2.36638,0.00342751,2.81248
2.42908,0.00347448,2.87804
2.35058,0.00343276,2.79826
2.38903,0.00373907,2.83581
2.38861,0.00345764,2.83786
2.4427,0.00339153,2.89069
2.36918,0.00355082,2.81765
2.40758,0.00337596,2.85614
2.36366,0.00352149,2.80991
2.42835,0.00339923,2.87424
2 threads per task
2.48459,0.00201119,2.92816
2.39479,0.00202568,2.83949
2.40155,0.00196108,2.84595
2.42834,0.00197805,2.87391
2.40096,0.00203373,2.84468
2.46741,0.00218846,2.9143
2.36254,0.00197357,2.80786
2.47465,0.00200447,2.91599
2.43865,0.00195078,2.8831
2.40931,0.00216755,2.85342
2.43644,0.00213073,2.87928
2.44729,0.0020018,2.8939
2.35899,0.00199662,2.80577
2.35743,0.00206283,2.80416
2.36234,0.0020498,2.80778
2.41877,0.00210295,2.86541
2.39587,0.00205669,2.84127
2.47884,0.00201771,2.92578
2.52529,0.00199357,2.97106
2.4214,0.00202611,2.86736
2.40612,0.00196572,2.84892
2.3732,0.00194894,2.81771
2.43459,0.00212374,2.88108
2.35183,0.00212566,2.79703
2.34919,0.00198997,2.7939
2.40961,0.00200458,2.85561
2.39541,0.00194678,2.84043
2.39992,0.00210067,2.84555
2.40685,0.00196434,2.85005
2.39362,0.00194818,2.83821
2.37195,0.00213504,2.81648
2.36102,0.00204319,2.80565
2.3988,0.00198147,2.84452
2.37748,0.00197313,2.82075
2.40326,0.00201491,2.84883
2.40762,0.00220005,2.85368
2.39818,0.00201367,2.84322
2.47622,0.00200162,2.9212
2.46523,0.00221165,2.90744
2.35007,0.00217474,2.79417
2.37058,0.00197372,2.81557
2.39928,0.00201565,2.84767
2.35977,0.00204237,2.80427
2.37882,0.00239668,2.82453
2.40243,0.00196213,2.84692
2.40989,0.0020885,2.85542
2.37227,0.00247175,2.81817
2.37915,0.0019529,2.82432
2.44012,0.00193518,2.88592
2.39288,0.00213172,2.83968
2.35321,0.00197606,2.79834
3 threads per task
2.46264,0.00161565,2.90692
2.40704,0.00162879,2.84886
2.36461,0.00151125,2.8087
2.43977,0.00149459,2.88408
2.39607,0.00172974,2.84066
2.36179,0.00150921,2.80685
2.40031,0.00156392,2.84805
2.39899,0.00154556,2.84481
2.43329,0.00163156,2.87618
2.3946,0.00167528,2.83895
2.44542,0.00158465,2.88893
2.39963,0.00152116,2.8447
2.40308,0.00155737,2.84955
2.4144,0.00152089,2.86055
2.38501,0.0016826,2.83143
2.39464,0.00157883,2.84255
2.3768,0.00160494,2.82088
2.36527,0.00154347,2.80936
2.36306,0.00164698,2.80874
2.42461,0.00151939,2.8666
2.40185,0.00151368,2.84743
2.36413,0.00159887,2.81162
2.39604,0.0019671,2.84243
2.45504,0.00157369,2.90042
2.43316,0.00162082,2.87824
2.36068,0.00163733,2.80518
2.39848,0.00162972,2.84424
2.38213,0.00149958,2.82424
2.4149,0.00157154,2.86106
2.41355,0.00153117,2.86013
2.40715,0.00151273,2.85247
2.41212,0.00155204,2.85404
2.36209,0.00164972,2.80589
2.41143,0.00150502,2.8524
2.44367,0.00176724,2.88915
2.40147,0.00154664,2.84643
2.3975,0.00159187,2.84265
2.36294,0.00167755,2.80907
2.36897,0.00156933,2.81379
2.38853,0.00191967,2.83316
2.41698,0.00200366,2.8622
2.35154,0.00163202,2.79825
2.41418,0.00155286,2.8589
2.35028,0.00149267,2.79435
2.4263,0.00155685,2.87134
2.3943,0.00170908,2.83878
2.43713,0.00155069,2.88257
2.40027,0.00159284,2.84473
2.42431,0.00162133,2.87251
2.39663,0.00156401,2.83896
2.36389,0.00150393,2.80897
4 threads per task
2.37381,0.00121419,2.8189
2.36205,0.00159661,2.80571
2.41745,0.00124616,2.86182
2.45509,0.00148716,2.89682
2.41091,0.00123101,2.85606
2.38086,0.00160556,2.82553
2.39431,0.00254363,2.84053
2.40906,0.00140673,2.85382
2.38423,0.00125706,2.82952
2.44702,0.00124769,2.89208
2.39788,0.00121061,2.8415
2.35332,0.00133256,2.79722
2.41999,0.00122498,2.86474
2.37704,0.00271681,2.82255
2.46833,0.001241,2.91239
2.37213,0.00122728,2.81483
2.3879,0.00132859,2.83142
2.42053,0.00147284,2.86578
2.36822,0.00162433,2.80994
2.35083,0.00132413,2.79726
2.40228,0.00136195,2.84728
2.39154,0.00126001,2.83454
2.43138,0.00130638,2.87534
2.39707,0.00129598,2.84391
2.37236,0.00138228,2.8188
2.36178,0.00138984,2.80528
2.42417,0.00237036,2.86937
2.39429,0.001195,2.84043
2.39609,0.0012858,2.83802
2.36417,0.00125963,2.80981
2.40778,0.00138305,2.84816
2.47735,0.00121474,2.91883
2.42834,0.0011984,2.87231
2.4472,0.00130767,2.89188
2.38462,0.00154152,2.82949
2.39821,0.00112867,2.83898
2.42197,0.0015977,2.86293
2.40805,0.00130086,2.85345
2.40848,0.00127257,2.85311
2.41842,0.00135904,2.86084
2.40554,0.00124461,2.84996
2.48299,0.00121009,2.92525
2.40409,0.00189994,2.84928
2.40078,0.00202319,2.84592
2.37564,0.00129048,2.82046
2.42478,0.0013479,2.86933
2.40059,0.00136291,2.84496
2.44525,0.00124995,2.88955
2.37334,0.00121454,2.8156
2.39462,0.00125302,2.8397
2.39982,0.0012143,2.84233
5 threads per task
2.35735,0.00358257,2.80403
2.40984,0.00392755,2.85669
2.40653,0.00452408,2.85151
2.36844,0.0127049,2.82499
2.39711,0.00395939,2.84116
2.41077,0.0045489,2.85943
2.39627,0.0108375,2.8499
2.42896,0.00556353,2.8784
2.37398,0.00358819,2.82252
2.36936,0.00359583,2.8175
2.35781,0.00561866,2.80646
2.39618,0.00250204,2.84187
2.36302,0.0143146,2.81957
2.38064,0.00481056,2.82508
2.3957,0.0068697,2.84656
2.40121,0.0150297,2.85666
2.39012,0.00456679,2.83854
2.39632,0.00520502,2.844
2.4159,0.00458108,2.86024
2.37673,0.00386452,2.82065
2.40312,0.00472881,2.84766
2.40043,0.00446247,2.8487
2.40219,0.00469909,2.85068
2.36668,0.00472528,2.81451
2.41538,0.0038453,2.86198
2.39772,0.00248968,2.8431
2.38301,0.00457598,2.83063
2.39098,0.00513825,2.8413
2.35701,0.00449447,2.80205
2.35313,0.0137547,2.80954
2.38817,0.00440571,2.83347
2.47361,0.00431836,2.92362
2.38693,0.00441517,2.83447
2.40035,0.013783,2.85707
2.43028,0.00444544,2.87945
2.43969,0.00547794,2.88994
2.40303,0.00355509,2.84944
2.37402,0.00446552,2.82018
2.38923,0.0144107,2.84856
2.35602,0.004358,2.80344
2.40429,0.00442081,2.84946
2.40899,0.00257901,2.85234
2.37086,0.00432933,2.81774
2.41415,0.00438678,2.86109
2.39937,0.00443754,2.84645
2.43602,0.00446923,2.88418
2.44325,0.00558406,2.89343
2.4121,0.00443633,2.85918
2.38953,0.00469108,2.83983
2.38411,0.00508133,2.83188
2.41023,0.00238166,2.85523
6 threads per task
2.43429,0.01515,2.89399
2.41011,0.00517251,2.85771
2.40789,0.0055106,2.85319
2.51558,0.00454634,2.96466
2.41525,0.00557208,2.8614
2.36962,0.0043739,2.81747
2.509,0.00552256,2.95716
2.41145,0.00453192,2.85723
2.36591,0.00544956,2.81487
2.37209,0.00420008,2.81686
2.50253,0.00252251,2.94852
2.37586,0.00426764,2.82554
2.39886,0.00540355,2.84524
2.42022,0.00431676,2.86787
2.35684,0.00510324,2.80481
2.41454,0.00426237,2.86002
2.41342,0.00518171,2.86175
2.39693,0.00508642,2.84661
2.3702,0.004298,2.81937
2.36109,0.00424911,2.80829
2.35593,0.0043132,2.80191
2.39745,0.00244693,2.84066
2.3592,0.00514336,2.80842
2.37116,0.00423955,2.81817
2.39622,0.00391522,2.84469
2.40428,0.00390558,2.8539
2.39457,0.00411744,2.83848
2.40209,0.00389185,2.84735
2.39688,0.004298,2.84432
2.41567,0.00552773,2.86471
2.36429,0.00550395,2.81213
2.37703,0.00456417,2.82475
2.42296,0.00453486,2.87307
2.48858,0.00510077,2.9339
2.45326,0.0054748,2.90427
2.45286,0.00568072,2.9004
2.39902,0.00446482,2.84443
2.38131,0.00454241,2.82885
2.41397,0.00434546,2.86003
2.4458,0.00588078,2.89628
2.40055,0.00563314,2.84638
2.39894,0.00545004,2.8439
2.35717,0.00422693,2.80443
2.47146,0.00510811,2.92016
2.40034,0.00451154,2.85028
2.3771,0.00459141,2.82541
2.44869,0.00559511,2.89762
2.40099,0.00512526,2.84716
2.40298,0.00511872,2.85017
2.36697,0.00559159,2.8168
2.40981,0.00426066,2.85678
7 threads per task
2.50147,0.00444413,2.94911
2.40416,0.00573949,2.85389
2.39103,0.00575596,2.83781
2.42902,0.00410151,2.87538
2.38292,0.00415227,2.83181
2.40251,0.00416983,2.84786
2.35972,0.00607866,2.81082
2.35827,0.00445827,2.80517
2.39751,0.00571784,2.84538
2.40782,0.00414454,2.85559
2.39987,0.00407615,2.84736
2.38241,0.00442346,2.83021
2.35729,0.00443678,2.80485
2.39654,0.00413996,2.8439
2.37524,0.00441187,2.8251
2.35155,0.00670774,2.80109
2.39415,0.00412697,2.8411
2.40859,0.00442859,2.85637
2.42876,0.00417892,2.87428
2.39373,0.00580302,2.84329
2.38923,0.0040966,2.83578
2.43193,0.00415353,2.87942
2.37929,0.0055259,2.8276
2.40562,0.00415854,2.85341
2.41229,0.00412154,2.85587
2.39787,0.00414439,2.84453
2.37042,0.00419525,2.81699
2.35766,0.00443019,2.8045
2.35376,0.00548148,2.80168
2.36,0.00574974,2.81029
2.36195,0.00412336,2.80874
2.49419,0.00224372,2.93804
2.40848,0.00416198,2.85252
2.38979,0.00416104,2.83369
2.48327,0.00671115,2.93299
2.35378,0.00412615,2.80609
2.36784,0.00542139,2.81626
2.4409,0.00442309,2.88883
2.39359,0.00416123,2.8403
2.36375,0.00413813,2.81257
2.39869,0.00445788,2.84655
2.41913,0.00672073,2.86941
2.42661,0.00670276,2.87657
2.37733,0.00417804,2.82829
2.44579,0.0055169,2.89272
2.45763,0.00389456,2.90531
2.42104,0.00557958,2.86979
2.35674,0.00547216,2.80471
2.4525,0.00553701,2.90192
2.42076,0.00736308,2.87122
2.39441,0.00699692,2.84484
8 threads per task
2.39853,0.00508563,2.84709
2.39254,0.00512264,2.84178
2.36599,0.00514487,2.81198
2.38388,0.00514942,2.82833
2.37906,0.00511222,2.82903
2.43054,0.00512766,2.87857
2.40114,0.00512818,2.84834
2.41809,0.00512384,2.86689
2.40587,0.00514309,2.85384
2.35678,0.00503208,2.80328
2.39949,0.00535781,2.84692
2.39666,0.00705132,2.84719
2.38589,0.00513568,2.83484
2.39603,0.00511433,2.84518
2.41618,0.00515766,2.86527
2.40875,0.00513978,2.85722
2.39944,0.0051394,2.84774
2.41717,0.00514373,2.86606
2.39311,0.0051305,2.8412
2.42876,0.00593695,2.8766
2.412,0.00502967,2.85943
2.4056,0.00511532,2.85047
2.41775,0.00512667,2.86595
2.42527,0.00675543,2.87342
2.35314,0.00433837,2.80109
2.39362,0.00519609,2.83892
2.37195,0.00595074,2.82115
2.39473,0.00589583,2.84636
2.36399,0.00513136,2.81231
2.38381,0.0051197,2.832
2.39646,0.00514457,2.84337
2.40244,0.00512868,2.85197
2.36824,0.0043257,2.81497
2.40875,0.00578762,2.85623
2.43602,0.00515164,2.88447
2.4823,0.00516373,2.92822
2.39607,0.00516147,2.84519
2.38902,0.00513391,2.83876
2.40986,0.00513406,2.85791
2.40598,0.00515146,2.8527
2.4391,0.00511311,2.88831
2.36295,0.00511461,2.80804
2.41137,0.0054479,2.86086
2.47395,0.00514537,2.92492
2.40081,0.0051218,2.8477
2.45696,0.00516413,2.90269
2.41101,0.00435299,2.86074
2.39978,0.00511466,2.85076
2.42907,0.00593687,2.8765
2.36639,0.00673498,2.81379
2.40589,0.00514481,2.85431
5 tasks per node
1 threads per task
2.47382,0.00340807,2.73517
2.5138,0.00354373,2.77593
2.47415,0.00356167,2.73477
2.49375,0.00478164,2.75669
2.43697,0.003627,2.69783
2.43462,0.00484197,2.69566
2.47156,0.00365383,2.73177
2.46585,0.00363881,2.7268
2.49874,0.0036479,2.75922
2.42428,0.0035921,2.6871
2.45761,0.00350487,2.71868
2.43428,0.00355753,2.69527
2.49927,0.00357923,2.75964
2.49318,0.00363471,2.75363
2.46638,0.00359321,2.72735
2.43741,0.00368464,2.698
2.48583,0.00358361,2.74602
2.4794,0.00369684,2.74135
2.46449,0.00345693,2.72523
2.44381,0.00349782,2.70395
2.4309,0.0035076,2.69096
2.47235,0.00342044,2.73303
2.47618,0.00352765,2.73678
2.47989,0.00370077,2.74095
2.4866,0.00357866,2.74997
2.54746,0.00356844,2.80905
2.48098,0.00370776,2.74159
2.47479,0.00368654,2.7349
2.43252,0.00361451,2.69466
2.4919,0.00369075,2.75211
2.42747,0.0037187,2.68809
2.51657,0.00365087,2.77656
2.47993,0.00428006,2.74111
2.49037,0.00353634,2.75135
2.47719,0.00355185,2.7376
2.47351,0.0035788,2.73593
2.48501,0.00339361,2.74592
2.49448,0.00355146,2.7564
2.50964,0.00365884,2.77159
2.43087,0.00349911,2.69082
2.47231,0.00447566,2.73586
2.43357,0.00353411,2.69469
2.47734,0.00382656,2.73936
2.52202,0.00368004,2.78349
2.46525,0.00367688,2.72485
2.49408,0.00409655,2.75706
2.48689,0.00373624,2.74741
2.45024,0.00375198,2.71002
2.43949,0.00350532,2.69988
2.51002,0.00364477,2.7714
2.46719,0.00342184,2.72749
2 threads per task
2.4805,0.00195572,2.74
2.42828,0.00269575,2.68759
2.47152,0.00200303,2.731
2.4646,0.00217411,2.72458
2.47236,0.00242289,2.73219
2.49078,0.00215197,2.74885
2.44386,0.00205574,2.70375
2.45174,0.00192889,2.71188
2.46055,0.00216948,2.7219
2.49496,0.00206343,2.75372
2.49847,0.00212132,2.7567
2.48181,0.00198537,2.74306
2.48295,0.00208136,2.74147
2.47262,0.00262217,2.73348
2.42844,0.00222884,2.68765
2.44659,0.00211877,2.70546
2.43207,0.00211488,2.6923
2.47962,0.00193915,2.73959
2.42179,0.00197142,2.68115
2.43516,0.00284826,2.69593
2.44307,0.00215523,2.70324
2.51533,0.00205212,2.77536
2.49714,0.00217968,2.75693
2.44296,0.00209281,2.704
2.46177,0.00207881,2.72135
2.4929,0.00213483,2.75201
2.44583,0.00216978,2.70533
2.52943,0.00206656,2.78914
2.4754,0.0020109,2.73437
2.50581,0.00205768,2.76482
2.44678,0.00217407,2.70584
2.47868,0.00204054,2.73831
2.43917,0.00204206,2.69886
2.43616,0.00209044,2.69715
2.55633,0.00209,2.81621
2.50263,0.00233495,2.7635
2.45086,0.0020567,2.71135
2.4604,0.00207324,2.71908
2.46432,0.00215248,2.72491
2.43883,0.00260362,2.698
2.48288,0.00223887,2.74193
2.48041,0.00211501,2.73959
2.47497,0.002176,2.73377
2.44286,0.00202611,2.70321
2.47184,0.00203841,2.73145
2.44607,0.00255886,2.70544
2.47041,0.00212627,2.72929
2.47799,0.00206016,2.73699
2.69897,0.00214328,2.95909
2.48069,0.002027,2.73974
2.47245,0.00323986,2.73382
3 threads per task
2.48226,0.00265642,2.74368
2.52369,0.00488615,2.7856
2.44829,0.00525352,2.71091
2.55639,0.00311998,2.81683
2.43386,0.00280669,2.69578
2.53825,0.00321197,2.79824
2.44576,0.00580845,2.70854
2.50044,0.00509298,2.76343
2.47401,0.00380444,2.73659
2.43616,0.00317417,2.69608
2.42756,0.00578627,2.69041
2.44152,0.00364526,2.70227
2.42988,0.00473905,2.69121
2.46475,0.00410679,2.72598
2.47094,0.00492825,2.7328
2.46645,0.00354829,2.7265
2.56728,0.00266682,2.82646
2.47008,0.00369886,2.73068
2.48902,0.00413655,2.75039
2.46763,0.00573334,2.73238
2.44485,0.00580594,2.7082
2.47491,0.00574174,2.73745
2.42897,0.00307288,2.68999
2.4854,0.0031892,2.74586
2.47327,0.00575012,2.73565
2.47008,0.00319012,2.73007
2.50799,0.00485278,2.76979
2.52143,0.00576955,2.78454
2.52604,0.00572059,2.78858
2.44782,0.00576891,2.71195
2.48605,0.0049059,2.74754
2.49793,0.00574345,2.76014
2.4639,0.00415521,2.72478
2.47086,0.00581856,2.73265
2.47885,0.00491272,2.74055
2.48912,0.00572963,2.75386
2.50671,0.0051058,2.76893
2.47559,0.00578394,2.74004
2.48495,0.00357783,2.74613
2.46677,0.00574076,2.72997
2.47045,0.00287783,2.73008
2.45989,0.00320957,2.72014
2.44258,0.00352793,2.70238
2.50345,0.00577861,2.76754
2.43487,0.00571566,2.69734
2.49699,0.00579258,2.76025
2.47797,0.00420733,2.73867
2.50953,0.00512496,2.77159
2.43049,0.00359082,2.6914
2.48101,0.00321476,2.74217
2.50576,0.00300198,2.76562
4 threads per task
2.47501,0.00448726,2.73721
2.46608,0.00537907,2.73008
2.49895,0.00530908,2.76124
2.46629,0.00665942,2.73053
2.43215,0.00533349,2.6947
2.47232,0.0046504,2.73533
2.53834,0.00783402,2.80306
2.50838,0.00521402,2.77167
2.51355,0.00592322,2.77702
2.49366,0.00529389,2.75598
2.48203,0.00531329,2.74404
2.47457,0.00537636,2.73686
2.46531,0.00824094,2.73002
2.47381,0.00510223,2.73648
2.46538,0.00528703,2.72918
2.59481,0.00609563,2.85895
2.47213,0.00504627,2.7333
2.48493,0.00514602,2.74733
2.49466,0.00963926,2.76161
2.48201,0.00755657,2.74711
2.47528,0.00663349,2.73889
2.46618,0.00595776,2.72924
2.42192,0.00529812,2.68621
2.45575,0.00654314,2.71924
2.50418,0.00455892,2.7667
2.55382,0.00664565,2.81849
2.54071,0.00488732,2.8025
2.48637,0.00777384,2.753
2.41982,0.00601184,2.68486
2.43177,0.00591914,2.69485
2.47728,0.00669333,2.74207
2.48468,0.00458163,2.74636
2.46967,0.00595183,2.73317
2.49482,0.00512699,2.75927
2.43314,0.00608585,2.69603
2.48441,0.00497132,2.74661
2.49607,0.00524862,2.75919
2.47961,0.00515294,2.74291
2.43997,0.00531246,2.70258
2.43576,0.00531371,2.69947
2.49748,0.00530579,2.75994
2.43701,0.00522598,2.69994
2.61611,0.00538121,2.87868
2.46591,0.00511417,2.72887
2.49107,0.00536295,2.75302
2.46877,0.00595317,2.73229
2.43593,0.00606635,2.69904
2.47241,0.00664349,2.73614
2.43672,0.00904713,2.70648
2.52446,0.00452036,2.78795
2.4625,0.00514414,2.72461
5 threads per task
2.47158,0.00567717,2.73399
2.47217,0.00486297,2.73416
2.42663,0.00491268,2.68779
2.52979,0.0060669,2.79371
2.47169,0.00489751,2.73374
2.42473,0.00493857,2.68796
2.45947,0.00657166,2.72331
2.45405,0.00586385,2.71712
2.48827,0.0145436,2.76133
2.43126,0.00581858,2.69448
2.4937,0.00489578,2.75764
2.45566,0.00676027,2.7218
2.48766,0.0069565,2.75143
2.47564,0.00503887,2.73797
2.43518,0.00869824,2.70128
2.48641,0.00627287,2.75178
2.49949,0.00522758,2.76172
2.47241,0.00474623,2.73542
2.52207,0.00504582,2.78583
2.46859,0.0149133,2.73894
2.47973,0.00486987,2.74235
2.48028,0.00655775,2.74492
2.49823,0.0048877,2.76273
2.4386,0.00487509,2.70108
2.43962,0.00581679,2.70481
2.48493,0.00494964,2.74773
2.47668,0.00751074,2.74084
2.47014,0.00494327,2.73256
2.48627,0.00671303,2.75131
2.43995,0.00702998,2.70374
2.45426,0.00573156,2.71899
2.42667,0.00586604,2.68938
2.49942,0.0054123,2.76206
2.47081,0.00494355,2.73378
2.48818,0.00665269,2.75237
2.47818,0.0162149,2.74958
2.47129,0.00522745,2.73443
2.41812,0.004928,2.68042
2.49194,0.00492197,2.75415
2.49331,0.00633527,2.75568
2.44606,0.00631361,2.70962
2.51249,0.00626186,2.77577
2.46808,0.0050198,2.73046
2.4891,0.00554787,2.75183
2.47608,0.00491152,2.73983
2.47155,0.00632673,2.73466
2.50749,0.00691957,2.77193
2.49038,0.00494023,2.75362
2.46574,0.00814546,2.73109
2.48569,0.00496801,2.74778
2.49822,0.00523534,2.76071
6 threads per task
2.46968,0.0100417,2.73869
2.48609,0.00809859,2.75151
2.46253,0.00932302,2.72924
2.46857,0.00827461,2.73492
2.47249,0.00815071,2.73873
2.43755,0.00975754,2.70406
2.51535,0.00837376,2.78199
2.50194,0.00959633,2.76955
2.42712,0.00681034,2.69048
2.52807,0.00842061,2.79374
2.44483,0.00789076,2.71023
2.49311,0.00837731,2.75851
2.44166,0.00874116,2.70925
2.44915,0.00800273,2.71568
2.47349,0.00762217,2.73792
2.47883,0.00615465,2.74216
2.48309,0.00843691,2.74865
2.48376,0.00697839,2.74889
2.43646,0.00827215,2.70273
2.51613,0.00649534,2.78203
2.43855,0.00849491,2.70451
2.43501,0.00805296,2.70104
2.45217,0.00801285,2.71751
2.548,0.00847538,2.814
2.47574,0.00727181,2.74017
2.47852,0.00803945,2.74643
2.56021,0.00790697,2.82689
2.55831,0.00702306,2.82297
2.47508,0.00798556,2.7397
2.46215,0.00830714,2.7278
2.51026,0.00840046,2.77585
2.47257,0.0083452,2.73885
2.48583,0.00674373,2.74969
2.53034,0.00750989,2.79649
2.54284,0.00634099,2.80631
2.46838,0.00863847,2.734
2.46855,0.00948572,2.73525
2.48595,0.00639362,2.75017
2.45908,0.00687501,2.72554
2.48014,0.00687021,2.74304
2.49599,0.00788221,2.76229
2.43095,0.00844396,2.69673
2.53402,0.00881753,2.80003
2.48372,0.0159115,2.75534
2.47476,0.00609164,2.73819
2.49489,0.00802981,2.76037
2.48536,0.00830488,2.75209
2.49515,0.00675086,2.7601
2.49178,0.00635246,2.75472
2.46955,0.00715949,2.73335
2.47938,0.00829369,2.74712
7 threads per task
2.49547,0.0106956,2.76344
2.48017,0.00992124,2.74787
2.51078,0.00980353,2.77837
2.52131,0.00826912,2.7864
2.47157,0.0109603,2.73926
2.46642,0.0107873,2.73688
2.46263,0.00987119,2.73347
2.48278,0.00896932,2.75129
2.46811,0.00960754,2.73492
2.45434,0.0120424,2.72271
2.46818,0.0109261,2.7373
2.47282,0.0100533,2.74011
2.48205,0.0115748,2.75179
3.1063,0.00968333,3.37211
2.42674,0.00775582,2.69197
2.45153,0.00780622,2.71655
2.47417,0.0103979,2.74175
2.60001,0.00921775,2.86682
2.47393,0.0126619,2.74374
2.55199,0.00827183,2.81705
2.50381,0.00878302,2.77303
2.51155,0.0103665,2.7789
2.44254,0.00940464,2.71238
2.42841,0.01103,2.69776
2.44129,0.00843554,2.70718
2.48067,0.0103944,2.74767
2.45047,0.00865395,2.71656
2.48961,0.010577,2.75809
2.47389,0.00983461,2.74193
2.43522,0.0103376,2.70292
2.48585,0.00971092,2.75387
2.48242,0.010563,2.74947
2.49158,0.00977064,2.75775
2.48173,0.00989608,2.75004
2.47866,0.00979708,2.74575
2.48762,0.010006,2.75419
2.43181,0.0109281,2.69993
2.4619,0.00994779,2.73041
2.44739,0.0111798,2.71614
2.44692,0.008739,2.71492
2.50136,0.0120614,2.77129
2.56377,0.0109289,2.83151
2.4466,0.00951668,2.71323
2.48818,0.0105467,2.75684
2.51164,0.0114351,2.77979
2.48886,0.0107399,2.75664
2.5114,0.00973097,2.78026
2.44434,0.00893577,2.70992
2.48956,0.00979851,2.75688
2.4947,0.0110907,2.76408
2.43548,0.00932969,2.70242
8 threads per task
2.47611,0.0105405,2.74429
2.45691,0.0111731,2.72617
2.47635,0.0101738,2.74592
2.50689,0.0105184,2.77655
2.4926,0.0110034,2.76495
2.474,0.0108221,2.7413
2.55072,0.0109582,2.82096
2.46954,0.0107235,2.73808
2.5747,0.00808673,2.8452
2.51544,0.0105668,2.78245
2.4979,0.0100412,2.76492
2.60445,0.0104376,2.87264
2.49374,0.0117586,2.76417
2.43637,0.0110438,2.70639
2.42652,0.010337,2.69716
2.46787,0.0113626,2.73779
2.51543,0.0104156,2.7835
2.48709,0.0111397,2.75738
2.4878,0.0106299,2.75714
2.44035,0.0111436,2.7082
2.45442,0.00931199,2.72009
2.48043,0.0113566,2.74791
2.46391,0.0116489,2.7329
2.47449,0.00973385,2.74534
2.45275,0.010675,2.72024
2.56024,0.0120925,2.83115
2.45635,0.0102115,2.725
2.50844,0.0111993,2.77675
2.52217,0.00823695,2.78732
2.46555,0.0114721,2.73503
2.49046,0.0115772,2.75882
2.44707,0.0112664,2.72108
2.46659,0.0109509,2.73479
2.47114,0.00786746,2.73702
2.5132,0.00985016,2.78452
2.43499,0.0100256,2.70256
2.46492,0.0124804,2.73489
2.48127,0.0128986,2.75152
2.48859,0.0129883,2.75831
2.50258,0.0113885,2.77122
2.47084,0.0112411,2.74128
2.47657,0.0113802,2.74712
2.4638,0.0113803,2.73166
2.46347,0.01183,2.73311
2.44902,0.0108018,2.71726
2.46582,0.0110285,2.73449
2.48658,0.0104562,2.75378
2.52258,0.0110047,2.79136
2.50141,0.0108577,2.76969
2.48911,0.0119127,2.75878
2.42508,0.011481,2.69385
6 tasks per node
1 threads per task
2.4821,0.00356655,2.71057
2.50513,0.00351362,2.73357
2.4887,0.0035411,2.71633
2.47342,0.00352757,2.70266
2.4414,0.00349976,2.67006
2.46376,0.00358037,2.69251
2.46551,0.00351748,2.69392
2.43821,0.00349788,2.66713
2.48726,0.0035482,2.71628
2.45421,0.00349999,2.68285
2.46426,0.00355865,2.69261
2.45499,0.00398003,2.685
2.53597,0.00356202,2.76413
2.48906,0.00355358,2.71817
2.46117,0.0035414,2.68944
2.4682,0.00357309,2.69711
2.49226,0.00360682,2.72112
2.50478,0.00353045,2.73378
2.49769,0.00354971,2.72585
2.71312,0.00354891,2.94141
2.4845,0.0035668,2.71254
2.50562,0.00356811,2.73416
2.44885,0.00364765,2.67696
2.48686,0.00356022,2.71485
2.50108,0.00354573,2.72953
2.50249,0.0035595,2.73068
2.48354,0.00365528,2.71182
2.57853,0.00366754,2.80676
2.46187,0.00352322,2.69106
2.43503,0.00352495,2.66347
2.51396,0.00363168,2.74246
2.4859,0.00492326,2.71573
2.43935,0.00366659,2.66748
2.45212,0.00349749,2.68027
2.48137,0.00354382,2.71061
2.48482,0.00365063,2.71334
2.50841,0.00358777,2.73757
2.47996,0.00358754,2.7091
2.44571,0.0035999,2.67471
2.43002,0.00354872,2.65849
2.44256,0.00355608,2.67093
2.45275,0.00356547,2.68077
2.45104,0.00357679,2.67988
2.50088,0.00362188,2.72927
2.43808,0.00357213,2.66677
2.53422,0.00357105,2.76297
2.47813,0.00354981,2.70665
2.50521,0.00355604,2.73371
2.49294,0.0035521,2.72084
2.50361,0.0035932,2.7322
2.49371,0.00355866,2.72246
2 threads per task
2.49258,0.00244208,2.71988
2.53842,0.00206985,2.76522
2.45465,0.00205674,2.68201
2.47135,0.00206552,2.69787
2.53569,0.00208725,2.76235
2.46663,0.0020789,2.69461
2.53005,0.00212493,2.75702
2.46571,0.00213903,2.69345
2.48343,0.00358086,2.71186
2.47751,0.00285897,2.70514
2.44217,0.00201301,2.66902
2.47332,0.00205605,2.70038
2.48795,0.00208235,2.71492
2.51027,0.00200067,2.737
2.51954,0.00276184,2.74764
2.48732,0.00209962,2.71401
2.44328,0.00218534,2.67015
2.5031,0.002046,2.72955
3.0932,0.00204767,3.31971
2.47724,0.0020086,2.70443
2.45786,0.00207672,2.68416
3.01849,0.00293009,3.24551
2.54449,0.0020081,2.77137
2.51489,0.0020493,2.74179
2.44897,0.00340674,2.67818
2.49462,0.00211203,2.72182
2.52275,0.00209733,2.74999
2.44298,0.00199575,2.66985
2.53657,0.00205333,2.76386
2.48102,0.00250704,2.70806
2.52011,0.00205419,2.74651
2.498,0.00243539,2.72465
2.49675,0.00206342,2.72265
2.48105,0.00214371,2.7078
2.4565,0.00211771,2.68332
2.45711,0.00211584,2.68379
2.49512,0.0020255,2.72146
2.44779,0.00209854,2.67466
2.48151,0.00263786,2.70862
2.43885,0.00200969,2.6657
2.53073,0.00199783,2.75757
2.49355,0.00211345,2.72074
2.50573,0.00259976,2.7333
2.51211,0.00204206,2.73924
2.55739,0.00202747,2.78423
2.52764,0.00203308,2.75505
2.484,0.00202788,2.71111
2.44567,0.00204414,2.67265
2.49038,0.00200306,2.71729
2.4844,0.00297451,2.71229
2.44645,0.00210246,2.6729
3 threads per task
2.47642,0.00316804,2.70515
2.48509,0.00224198,2.71304
2.44651,0.00300999,2.6741
2.50131,0.00385466,2.73184
2.45153,0.00410097,2.68062
2.50584,0.00526964,2.73587
2.52956,0.00240262,2.75715
2.49832,0.00404886,2.72719
2.5023,0.00316192,2.73067
2.48795,0.00356759,2.71602
2.45837,0.0031899,2.68703
2.46537,0.00419309,2.69447
2.44465,0.00248295,2.67194
2.51063,0.00289189,2.73846
2.51315,0.00301529,2.74045
2.5319,0.00324249,2.75989
2.49281,0.00510565,2.72246
2.49206,0.00496696,2.72159
2.47671,0.00317995,2.70504
2.47074,0.00297358,2.69874
2.54501,0.0034901,2.77338
2.53783,0.00356491,2.76586
2.49964,0.0049504,2.72963
2.47433,0.00415802,2.70307
2.50851,0.00571446,2.73923
2.49546,0.00261469,2.72313
2.47098,0.00356422,2.69962
2.50535,0.00288792,2.73348
2.55736,0.00508492,2.78749
2.48317,0.00274253,2.71103
2.49551,0.00428966,2.72555
2.49315,0.00273739,2.72065
2.45396,0.00311329,2.68217
2.49879,0.00490696,2.72897
2.46132,0.00344426,2.68914
2.47029,0.00513742,2.70052
2.51334,0.0038971,2.74215
2.44782,0.00574737,2.67827
2.50342,0.00301677,2.73226
2.43424,0.00512637,2.66371
2.69267,0.00354303,2.92087
2.45839,0.0030748,2.68649
2.4493,0.00403495,2.67792
2.47371,0.00575014,2.70486
2.50846,0.00160753,2.735
2.46772,0.00298325,2.69707
2.48222,0.00695972,2.71422
2.50562,0.00285695,2.73375
2.47204,0.00325416,2.70019
2.43716,0.00372773,2.66572
2.44834,0.00314008,2.67637
4 threads per task
2.52916,0.0158942,2.77021
2.44454,0.0053477,2.67459
2.43786,0.00566512,2.66861
2.48622,0.00546222,2.7158
2.49727,0.00544907,2.72714
2.52809,0.00458524,2.75894
2.44396,0.0057221,2.67518
2.48404,0.00667015,2.71583
2.47446,0.00627277,2.70675
2.48926,0.00665923,2.72165
2.4935,0.00517699,2.72356
2.45729,0.00654288,2.68854
2.48266,0.00698144,2.71458
2.48748,0.00520288,2.71744
2.48159,0.00997587,2.71606
2.47063,0.00509218,2.70062
2.52276,0.00532896,2.75266
2.54836,0.00599662,2.77964
2.56352,0.00524625,2.79326
2.53594,0.00518773,2.76599
2.43672,0.00361692,2.66512
2.50315,0.00569054,2.73413
2.449,0.00945867,2.68299
2.45073,0.00503089,2.68084
2.45805,0.0049841,2.68784
2.48842,0.00624664,2.71963
2.47663,0.00486853,2.70642
2.44679,0.00490031,2.67663
2.47591,0.00571381,2.70639
2.43592,0.00510893,2.66564
2.50055,0.0051713,2.73253
2.50716,0.00582481,2.73807
2.46771,0.0102339,2.70336
2.43665,0.00516234,2.66683
2.47676,0.0146484,2.71682
2.44973,0.00448732,2.67913
2.48636,0.00492767,2.71645
2.48283,0.00473606,2.71273
2.43064,0.00517479,2.66082
2.48847,0.0056483,2.71929
2.46092,0.00897195,2.69583
2.48591,0.00504029,2.71581
2.45121,0.0036294,2.67968
2.45553,0.0051507,2.68539
2.45388,0.00533125,2.68473
2.54391,0.0152551,2.78483
2.58468,0.00480056,2.81472
2.50255,0.0037019,2.7309
2.49808,0.00458677,2.72733
2.55078,0.00524957,2.78057
2.53894,0.00474466,2.76939
5 threads per task
2.4794,0.00520353,2.71007
2.48165,0.00650598,2.71329
2.50548,0.00625082,2.73663
2.49258,0.00558787,2.72354
2.51079,0.00493092,2.74086
2.499,0.00620629,2.72999
2.44797,0.00557057,2.67868
2.47914,0.00617311,2.71053
2.44516,0.00606771,2.67502
2.45161,0.00644125,2.68254
2.42763,0.00709918,2.65958
2.44068,0.00698274,2.67184
2.49004,0.00847647,2.72273
2.45591,0.00752205,2.68813
2.50776,0.00488461,2.73742
2.45661,0.00487438,2.68638
2.43298,0.0082554,2.66623
2.48458,0.00509241,2.71485
2.50346,0.00483358,2.73285
2.51705,0.0048241,2.74708
2.4867,0.00625181,2.71811
2.49928,0.00605972,2.73007
2.48911,0.00488796,2.71866
2.47953,0.00655516,2.71159
2.50705,0.00502567,2.73661
2.47902,0.00521278,2.70948
2.48539,0.00696577,2.7178
2.48152,0.00520582,2.71125
2.45517,0.00511101,2.68467
2.45091,0.00588258,2.68199
2.44082,0.0101445,2.67612
2.46104,0.00485108,2.69098
2.47229,0.00489658,2.70192
2.48696,0.00496157,2.71645
2.48666,0.00558986,2.71677
2.49497,0.00492926,2.72469
2.49835,0.00513505,2.72879
2.49134,0.00496987,2.7206
2.50151,0.00516954,2.73183
2.52469,0.00586459,2.75591
2.4459,0.00490501,2.67582
2.56471,0.00525009,2.79489
2.49417,0.00494511,2.72413
2.49903,0.00535397,2.72909
2.45538,0.00601092,2.68591
2.48732,0.0052586,2.71865
2.45457,0.00911073,2.68896
2.45093,0.00586854,2.68179
2.4956,0.00474527,2.72488
2.43409,0.0062113,2.66545
2.48157,0.00520003,2.71238
6 threads per task
2.49448,0.0194695,2.75893
2.4874,0.0101076,2.72205
2.48779,0.00902788,2.722
2.45277,0.00818168,2.68579
2.47735,0.00791299,2.71057
2.45684,0.00962932,2.69185
2.53017,0.0097391,2.76573
2.442,0.00903985,2.67654
2.49311,0.00831533,2.72737
2.53088,0.00780169,2.76385
2.45447,0.00764039,2.68764
2.48778,0.00766265,2.72106
2.50554,0.00857019,2.73929
2.45779,0.00917998,2.69188
2.44425,0.00961332,2.67859
2.51646,0.00848028,2.75044
2.49325,0.00676104,2.72496
2.52309,0.00762343,2.75617
2.44953,0.009765,2.68402
2.49197,0.0101252,2.72705
2.48717,0.00673347,2.7189
2.45331,0.010078,2.68839
2.45543,0.00633721,2.68698
2.47191,0.0109502,2.70741
2.47722,0.0179571,2.71956
2.50378,0.00767977,2.73648
2.45259,0.00615826,2.68399
2.48417,0.00678546,2.71569
2.47324,0.00840462,2.70724
2.49059,0.0096536,2.72537
2.49159,0.00845598,2.72569
2.45455,0.00954746,2.68895
3.1221,0.00944885,3.35597
2.484,0.00840583,2.71684
2.46727,0.00788001,2.7003
2.50029,0.00822187,2.73396
2.45187,0.0115341,2.68834
2.49358,0.00623859,2.72485
2.59039,0.00756793,2.82315
2.53526,0.00846227,2.76889
2.46886,0.00946756,2.70323
2.52135,0.00823906,2.75368
2.50255,0.00899753,2.73624
2.49876,0.00825732,2.73173
2.44628,0.00628967,2.67831
2.4902,0.00843679,2.72348
2.5218,0.00898147,2.75695
2.48129,0.00802467,2.71428
2.48794,0.00769465,2.72055
2.53225,0.00926981,2.76616
2.43498,0.00751214,2.66698
7 threads per task
2.44817,0.00951981,2.68351
2.49129,0.00936705,2.72572
2.49448,0.00836115,2.72764
2.49025,0.00933605,2.72462
2.45661,0.0199992,2.70267
2.54923,0.0104012,2.7847
2.43833,0.01051,2.67361
2.51441,0.0089107,2.74794
2.49926,0.00991751,2.73436
2.46984,0.00938572,2.70494
2.48003,0.00896014,2.71401
2.49689,0.00984538,2.73252
2.48102,0.00826711,2.71349
2.48416,0.00904179,2.71833
2.45731,0.00919708,2.69093
2.49992,0.0119689,2.73728
2.50781,0.00943856,2.74276
2.49775,0.00994807,2.73263
2.43749,0.00959516,2.67247
2.49229,0.00785426,2.72567
2.45621,0.00826215,2.68887
2.46506,0.0104131,2.70148
2.55859,0.00997251,2.7946
2.50309,0.0119934,2.74023
2.44923,0.0105638,2.685
2.49273,0.00848797,2.72659
2.46134,0.00968602,2.69588
2.49582,0.0103168,2.7315
2.49337,0.00930998,2.72806
2.46883,0.010522,2.70455
2.4887,0.00978373,2.72675
2.4686,0.010497,2.70477
2.47881,0.0102833,2.71343
2.46495,0.0100814,2.69983
2.50215,0.0211741,2.7488
2.48066,0.00966415,2.71589
2.49837,0.00968344,2.73276
3.11899,0.0203586,3.36559
2.53823,0.0187467,2.78265
2.47851,0.00933135,2.71306
2.4994,0.00830181,2.7325
2.4591,0.0175952,2.70273
2.43895,0.00989279,2.67381
2.52524,0.0107051,2.76096
2.52527,0.00952175,2.7601
2.49721,0.00867353,2.73132
2.44406,0.008854,2.67787
2.48348,0.0102429,2.71853
2.49683,0.00805547,2.7299
2.47989,0.00936566,2.71397
2.47997,0.0121308,2.71752
8 threads per task
2.44408,0.0108821,2.6799
2.4818,0.0115849,2.71822
2.48161,0.0099718,2.71641
2.43336,0.00995068,2.66776
2.49368,0.00814112,2.72646
2.45878,0.00971771,2.69313
2.56839,0.0101752,2.8033
2.51686,0.00999913,2.75172
2.50735,0.0108344,2.74318
2.48861,0.0118396,2.72483
2.51561,0.0104502,2.75125
2.58129,0.00806476,2.81438
2.48198,0.00814296,2.7154
2.48044,0.0109842,2.71647
2.47021,0.00819597,2.7036
2.46256,0.0096611,2.69673
2.47533,0.00843435,2.70827
2.48521,0.00968885,2.72016
2.51274,0.0131259,2.75161
2.48198,0.0111575,2.71847
2.50323,0.00935816,2.73758
2.51734,0.0120117,2.75499
2.50987,0.00965306,2.74455
2.53488,0.0107358,2.77059
2.49299,0.00808685,2.72648
2.45842,0.00952357,2.69228
2.50073,0.00990609,2.73601
2.50166,0.00890268,2.7351
2.45129,0.0108408,2.68738
2.48339,0.00945264,2.71725
2.4425,0.0096841,2.67917
2.47314,0.0237285,2.72116
2.50825,0.00964271,2.74388
2.51554,0.00812688,2.74847
2.48573,0.0118649,2.72176
2.4856,0.0102143,2.7199
2.52579,0.010892,2.76197
2.45264,0.00973926,2.68736
2.47721,0.00939891,2.71159
2.51763,0.00949909,2.75213
2.48931,0.00963135,2.72368
2.48205,0.00804389,2.715
2.50615,0.00811713,2.73943
2.50393,0.0109847,2.73919
2.48624,0.0113298,2.72267
2.52192,0.0116326,2.75878
2.4878,0.0105189,2.72367
2.46913,0.0109983,2.70489
2.45393,0.0104451,2.68935
2.46442,0.0128354,2.70159
2.49597,0.0112096,2.73239
7 tasks per node
1 threads per task
2.52903,0.00357034,2.75171
2.50531,0.00356848,2.72753
2.55442,0.00355963,2.77634
2.56694,0.00358069,2.78923
2.52643,0.00358022,2.7481
2.56515,0.00358291,2.78624
2.56679,0.00359284,2.7887
2.51763,0.0035734,2.73916
2.58458,0.00344899,2.80733
2.57525,0.00402411,2.79796
2.59232,0.00356352,2.81362
2.57295,0.00358916,2.79516
2.51067,0.00359731,2.73256
2.56178,0.00355703,2.78383
2.519,0.00357639,2.74046
2.52485,0.00351125,2.74647
2.62017,0.00345435,2.84199
2.55457,0.00359633,2.77565
2.78739,0.00359323,3.0099
2.57787,0.00357376,2.7997
2.58541,0.00357072,2.80704
2.51061,0.00357951,2.73318
2.52095,0.00359526,2.74291
2.56804,0.00361872,2.79008
2.54864,0.00359126,2.76998
2.56853,0.00356799,2.79017
2.52176,0.0035324,2.74407
2.55739,0.00357146,2.77905
2.55555,0.00352942,2.77767
2.50951,0.00359144,2.73092
2.57252,0.00357091,2.79435
2.57982,0.00356771,2.80241
2.54722,0.00356615,2.76887
2.56991,0.00357525,2.7928
2.56654,0.00357304,2.78834
2.5104,0.00356972,2.73252
2.64161,0.0035759,2.86331
2.55002,0.00358786,2.77224
2.525,0.00359605,2.74659
2.57995,0.00358273,2.80371
2.56073,0.00357368,2.78221
2.55547,0.00356375,2.7777
2.55961,0.00359451,2.78101
2.55013,0.00356441,2.77273
2.66376,0.00346469,2.88719
2.57045,0.00356604,2.79336
2.51153,0.00357042,2.73314
2.52021,0.00357592,2.7422
2.52053,0.0035539,2.74236
2.5103,0.00357393,2.73258
2.55087,0.00358993,2.77305
2 threads per task
2.50462,0.00242034,2.72563
2.56419,0.00194171,2.78497
2.58431,0.00214092,2.8053
2.57896,0.00194056,2.7987
2.57447,0.00214264,2.79431
2.58794,0.00215065,2.80812
2.56028,0.00215029,2.78143
2.56751,0.00206266,2.78827
2.51204,0.00248477,2.73268
2.60459,0.00213677,2.82515
2.53583,0.00264208,2.75706
2.56931,0.00193741,2.78931
2.55094,0.0020472,2.77196
2.61479,0.00211992,2.83601
2.54959,0.00213233,2.77022
2.54057,0.00214879,2.76178
2.53125,0.00251996,2.75241
2.55224,0.00193567,2.77317
2.51774,0.00194501,2.73891
2.55961,0.00222808,2.78057
2.5736,0.00240493,2.79611
2.55046,0.00195434,2.77159
2.64599,0.0020373,2.86798
2.54914,0.00191433,2.76929
2.60478,0.00194333,2.82502
2.52196,0.00194913,2.74301
2.56719,0.00196098,2.78769
2.55913,0.00195352,2.77962
2.51385,0.00282288,2.73453
2.57924,0.00290223,2.80056
2.52186,0.00195047,2.74248
2.59627,0.00286397,2.81771
2.57366,0.00193649,2.79422
2.58918,0.0019383,2.81046
2.55806,0.00193041,2.77851
2.50564,0.00215449,2.72677
2.59044,0.00212119,2.81104
2.57192,0.00213223,2.794
2.5411,0.0019162,2.76151
2.58003,0.00203708,2.8003
2.57602,0.00194232,2.79673
2.63438,0.00215955,2.85563
2.51384,0.00193292,2.73424
2.56789,0.00241496,2.78832
2.58062,0.00245226,2.80232
2.55399,0.0019216,2.77417
2.57265,0.00213435,2.79318
2.56557,0.00194652,2.78536
2.55556,0.00197193,2.77591
2.59186,0.00192604,2.812
2.56229,0.00227063,2.78406
3 threads per task
2.56808,0.00299021,2.79082
2.57517,0.00567298,2.79891
2.56075,0.00504968,2.78453
2.59694,0.00418042,2.82124
2.70445,0.0031009,2.92597
2.52331,0.0165845,2.75902
3.21912,0.00495073,3.44299
2.55682,0.00578454,2.78226
2.50678,0.00379774,2.72866
2.57846,0.00470505,2.8015
2.57334,0.00528021,2.79676
2.55157,0.0155149,2.78619
2.64958,0.00311941,2.87139
2.52495,0.0157951,2.76006
2.51341,0.00566136,2.73721
2.51807,0.00568218,2.74262
2.51033,0.00495393,2.73436
2.5594,0.00549295,2.78378
2.5796,0.00479922,2.80423
2.52056,0.0150536,2.77361
2.56161,0.00531532,2.78494
2.54852,0.00426539,2.77138
2.54888,0.00534003,2.77267
2.55073,0.00437382,2.77374
2.54848,0.00447688,2.77198
2.54597,0.0152264,2.78024
2.57332,0.00511967,2.79727
2.52661,0.00317364,2.74871
2.52185,0.0056492,2.74607
2.54794,0.00300613,2.77
2.58849,0.00396621,2.81094
2.5707,0.00351309,2.79235
2.54239,0.00404478,2.76574
2.56121,0.00556125,2.78579
2.53011,0.00854877,2.75761
2.56278,0.00506464,2.78675
2.56414,0.00510277,2.78789
2.62477,0.00529446,2.84801
2.5115,0.00295557,2.73269
2.54738,0.00458109,2.7711
2.58699,0.00570179,2.81083
2.57591,0.00445972,2.79808
2.56034,0.00513217,2.78323
2.59756,0.0166963,2.83375
2.83987,0.0147735,3.0763
3.52614,0.0161994,3.76043
2.56324,0.0166101,2.79873
2.64691,0.00566832,2.87217
2.51584,0.00519585,2.73937
2.58201,0.00564504,2.80613
2.55291,0.00271567,2.77369
4 threads per task
2.65338,0.00653193,2.87821
2.54284,0.00673488,2.76803
2.51579,0.0066818,2.74105
2.51991,0.0051407,2.74357
2.57382,0.0050694,2.79706
2.55912,0.00515529,2.78288
2.54999,0.00674945,2.7753
2.5137,0.00505308,2.73729
2.5526,0.016263,2.78708
2.57748,0.00513944,2.80109
2.68759,0.00506187,2.91272
2.58168,0.00512487,2.80514
2.5741,0.00513582,2.79751
2.7957,0.00520475,3.02031
2.51016,0.00508371,2.73335
2.56569,0.00679193,2.7912
2.5582,0.00505321,2.78141
2.63873,0.0147766,2.87363
2.55447,0.00516013,2.77814
2.55946,0.00505222,2.783
2.55868,0.00505378,2.78316
2.55933,0.00573081,2.78384
2.56942,0.00990284,2.79782
2.55896,0.00686541,2.78622
2.55993,0.00498146,2.78363
2.71891,0.0175762,2.95526
2.60183,0.0202092,2.83968
2.58444,0.00504343,2.80833
2.55804,0.0048804,2.78195
2.55356,0.00517955,2.7771
2.54957,0.00514456,2.77414
2.54984,0.00506668,2.77279
2.5893,0.0049805,2.81272
2.57199,0.00692087,2.79717
2.63593,0.0183161,2.8728
2.50958,0.00506287,2.73263
2.57337,0.00659766,2.79848
2.52052,0.0063926,2.74555
2.5569,0.00831429,2.78432
2.56355,0.01689,2.79927
2.56081,0.00508388,2.78511
2.55286,0.0050418,2.77592
2.59772,0.00505661,2.82166
2.54771,0.00597905,2.77261
2.65321,0.00506551,2.87607
2.58567,0.00674675,2.81061
2.52454,0.0137189,2.75848
2.6013,0.00505979,2.82603
2.55772,0.00624034,2.78279
2.55062,0.0163808,2.78568
2.55228,0.00468147,2.77623
5 threads per task
2.57176,0.00699485,2.79768
2.52666,0.00694207,2.75391
2.53322,0.00849756,2.75993
2.85252,0.00813257,3.07908
2.52955,0.00649544,2.75487
2.57961,0.0187408,2.8169
2.5222,0.00794282,2.75008
2.51362,0.0162793,2.74846
2.56423,0.00802979,2.79147
2.55903,0.00902146,2.78612
2.56347,0.00801173,2.78942
2.554,0.0073476,2.78139
2.54883,0.00912259,2.77726
2.55766,0.00642746,2.78286
2.50898,0.00860896,2.73643
2.56021,0.00631588,2.78413
2.54501,0.00773753,2.77106
2.66051,0.00738868,2.88739
2.55653,0.00851455,2.78404
2.52849,0.00848974,2.75603
2.54856,0.00799001,2.77609
2.55727,0.00882975,2.78453
2.5359,0.00849627,2.76285
2.5795,0.00670238,2.80446
2.60535,0.00882162,2.83394
2.58341,0.0169382,2.81821
2.5737,0.0165183,2.80876
2.51229,0.0090126,2.74175
2.56435,0.00823144,2.79189
2.51233,0.00796528,2.7392
2.51755,0.00728762,2.74282
2.5769,0.0143501,2.81102
2.6165,0.00908208,2.84554
2.56143,0.00852683,2.78897
2.63169,0.020059,2.87046
2.56415,0.010782,2.79354
2.5682,0.013776,2.80187
2.56071,0.00822575,2.787
2.57621,0.00856939,2.80311
2.52368,0.0160376,2.75773
3.15266,0.00725103,3.38962
2.57198,0.00802669,2.79917
2.52041,0.00899816,2.74878
2.5257,0.0162743,2.76134
2.55851,0.00762707,2.78443
2.55596,0.00711263,2.78137
2.50794,0.00598488,2.73213
2.51664,0.00760674,2.74426
2.66534,0.00775575,2.89101
2.59711,0.00976623,2.82536
2.64247,0.00635886,2.86699
6 threads per task
2.54216,0.00893596,2.76909
2.57591,0.0118363,2.8072
2.59888,0.0145266,2.83115
2.59269,0.00892623,2.82027
2.55626,0.0121394,2.78808
2.57633,0.00933446,2.80451
2.65005,0.0103332,2.87915
2.55066,0.0140214,2.78401
2.52163,0.0123112,2.75226
2.64591,0.0117449,2.87566
2.59719,0.0134605,2.83119
2.58875,0.0147219,2.82296
2.52023,0.0112722,2.74987
2.5783,0.0117266,2.80979
2.55265,0.00966648,2.78057
2.54129,0.010563,2.77004
2.57014,0.0102053,2.79884
2.66157,0.00933361,2.89096
2.59389,0.0174094,2.83081
2.52932,0.0110632,2.75856
2.57298,0.0119763,2.80539
2.56646,0.0133487,2.79987
2.50614,0.00944118,2.73439
2.52563,0.0143537,2.75917
2.55141,0.0100051,2.7801
2.56418,0.010022,2.79336
2.65582,0.0103304,2.88409
2.57902,0.0103487,2.80811
2.56511,0.0121379,2.79565
2.55313,0.0095012,2.7816
2.53847,0.00998318,2.76641
2.54175,0.0100707,2.77002
2.52901,0.00896457,2.75692
2.5382,0.0105742,2.7669
2.65772,0.0106701,2.8864
2.49727,0.00920374,2.72522
2.65044,0.0125089,2.88079
2.61003,0.0180154,2.84891
2.51562,0.0100559,2.74504
2.58919,0.0110717,2.81893
2.63973,0.011865,2.87043
2.52381,0.0092535,2.75143
2.506,0.0103366,2.73589
2.55208,0.0120769,2.78434
2.50219,0.00927953,2.72903
2.57421,0.00841217,2.80119
2.6456,0.0105356,2.87461
2.56282,0.0144969,2.79768
2.54731,0.0102864,2.77692
2.55085,0.00990609,2.77891
2.55234,0.0110863,2.7816
7 threads per task
2.58579,0.0160862,2.82083
2.56892,0.0137916,2.80282
2.57782,0.0130102,2.80941
2.50837,0.0126114,2.73864
2.53665,0.0125205,2.76766
2.56991,0.00954031,2.79825
2.55166,0.0206127,2.79405
2.64595,0.0147447,2.87933
2.50616,0.0102688,2.73476
2.52617,0.00963122,2.75395
2.51661,0.0106889,2.7463
2.61207,0.0120982,2.84243
2.51768,0.0151429,2.7514
2.51034,0.0150871,2.7439
2.54407,0.0108667,2.777
2.5209,0.0197723,2.76079
2.56028,0.0103523,2.78944
2.55922,0.015196,2.79284
2.54992,0.0101843,2.77956
2.55061,0.0144875,2.78383
2.65794,0.00926573,2.88662
2.70807,0.0114353,2.93806
2.52064,0.00979643,2.74871
2.69144,0.0149092,2.9244
2.55998,0.0165579,2.79535
2.61346,0.0279245,2.85963
2.52618,0.0176384,2.76217
2.62497,0.0147852,2.85922
2.52599,0.00979569,2.75497
2.58035,0.00815375,2.80728
2.61217,0.015706,2.84786
2.6756,0.0148858,2.9094
2.57211,0.0141918,2.80587
2.53006,0.0110129,2.75975
2.56749,0.00820245,2.7945
2.56715,0.0231383,2.8084
2.54444,0.012448,2.77579
2.50741,0.0157893,2.74104
2.57278,0.00818904,2.79951
2.60529,0.0129325,2.83776
2.56828,0.00994457,2.79667
2.56162,0.0103793,2.79016
2.65332,0.0117843,2.88395
2.59783,0.0177166,2.83457
2.57194,0.00995502,2.80083
3.19548,0.012117,3.42594
2.5145,0.0124695,2.74652
2.57986,0.0166393,2.81479
2.58205,0.015962,2.81711
2.50699,0.0169122,2.74292
2.67251,0.0165117,2.908
8 threads per task
2.52204,0.0172724,2.7572
2.65166,0.0173087,2.88843
2.5997,0.0157019,2.8337
2.53782,0.0127333,2.76886
2.53044,0.0138546,2.76174
2.51051,0.0111202,2.74167
2.5276,0.0164087,2.76243
2.60257,0.0146548,2.83537
2.52958,0.0157803,2.76339
2.56142,0.0139935,2.79435
2.51398,0.0138923,2.74599
2.55936,0.0129367,2.79191
2.54828,0.0136641,2.7804
2.57536,0.0152801,2.81064
2.54105,0.0153777,2.77473
2.58572,0.0161569,2.82048
2.55694,0.0140257,2.7896
2.5426,0.0151673,2.77592
2.53443,0.0139838,2.76721
2.56457,0.0181252,2.80162
2.55059,0.0178673,2.78666
2.61106,0.0147389,2.84397
2.55457,0.0160575,2.79038
2.6055,0.0254744,2.8514
2.56431,0.0163216,2.79897
2.51792,0.0149934,2.75107
2.57722,0.015981,2.81137
2.5179,0.0163336,2.75497
2.50987,0.0156052,2.74341
2.66328,0.014364,2.89663
2.57651,0.0171402,2.81217
2.50544,0.0142699,2.73822
2.55173,0.0170509,2.7867
2.50472,0.0151662,2.7386
2.56255,0.0158665,2.79802
2.51685,0.0145829,2.74996
2.59779,0.0151026,2.832
2.55196,0.0173304,2.78784
2.57985,0.0152052,2.81393
2.55737,0.0206485,2.79646
2.5557,0.0124754,2.78641
2.53741,0.0155024,2.77144
2.56905,0.0141307,2.80106
2.58445,0.0129075,2.81622
2.57304,0.0162122,2.8079
2.52288,0.0143506,2.75593
2.58451,0.0174729,2.81993
2.55765,0.0297048,2.80702
2.50555,0.0149616,2.7384
2.58014,0.0151652,2.81344
2.55441,0.0156342,2.79006
8 tasks per node
1 threads per task
2.54377,0.00358781,2.76624
2.53496,0.00358987,2.75673
2.50467,0.00356364,2.72565
2.59117,0.00352907,2.81245
2.63662,0.00359056,2.85953
2.57405,0.00356994,2.79525
2.54033,0.00357496,2.76131
2.56987,0.00356245,2.79081
2.57701,0.0035867,2.79758
2.60113,0.00358499,2.82226
2.50559,0.00358899,2.72627
2.63722,0.00356314,2.85901
2.54869,0.0035661,2.77139
2.565,0.00422845,2.78627
2.56144,0.00357161,2.78231
2.5602,0.00355211,2.78136
2.56331,0.00355304,2.78472
2.58725,0.00359888,2.8084
2.59744,0.00359002,2.81884
2.53594,0.00357052,2.75637
2.52099,0.00355393,2.74333
2.56988,0.00359231,2.791
2.56752,0.00357097,2.78824
2.56639,0.00357197,2.78725
2.57655,0.00771756,2.8028
2.55464,0.00359999,2.77584
2.58067,0.0035682,2.80152
2.53721,0.00358992,2.75791
2.5818,0.00354891,2.80359
2.54298,0.00351123,2.7646
2.58805,0.00357438,2.80954
2.54936,0.00354579,2.77076
2.54198,0.00357256,2.76272
2.50708,0.00355991,2.72808
2.55697,0.00356267,2.77819
2.5205,0.00358085,2.74133
2.54908,0.00348993,2.77037
2.59194,0.0035297,2.81389
2.52205,0.00357282,2.74398
2.55548,0.00360342,2.77635
2.59748,0.00356407,2.81923
2.56577,0.00357628,2.78675
2.54014,0.00357295,2.76091
2.56215,0.00355653,2.7837
2.59873,0.00356067,2.82007
2.55838,0.00357516,2.77942
2.55848,0.00356705,2.77921
2.51338,0.00348285,2.73523
2.55521,0.00355856,2.77644
2.5608,0.00355759,2.7836
2.54843,0.00357283,2.76944
2 threads per task
2.55343,0.00195019,2.77207
2.54442,0.00196176,2.76488
2.52616,0.00213339,2.7472
2.5561,0.00195008,2.77503
2.50973,0.00193979,2.73032
2.5653,0.00189884,2.78485
2.50128,0.00193109,2.75792
2.57663,0.00290291,2.79721
2.54539,0.00209809,2.76481
2.57537,0.0019334,2.79427
2.57338,0.00192321,2.79226
2.55992,0.00201223,2.77987
2.55207,0.00203356,2.77169
2.49941,0.00198418,2.71982
2.55334,0.00223658,2.77351
2.5549,0.00192942,2.77521
2.54795,0.00197178,2.76719
2.54262,0.00221579,2.76273
2.55201,0.0021931,2.7719
2.5372,0.00197357,2.75719
2.52271,0.00313057,2.74389
2.51993,0.00195094,2.73938
2.55652,0.00225646,2.77675
2.52838,0.00194075,2.7472
2.56442,0.0024013,2.78436
2.57132,0.00192013,2.79204
2.57163,0.00192662,2.79069
2.53126,0.00191113,2.75128
2.55427,0.00322711,2.77486
2.54368,0.00226641,2.76492
2.5384,0.0019303,2.75852
2.55292,0.00193647,2.77197
2.53431,0.00194527,2.75371
2.53926,0.00198321,2.75912
2.51131,0.00189787,2.73353
2.53549,0.00193389,2.75469
2.50947,0.00204938,2.72907
2.58262,0.00201309,2.80211
2.51027,0.00191272,2.73054
2.5565,0.0019269,2.77683
2.56227,0.00202514,2.78275
2.54099,0.0019326,2.76051
2.56254,0.00231401,2.78232
2.56899,0.00191724,2.78897
2.50601,0.002503,2.726
2.60949,0.00193541,2.82898
2.51859,0.00194179,2.73729
2.54071,0.00207608,2.7606
2.56837,0.00220547,2.78864
2.575,0.0019819,2.7939
2.55914,0.00194052,2.77792
3 threads per task
2.56629,0.0029547,2.78667
2.55026,0.00451689,2.77235
2.5249,0.00567691,2.74824
2.50734,0.0164052,2.74142
2.55534,0.00500918,2.77851
2.56506,0.00290926,2.78684
2.51848,0.00320048,2.73932
2.50249,0.00502759,2.72545
2.54306,0.00505021,2.76568
2.5692,0.00886413,2.79661
2.54948,0.00643278,2.77337
2.56058,0.00586376,2.78405
2.5725,0.00449913,2.79464
2.49821,0.005782,2.72127
2.53004,0.00569346,2.75272
2.55064,0.00501724,2.77331
2.51658,0.00566766,2.73932
2.55723,0.00576719,2.78189
2.51084,0.0179757,2.74613
2.54103,0.00502801,2.76607
2.51318,0.00571439,2.73683
2.54892,0.00569995,2.77273
2.5615,0.005115,2.78392
2.54675,0.00567412,2.76999
2.58748,0.00474495,2.81021
2.56771,0.0050966,2.79016
2.54979,0.00525655,2.77403
2.55119,0.0029635,2.77223
2.58656,0.00572166,2.80926
2.56958,0.00470147,2.7912
2.58261,0.0056611,2.808
2.54745,0.00500203,2.77039
2.58452,0.0050641,2.80635
2.58183,0.00547917,2.80486
2.63467,0.00524831,2.85837
2.54302,0.005023,2.76633
2.5506,0.0037533,2.77227
2.5139,0.00529589,2.73656
2.54279,0.00565628,2.76604
2.55088,0.00577482,2.77416
2.55324,0.00311235,2.77437
2.54824,0.0049069,2.77261
2.52747,0.00513896,2.75008
2.52408,0.00578748,2.74724
2.56267,0.00565747,2.78631
2.52486,0.00501485,2.74887
2.50347,0.00463825,2.72775
2.50883,0.00498222,2.73177
2.54903,0.00515701,2.77193
2.51983,0.00469939,2.74252
2.55552,0.00882098,2.78283
4 threads per task
2.50393,0.00682549,2.72815
2.58024,0.0076419,2.80552
2.51498,0.00514944,2.7382
2.59184,0.00502477,2.81445
2.51213,0.00741961,2.7368
2.56194,0.00504519,2.78519
2.53706,0.00512077,2.76044
2.55937,0.00668924,2.78382
2.57391,0.00649264,2.79759
2.50319,0.00505452,2.72585
2.57255,0.00506057,2.79593
2.50874,0.00516898,2.73148
2.517,0.00587016,2.74041
2.58718,0.00622241,2.81144
2.49078,0.00777932,2.716
2.5741,0.00665561,2.79767
2.54179,0.0069619,2.76651
2.5502,0.00514279,2.77307
2.51818,0.00918512,2.74454
2.49846,0.00591016,2.72166
2.57964,0.00943065,2.8069
2.55076,0.00853911,2.7769
2.56548,0.00503168,2.78766
2.57284,0.00695251,2.79825
2.68927,0.00630884,2.91334
2.55972,0.00502708,2.78327
3.18759,0.0168345,3.42518
2.60308,0.00649304,2.82672
2.59203,0.0075205,2.81647
2.57014,0.00701157,2.79481
2.554,0.0050677,2.77668
2.62005,0.006806,2.8464
2.50597,0.00620338,2.73012
2.56472,0.00505961,2.78828
2.5798,0.00503628,2.8025
2.5601,0.00489732,2.78253
2.53791,0.00519494,2.76066
2.59334,0.00503208,2.81621
2.58242,0.00503806,2.80567
2.53252,0.00628264,2.75613
2.59125,0.00655222,2.81472
2.54998,0.00516134,2.77335
2.56933,0.00842877,2.79523
2.58353,0.0171752,2.81963
2.58641,0.00504278,2.80938
2.57491,0.00672428,2.7999
2.5501,0.0065508,2.77379
2.51272,0.00468998,2.73576
2.58198,0.00525981,2.80498
2.53113,0.00585832,2.75407
2.56122,0.00529633,2.78396
5 threads per task
2.55873,0.00802253,2.78393
2.59501,0.00647636,2.81914
2.59561,0.00674035,2.82011
2.50681,0.0081549,2.73257
2.54533,0.00873688,2.77197
2.59514,0.00769793,2.82146
2.55057,0.00972125,2.77727
2.56874,0.0103546,2.79643
2.50418,0.00861729,2.73053
2.57698,0.0136404,2.80954
2.61154,0.0164863,2.84461
2.55417,0.0082723,2.7798
2.56254,0.00640086,2.786
2.56174,0.0136337,2.79316
2.55604,0.0106883,2.78613
2.55509,0.00770617,2.78053
2.5645,0.00937048,2.79292
2.56067,0.00908801,2.78699
2.53503,0.00967967,2.7631
2.52105,0.0076251,2.74712
2.5494,0.00818369,2.77546
2.57855,0.00785786,2.8037
2.55466,0.0202192,2.80253
2.55502,0.0107124,2.78359
2.50919,0.00877303,2.73574
2.52726,0.00678291,2.75222
2.56065,0.00734568,2.78573
2.58507,0.00811029,2.81053
2.51175,0.00827627,2.73876
2.57751,0.00867943,2.8035
2.53039,0.00582464,2.75402
2.52218,0.00768779,2.74764
2.53678,0.00940975,2.76459
2.50738,0.00851436,2.73326
2.506,0.00934506,2.7325
2.54746,0.00770404,2.77208
2.50612,0.00688347,2.73285
2.57126,0.00756967,2.79717
2.57697,0.0067353,2.80172
2.55308,0.00774013,2.7793
2.55353,0.00834896,2.77924
2.5143,0.00780899,2.74184
2.60626,0.00854162,2.83185
2.55342,0.00676929,2.77875
2.5262,0.014686,2.75801
2.54549,0.0202214,2.78399
2.5047,0.00954221,2.73147
2.56387,0.00829583,2.78996
2.56059,0.00694898,2.7847
2.49928,0.00878794,2.72539
2.55472,0.00938159,2.78215
6 threads per task
2.53429,0.0143217,2.7641
2.50519,0.00965697,2.73249
2.54865,0.0154377,2.78191
2.55147,0.0094569,2.77892
2.51001,0.0123069,2.73971
2.51399,0.0100276,2.74338
2.5449,0.0116188,2.77375
2.57661,0.0105359,2.80431
2.56652,0.00927937,2.79268
2.55434,0.0095993,2.78109
2.54565,0.00841089,2.77262
2.53093,0.0107869,2.75999
2.63152,0.012251,2.86172
2.57404,0.0145353,2.80594
2.55851,0.0165178,2.79266
2.55119,0.00788203,2.77718
2.53165,0.0108737,2.76045
2.56342,0.0104496,2.79401
2.54963,0.00931872,2.77624
2.56519,0.00844509,2.79155
2.51605,0.0120772,2.74569
2.5618,0.00825837,2.78841
2.56524,0.0163493,2.79775
2.53301,0.00986233,2.75989
2.58379,0.0100992,2.81253
2.54484,0.0111445,2.77531
2.59329,0.0107421,2.82233
2.55809,0.012409,2.78871
2.52109,0.010289,2.74978
2.54832,0.0112131,2.77715
2.53711,0.00919944,2.76441
2.56863,0.0100683,2.79655
2.53141,0.0140765,2.76295
2.55992,0.00984483,2.78968
2.5671,0.00994201,2.79491
2.62031,0.00951766,2.84675
2.57384,0.0161397,2.80708
2.61039,0.010081,2.83862
2.53954,0.00888286,2.76798
2.56663,0.0218557,2.80612
2.56353,0.0109179,2.79139
2.52183,0.00921389,2.74995
2.5152,0.019399,2.75211
2.52721,0.00871538,2.75364
2.51008,0.0094354,2.73698
2.58115,0.0107811,2.80914
2.51229,0.00893453,2.73825
2.55972,0.010828,2.78801
2.55592,0.0209609,2.79429
2.57246,0.0142899,2.80472
2.59306,0.00983612,2.82093
7 threads per task
2.55136,0.0142678,2.78337
2.54598,0.0109829,2.77441
2.56524,0.00995581,2.79291
2.64479,0.0128591,2.8745
2.55002,0.0110439,2.77973
2.57678,0.0106824,2.8064
2.51481,0.0129601,2.74586
2.51981,0.00996832,2.74825
2.54805,0.00995667,2.77523
2.56482,0.0206704,2.80297
2.54839,0.011169,2.78044
2.54525,0.0160047,2.77862
2.55303,0.0125639,2.78348
2.56961,0.00922845,2.79632
2.54891,0.0146475,2.78023
2.51014,0.0112897,2.7396
2.55327,0.00976665,2.78072
2.57914,0.0122214,2.80873
2.55778,0.0134909,2.79003
2.50397,0.0106456,2.73305
2.5682,0.00841147,2.79406
2.54684,0.0126737,2.77851
2.5375,0.0110857,2.76673
2.56406,0.0110693,2.7925
2.57675,0.0096237,2.80475
2.5006,0.0143798,2.73428
2.54593,0.0112585,2.77494
2.54467,0.00944368,2.77141
2.558,0.011865,2.78737
2.51999,0.0126593,2.75052
2.53032,0.0133434,2.76115
2.58206,0.0138349,2.81439
2.58942,0.0146373,2.8222
2.55699,0.00978961,2.78573
2.54708,0.0136779,2.77835
2.51676,0.0126125,2.74853
2.52312,0.0115086,2.75221
2.50245,0.00997011,2.73028
2.56849,0.016456,2.80355
2.60464,0.0116582,2.83384
2.51406,0.00997375,2.74088
2.57879,0.0198485,2.81622
2.50357,0.0126557,2.73322
2.51903,0.0098432,2.74676
2.50821,0.0132666,2.73881
2.51855,0.010763,2.7477
2.55684,0.0109572,2.78622
2.5748,0.0112315,2.80337
2.5088,0.0183086,2.74652
2.58886,0.0122937,2.81865
2.61215,0.0117658,2.84201
8 threads per task
2.54681,0.0123024,2.77741
2.55407,0.0146698,2.78618
2.50312,0.0108318,2.7311
2.54348,0.0158873,2.77715
2.51707,0.0208358,2.7576
2.5858,0.0246254,2.82908
2.5321,0.0147983,2.76449
2.55504,0.0129683,2.78601
2.54303,0.0148191,2.77484
2.53764,0.0147753,2.77105
2.55804,0.0142825,2.79005
2.55437,0.0173008,2.79019
2.51382,0.0149702,2.74584
2.59241,0.0163128,2.82648
2.50792,0.0136265,2.73895
2.62947,0.0147921,2.86304
2.55454,0.0150534,2.78656
2.55958,0.0144827,2.79126
2.55545,0.0159947,2.78952
2.56166,0.0147267,2.79474
2.59738,0.0162022,2.83069
2.59086,0.0119966,2.82111
2.54201,0.0135929,2.77347
2.51108,0.0162733,2.745
2.54358,0.0145413,2.77564
2.55119,0.0266387,2.79576
2.56752,0.0230652,2.80762
2.56715,0.0144403,2.80013
2.5147,0.0138265,2.74628
2.56131,0.0138105,2.79262
2.53868,0.0142359,2.77016
2.53682,0.0292065,2.78343
2.56479,0.0130054,2.79522
2.57658,0.0137531,2.80805
2.59306,0.0142116,2.82621
2.60005,0.0161201,2.83349
2.57927,0.0148828,2.81165
2.54122,0.0131025,2.77246
2.57336,0.0145348,2.80653
2.52019,0.0134736,2.75115
2.57449,0.0171173,2.81078
2.53737,0.0213916,2.77759
2.55478,0.0154432,2.78831
2.5102,0.0161691,2.74491
2.58201,0.0140991,2.81368
2.52376,0.0156815,2.75801
2.52544,0.0157016,2.75851
2.53944,0.0133729,2.77055
2.55233,0.0156567,2.78565
2.53982,0.0123456,2.7698
2.54731,0.0131248,2.77902
9 tasks per node
1 threads per task
2.64403,0.00358815,2.68362
2.60223,0.00361251,2.64245
2.68272,0.00358777,2.72254
2.61182,0.00362112,2.65169
2.64815,0.00403065,2.68843
2.60625,0.00358196,2.6457
2.64736,0.00357176,2.68705
2.66341,0.00358523,2.70362
2.6259,0.00360261,2.66545
2.65547,0.00358757,2.69554
2.63903,0.00359019,2.67909
2.64466,0.00550328,2.6856
2.76423,0.0035974,2.80386
2.6346,0.0036136,2.67474
2.64479,0.00357729,2.68503
2.6834,0.0035978,2.72354
2.58868,0.0035952,2.6289
2.59525,0.0035846,2.63519
2.59025,0.00358935,2.62994
2.65108,0.0036053,2.69066
2.64631,0.00542198,2.68809
2.66447,0.00359157,2.70428
2.62924,0.00363601,2.66892
2.64916,0.00358669,2.68877
2.74085,0.00357574,2.78058
2.63995,0.00358379,2.67972
2.59988,0.00533209,2.64125
2.68032,0.00359681,2.71983
2.63604,0.00358044,2.67565
2.6439,0.00357151,2.6837
2.66632,0.00358218,2.70613
2.60113,0.0035766,2.64101
2.65933,0.00358988,2.69896
2.61793,0.0034048,2.65811
2.59831,0.00359557,2.63804
2.63594,0.00359695,2.67541
2.62319,0.0035912,2.66352
2.59632,0.00357654,2.63601
2.6396,0.00358939,2.67985
2.6562,0.00359317,2.69597
2.58532,0.00360669,2.62481
2.59081,0.00360322,2.63096
2.6419,0.00357777,2.68174
2.67939,0.00359647,2.72172
2.62656,0.00359883,2.66628
2.63097,0.00360423,2.67043
2.58343,0.00359617,2.62315
2.59413,0.0035806,2.634
2.64655,0.0036065,2.68616
2.64159,0.00358725,2.68153
2.61149,0.00359091,2.65153
2 threads per task
2.58772,0.00445736,2.6285
2.62623,0.0037208,2.66639
2.64227,0.00508915,2.68315
2.63672,0.00364762,2.67645
2.62281,0.00465298,2.66336
2.64141,0.00371497,2.68137
2.63403,0.00338524,2.68288
2.58767,0.0051824,2.6293
2.73738,0.00322528,2.77665
2.76083,0.00392628,2.80135
2.6416,0.00371476,2.68148
2.62091,0.00367382,2.66061
2.58471,0.0032952,2.62433
2.63227,0.0028695,2.67119
2.63068,0.00373862,2.67037
2.65165,0.00339811,2.69094
2.68154,0.00444336,2.72258
2.65745,0.00371567,2.69761
2.59719,0.00370501,2.63749
2.68539,0.00506888,2.72654
2.64279,0.00370773,2.68322
2.6392,0.00456418,2.67988
2.63598,0.0053659,2.67724
2.59743,0.00354071,2.63762
2.61928,0.00267862,2.65935
2.64692,0.00461373,2.68809
2.68291,0.00375129,2.72262
2.59372,0.00264388,2.63232
2.67808,0.00322857,2.71766
2.65023,0.00400575,2.69037
2.64513,0.00647385,2.68813
2.64008,0.00366909,2.6796
2.72927,0.00321187,2.76894
2.64746,0.00365894,2.68687
2.64132,0.00344917,2.68166
2.64666,0.0037035,2.68675
2.58783,0.00425107,2.62834
2.64489,0.00372782,2.68516
2.61408,0.00330434,2.65391
2.66431,0.00364662,2.70387
2.69349,0.00676365,2.73643
2.58969,0.00371072,2.62884
2.59953,0.00414588,2.63992
2.64498,0.00364312,2.69386
2.63236,0.00393615,2.67213
2.65649,0.0037108,2.69643
2.64248,0.0101401,2.68891
2.6206,0.00362528,2.66025
2.635,0.00367424,2.67484
2.63611,0.00591923,2.67815
2.63811,0.0034606,2.67788
3 threads per task
2.65778,0.00611901,2.69995
2.651,0.00591266,2.69347
2.64217,0.00766372,2.68573
2.63983,0.00563905,2.68187
2.6453,0.00734026,2.68944
2.6395,0.00567613,2.68125
2.66242,0.00598891,2.70475
2.59869,0.00565518,2.64106
2.61212,0.0056557,2.65392
2.63286,0.00657336,2.67622
2.66974,0.00624291,2.71241
2.60604,0.00737058,2.64987
2.60102,0.00552281,2.64258
2.72511,0.00674405,2.76839
2.61324,0.00566805,2.65503
2.65828,0.00844387,2.70254
2.65514,0.0055175,2.69666
2.59673,0.00635302,2.6393
2.63746,0.00582393,2.67977
2.59054,0.0134886,2.64034
2.6219,0.00757397,2.66589
2.59703,0.00567238,2.63918
2.63808,0.00930526,2.68374
2.59372,0.00595921,2.63593
2.62875,0.00565547,2.67114
2.63333,0.00732285,2.67687
2.62418,0.00565175,2.66611
2.62676,0.007609,2.67027
2.63715,0.00645852,2.67954
2.62478,0.00601446,2.66673
2.63073,0.00859158,2.67567
2.62306,0.00566079,2.66486
2.68581,0.00652634,2.73349
2.64454,0.00567329,2.68623
2.60545,0.00641779,2.6479
2.64214,0.00595146,2.68461
2.64883,0.00750599,2.69243
2.62633,0.00723212,2.67
2.65263,0.00697311,2.69594
2.61013,0.00568763,2.65236
2.59711,0.00895493,2.64253
2.62024,0.00768278,2.66443
2.65609,0.00714108,2.69978
2.6289,0.00886967,2.67467
2.69112,0.00566766,2.73308
2.64238,0.00717196,2.68607
2.64965,0.00567578,2.69151
2.64773,0.00579796,2.69014
2.65442,0.00585722,2.69707
2.60864,0.00688961,2.65111
2.59807,0.00808888,2.64265
4 threads per task
2.63956,0.018652,2.69609
2.63665,0.0161576,2.69042
2.64941,0.0110089,2.69648
2.67881,0.0117308,2.72727
2.64941,0.0112953,2.69707
2.58632,0.0112323,2.63416
2.6815,0.00905815,2.72674
2.62217,0.0102269,2.66906
2.63803,0.0170218,2.69284
2.59944,0.0126552,2.64828
2.62137,0.0162708,2.67489
2.75966,0.0205197,2.81731
2.60369,0.0159807,2.65571
2.63923,0.0112021,2.68647
2.63676,0.00968738,2.68312
2.65317,0.0142038,2.7046
2.65362,0.0114125,2.70115
2.68167,0.010045,2.72815
2.61084,0.0102071,2.65776
2.63308,0.0173585,2.6876
2.66102,0.00930468,2.70664
2.67448,0.0157363,2.72641
2.64547,0.0210147,2.70319
2.63301,0.0108838,2.67948
2.59075,0.00849296,2.63546
2.60088,0.01004,2.6474
2.59677,0.0102434,2.64345
2.64705,0.00996828,2.6932
2.60852,0.0172844,2.66311
2.6004,0.0199546,2.65761
2.68399,0.0113392,2.73168
2.64041,0.0173852,2.69535
2.64626,0.00990729,2.69224
2.62086,0.0111523,2.6696
2.62715,0.00981664,2.67286
2.6178,0.00980121,2.66327
2.63816,0.0103731,2.68484
2.60125,0.0105565,2.64768
2.64186,0.00724001,2.68516
2.63803,0.01052,2.68551
2.60282,0.0113385,2.65054
2.62543,0.0201812,2.68356
2.67215,0.0137786,2.72407
2.58928,0.0112904,2.63642
2.61291,0.00966815,2.65855
2.63876,0.00925755,2.68445
2.65871,0.0149562,2.71127
2.61553,0.0158512,2.66782
2.75952,0.0169661,2.81354
2.58317,0.0105655,2.63045
2.6425,0.00896539,2.68728
5 threads per task
2.65255,0.0176958,2.70646
2.65878,0.0120319,2.70686
2.61727,0.0147194,2.66777
2.64735,0.010208,2.69371
2.65236,0.0206048,2.70912
2.67818,0.0101089,2.72428
2.63142,0.0150484,2.68278
2.64359,0.00963012,2.68992
2.6336,0.0144321,2.68548
2.59364,0.00921497,2.63917
2.64483,0.0123742,2.69346
2.58554,0.0215711,2.64474
2.59697,0.010479,2.64377
2.67798,0.0146979,2.72895
2.58596,0.0124635,2.63578
2.64048,0.00879728,2.68577
2.6378,0.0198179,2.69685
2.64128,0.00879168,2.68618
2.62928,0.0145884,2.68013
2.62589,0.00952537,2.67529
2.63889,0.0142595,2.68922
2.59518,0.0150182,2.64663
2.61808,0.0101319,2.66412
2.64428,0.00984471,2.69032
2.65973,0.0135257,2.70988
2.63802,0.0111242,2.68553
2.68128,0.00980301,2.72707
2.59544,0.0106765,2.64237
2.6237,0.0131797,2.67327
2.65494,0.0135232,2.70448
2.66654,0.0139092,2.71662
2.64166,0.0107204,2.68858
2.59974,0.0120239,2.65709
2.6137,0.0100773,2.65978
2.63383,0.0118783,2.68206
2.62143,0.0144193,2.67363
2.59564,0.0119701,2.64368
2.58939,0.0138195,2.63936
2.58651,0.00870073,2.63119
2.6573,0.0129239,2.70559
2.62725,0.0232993,2.68693
2.58989,0.0100172,2.63602
2.59382,0.0110971,2.64141
2.61438,0.0106218,2.6611
2.76494,0.0132662,2.81454
2.59783,0.0141678,2.64809
2.61806,0.0147895,2.67022
2.62167,0.0104419,2.66813
2.61696,0.0131901,2.66664
2.64097,0.0132072,2.69068
2.64346,0.0142396,2.69424
6 threads per task
2.58691,0.0156937,2.63854
2.64409,0.0242301,2.70443
2.63428,0.0156832,2.6875
2.6348,0.0187899,2.6899
2.6547,0.0180695,2.70861
2.64769,0.0167758,2.70116
2.64292,0.0133627,2.69186
2.611,0.0258084,2.67485
2.5912,0.016113,2.64514
2.63163,0.0174854,2.68542
2.73075,0.020582,2.79001
2.5891,0.0161944,2.64279
2.64028,0.0173558,2.69372
2.59377,0.0166346,2.64688
2.59577,0.0140587,2.64625
2.59977,0.0173514,2.65345
2.59641,0.0147903,2.64759
2.77514,0.0206302,2.83438
2.63632,0.0163495,2.68975
2.65602,0.0175197,2.7098
2.64794,0.0163213,2.7015
2.64197,0.0164134,2.69436
2.80227,0.0200768,2.85973
2.67975,0.0157439,2.73323
2.6523,0.0147198,2.70332
2.63592,0.0178103,2.69029
2.60661,0.01583,2.65905
2.69028,0.0176214,2.74454
2.58967,0.0155334,2.64167
2.65391,0.0142913,2.70456
2.6477,0.0159011,2.70085
2.6413,0.0188131,2.7008
2.63656,0.015925,2.68886
2.63461,0.0196916,2.69182
2.62605,0.0174061,2.67988
2.65207,0.0177954,2.70608
2.58288,0.0168315,2.63634
2.6464,0.0131887,2.69538
2.626,0.0164512,2.6787
2.68842,0.013708,2.73786
2.63317,0.0260257,2.69557
2.59244,0.0146843,2.64784
2.6277,0.0169751,2.68192
2.61142,0.016546,2.66461
2.5909,0.0157642,2.64287
2.58636,0.0124738,2.63551
2.64791,0.0156722,2.6996
2.63953,0.0185317,2.69426
2.6316,0.0162567,2.68545
2.58697,0.0205417,2.64372
2.6361,0.0154841,2.68771
7 threads per task
2.62057,0.0157256,2.67239
2.6104,0.0149369,2.66172
2.68858,0.015664,2.74038
2.62087,0.0196071,2.67692
2.71543,0.017999,2.77204
2.72622,0.0179089,2.78033
2.73662,0.0224125,2.79541
2.63553,0.0196189,2.69093
2.66398,0.0197717,2.71975
2.63055,0.0194152,2.68759
2.60837,0.0177454,2.66823
2.64643,0.0192371,2.70299
2.59001,0.0177528,2.64704
2.67733,0.0193441,2.73241
2.63137,0.0207372,2.68816
2.59791,0.0132927,2.64729
2.64022,0.021251,2.69906
2.60184,0.0195242,2.65804
2.59546,0.0180808,2.651
2.65266,0.015077,2.70416
2.64132,0.0184086,2.69619
2.7331,0.0134973,2.78272
2.62535,0.0175399,2.67888
2.67158,0.01776,2.72565
2.6252,0.0200399,2.68148
2.64314,0.0149386,2.69436
2.64466,0.0193686,2.69995
2.64526,0.0167386,2.69966
2.6329,0.0214856,2.69059
2.5923,0.0136742,2.64294
2.68459,0.0131148,2.73414
2.65103,0.0155462,2.70274
2.67785,0.0193517,2.73347
2.67189,0.0171384,2.72874
2.57963,0.0162184,2.63802
2.65683,0.0155179,2.70823
2.64465,0.0177848,2.70332
2.64727,0.0177742,2.70393
2.62836,0.016281,2.68215
2.64028,0.0178558,2.69662
2.65922,0.0174054,2.71374
2.63295,0.0158266,2.68648
2.61063,0.0150162,2.66467
2.69244,0.0135299,2.74243
2.91385,0.013218,2.96403
2.62511,0.0145286,2.67552
2.63059,0.0136761,2.68049
2.64191,0.0198589,2.69825
2.6016,0.0151021,2.65399
2.6388,0.0133086,2.68862
2.67112,0.0167664,2.72424
8 threads per task
2.64026,0.0243913,2.70095
2.641,0.0250491,2.70213
2.59696,0.02321,2.65606
2.6524,0.0194975,2.70838
2.63228,0.0218322,2.69283
2.67306,0.0223573,2.73349
2.58554,0.0225822,2.64413
2.6482,0.0205204,2.70524
2.70394,0.0343716,2.8036
2.65679,0.0289157,2.72313
2.63964,0.0224411,2.69843
2.64464,0.0225538,2.70457
2.65693,0.0240859,2.71745
2.64747,0.0240628,2.70788
2.65885,0.0224194,2.71768
2.60657,0.0201796,2.66464
2.69739,0.0160818,2.7539
2.63914,0.0195192,2.69628
2.65366,0.0192317,2.71223
2.64403,0.0241154,2.70495
2.58348,0.0222361,2.64442
2.59773,0.0287206,2.66408
2.58587,0.0246003,2.64871
2.62643,0.0235149,2.68784
2.63256,0.018584,2.69217
2.63544,0.0462173,2.80809
2.67678,0.0197965,2.73379
2.67868,0.0200853,2.73748
2.63216,0.0250273,2.69389
2.61621,0.0162322,2.66882
2.64155,0.0204512,2.69909
2.5916,0.0212875,2.65029
2.93532,0.0222522,2.99538
2.67204,0.021169,2.74213
2.63163,0.0201481,2.69032
2.64249,0.0199253,2.72112
2.59489,0.0212939,2.65486
2.6443,0.0186689,2.70218
2.63826,0.0184423,2.69863
2.73171,0.0181583,2.78742
2.65006,0.0211872,2.72005
2.62664,0.022431,2.68564
2.63093,0.0170788,2.68739
2.59117,0.0165109,2.64712
2.5915,0.02074,2.65155
2.63416,0.0177382,2.69082
2.63301,0.0202444,2.6902
2.63624,0.0227411,2.69655
2.63444,0.0182148,2.69359
2.6052,0.0300396,2.67324
2.63587,0.0189734,2.69419
task end
