4 tasks per node
1 threads per task
9.23193,0.003921,0.000542456,10.0564
5.14273,0.00416839,0.000536773,5.96529
5.14349,0.00444205,0.000540592,5.96841
5.12612,0.00417118,0.000535591,5.94821
5.23777,0.00442608,0.000542313,6.06008
5.12524,0.0045656,0.000547815,5.94713
5.22094,0.00445282,0.000543101,6.04359
5.18844,0.00446689,0.000537181,6.01223
5.154,0.00445249,0.000532443,5.97487
5.16305,0.00450251,0.000550942,5.98484
5.16377,0.0042107,0.000531923,5.98615
5.17225,0.0040909,0.000534715,5.99486
5.12909,0.00415858,0.000539348,5.95092
5.13872,0.00458656,0.000543924,5.96235
5.12368,0.00419127,0.0005331,5.94617
5.26949,0.00445107,0.000547543,6.09092
5.27037,0.00425297,0.000539631,6.09218
5.17033,0.00432632,0.000542527,5.99136
5.11771,0.00417939,0.000545248,5.94029
5.12114,0.00416717,0.000534952,5.9446
5.12886,0.00415961,0.000538355,5.95337
2 threads per task
5.28208,0.00270752,0.000548925,6.10229
5.15695,0.0027055,0.000541558,5.97563
5.14731,0.0026347,0.000543734,5.96654
5.13183,0.00263901,0.000548307,5.95264
5.25091,0.00239616,0.000544004,6.06934
5.11641,0.00268189,0.000540558,5.93664
5.27668,0.00244504,0.000552777,6.09397
5.12934,0.00236351,0.000542788,5.94681
5.16016,0.00261198,0.00057276,5.97959
5.11567,0.00238043,0.000558736,5.93588
5.13314,0.00242209,0.00054658,5.95381
5.28458,0.00267362,0.000542834,6.10393
5.13363,0.00271608,0.000542821,5.95222
5.24947,0.00266043,0.000545073,6.07023
5.16959,0.00240834,0.000566687,5.98896
5.24839,0.00240239,0.000547266,6.06928
5.13336,0.00262506,0.000558037,5.95322
5.20443,0.00335496,0.000564793,6.02349
5.1458,0.00267892,0.000553377,5.9651
5.15934,0.00235871,0.000544602,5.9806
5.1224,0.00261936,0.000525564,5.94035
3 threads per task
5.17136,0.00175316,0.000610918,5.98939
5.25506,0.00197693,0.000578063,6.07388
5.18953,0.00193081,0.00057831,6.00627
5.14063,0.00265429,0.000543725,5.95988
5.18845,0.00202552,0.000583589,6.00746
5.15903,0.00195483,0.000598852,5.97773
5.13981,0.00198821,0.000579815,5.95937
5.15274,0.00166847,0.00058667,5.97298
5.1333,0.00171714,0.000585513,5.95253
5.14182,0.00196572,0.000593454,5.96171
5.17905,0.0022783,0.000617569,6.0007
5.16682,0.00172286,0.00092845,5.98618
5.24931,0.00174082,0.000600109,6.06567
5.20862,0.00170731,0.000604901,6.02784
5.13275,0.00174644,0.000598839,5.9519
5.19255,0.00200204,0.000568353,6.01151
5.1269,0.0019419,0.000575604,5.94556
5.23623,0.00173617,0.000609081,6.05571
5.17983,0.00173106,0.000612531,6.00022
5.16407,0.00173654,0.000592561,5.98352
5.1278,0.0020005,0.000668285,5.94837
4 threads per task
5.13978,0.00387507,0.00054525,5.95645
5.1298,0.00163682,0.000586709,5.9488
5.21372,0.0013668,0.000609802,6.03398
5.14462,0.00139094,0.000579251,5.961
5.1463,0.00131586,0.000578033,5.96505
5.24381,0.00138664,0.00057585,6.06062
5.12967,0.00140708,0.000586985,5.94868
5.32034,0.00161732,0.00107855,6.13676
5.21462,0.00165126,0.000598466,6.03353
5.11581,0.00135144,0.000579679,5.9353
5.21996,0.00130495,0.000581466,6.03896
5.16678,0.00163852,0.000560792,5.98558
5.36027,0.0015498,0.00057698,6.17941
5.15203,0.00247799,0.000556849,5.97298
5.16557,0.00163823,0.000597125,5.98321
5.14369,0.00158184,0.000785915,5.96222
5.12711,0.00164241,0.000586675,5.94454
5.1176,0.00133319,0.000579333,5.934
5.15999,0.00163341,0.000596799,5.97887
5.27213,0.00162941,0.00060118,6.09107
5.1263,0.00158057,0.000601297,5.94513
5 threads per task
5.12319,0.00559899,0.000552993,5.9439
5.14048,0.00512886,0.000566509,5.96235
5.11507,0.00370055,0.000577962,5.93333
5.11178,0.00423934,0.000577779,5.92942
5.25961,0.00515238,0.000567112,6.07863
5.10952,0.00429365,0.000574686,5.92813
5.24706,0.00349905,0.000573711,6.06777
5.16863,0.00681176,0.000584763,5.98828
5.10852,0.00270612,0.0014888,5.92631
5.1252,0.00597079,0.000549091,5.94622
5.11063,0.00145988,0.00264771,5.93205
5.22742,0.00400969,0.000583334,6.04692
5.27116,0.00269458,0.00292266,6.09065
5.20279,0.00300024,0.00209355,6.02137
5.14335,0.00547127,0.000558749,5.96101
5.20805,0.00298667,0.00261467,6.02648
5.18235,0.00562633,0.000544045,6.00368
5.18949,0.00519149,0.000575496,6.00875
5.15474,0.00301542,0.00211102,5.97344
5.15541,0.0052264,0.000563271,5.9749
5.13616,0.0026461,0.00142732,5.95866
6 threads per task
5.18762,0.00410669,0.00131159,6.00785
5.25251,0.00629631,0.000597097,6.07343
5.1457,0.00421293,0.00058374,5.96633
5.13342,0.00487472,0.0005743,5.95311
5.30841,0.00353666,0.00538492,6.12651
5.15967,0.00582369,0.000539999,5.97998
5.14452,0.00418987,0.00148547,5.96576
5.36984,0.0048633,0.000730934,6.1916
5.2196,0.00419978,0.00186386,6.03988
5.22644,0.0066945,0.000550121,6.04733
5.11895,0.00497906,0.000564266,5.93953
5.27524,0.00415834,0.000563547,6.09505
5.28005,0.00885108,0.000556104,6.09991
5.25218,0.00283783,0.0021151,6.07666
5.15713,0.00491286,0.000579353,5.97719
5.18154,0.00257486,0.00211274,6.00163
5.13102,0.00508434,0.000578083,5.9513
5.16405,0.00494477,0.000589959,5.98478
5.13167,0.0040916,0.000589013,5.94905
5.33563,0.00412202,0.00138735,6.15554
5.14467,0.00413582,0.00228289,5.96581
7 threads per task
5.26736,0.00561896,0.000568984,6.08914
5.15447,0.00471151,0.000576835,5.9861
5.24119,0.00257269,0.00212084,6.06349
5.11968,0.0073118,0.000552861,5.94134
5.10931,0.0061719,0.000559522,5.92929
5.13695,0.00632215,0.000576859,5.95855
5.13828,0.00417258,0.000573453,5.96039
5.12985,0.00470482,0.00209343,5.95591
5.26601,0.00571372,0.000575786,6.08643
5.15374,0.00251344,0.00207959,5.97483
5.20439,0.00498538,0.000572937,6.02541
5.11482,0.00566356,0.000575153,5.93777
5.10939,0.00476524,0.000910262,5.93023
5.18732,0.00421627,0.000579491,6.00931
5.174,0.00472065,0.000604654,5.99858
5.13914,0.00669426,0.000580255,5.95871
5.1855,0.00250753,0.00433789,6.00833
5.14261,0.00575705,0.000564672,5.9662
5.17904,0.00409288,0.000565309,6.00033
5.25803,0.00627004,0.000591625,6.07903
5.15172,0.00408565,0.000565339,5.97303
8 threads per task
5.14365,0.00457896,0.000580465,5.9637
5.16344,0.00481852,0.000843147,5.9847
5.19431,0.00483403,0.00057297,6.01459
5.15591,0.00456837,0.00111726,5.97646
5.16406,0.0048294,0.000571007,5.98322
5.28845,0.00488019,0.000584593,6.10883
5.13947,0.00461316,0.00265214,5.96134
5.17688,0.00618628,0.000593273,5.99692
5.21543,0.00481913,0.000574462,6.0352
5.18747,0.00484124,0.000574384,6.00995
5.24835,0.00461216,0.00109516,6.06804
5.19887,0.00555477,0.000606043,6.01765
5.18135,0.00457422,0.00105914,6.00253
5.27284,0.00480048,0.000563025,6.09468
5.1202,0.0048919,0.000577679,5.9415
5.40104,0.00458792,0.00113671,6.22098
5.34219,0.00483956,0.000680273,6.16457
5.1346,0.00488495,0.00056936,5.95536
5.22435,0.00483264,0.000586035,6.04528
5.12476,0.00606021,0.00105947,5.94635
5.20361,0.00456309,0.000572942,6.0256
