8 tasks per node
1 threads per task
7.08447,0.00181158,0.00397738,7.30879
4.19111,0.00211287,0.00371469,4.41559
4.15644,0.00181584,0.00400365,4.38123
4.16785,0.00177913,0.00394095,4.39239
4.16788,0.00179726,0.00391395,4.39252
4.22928,0.00203397,0.00390728,4.45463
4.26549,0.00209534,0.00462706,4.49067
4.18302,0.00208228,0.00385443,4.40675
4.20654,0.00207319,0.00385017,4.43082
4.19153,0.00210633,0.00477896,4.41775
4.1546,0.00211678,0.00374,4.38003
4.1767,0.00207504,0.00365535,4.40111
4.25938,0.00205714,0.00362952,4.4848
4.15788,0.002089,0.00374765,4.38285
4.1632,0.00178458,0.0038284,4.3883
4.16882,0.00210087,0.00374183,4.39312
4.235,0.00209989,0.0037565,4.45927
4.18112,0.00208384,0.00377386,4.40565
4.16375,0.00210149,0.00382283,4.38885
4.14352,0.00198004,0.00375106,4.36836
4.16952,0.0018753,0.00412928,4.39448
2 threads per task
4.25388,0.00259611,0.00193355,4.47715
4.22126,0.00117689,0.00327073,4.44493
4.36116,0.00131423,0.00336126,4.58382
4.18282,0.0019504,0.00269073,4.40637
4.24011,0.0011241,0.00376393,4.46384
4.34538,0.00124466,0.00344541,4.56908
4.2105,0.00115151,0.00356475,4.47339
4.10917,0.00124365,0.00337691,4.33352
4.17781,0.00126497,0.00322412,4.40133
4.16217,0.00117546,0.00426857,4.38632
4.33211,0.00125897,0.00336549,4.55515
4.17247,0.00123779,0.00345404,4.39543
4.17132,0.00132433,0.00313461,4.39388
4.1956,0.00126227,0.00336995,4.41933
4.17628,0.00126907,0.00450202,4.40107
4.31495,0.00126088,0.00333928,4.53925
4.17338,0.00113679,0.0033837,4.3964
4.2116,0.00126792,0.00356638,4.43497
4.22638,0.00132509,0.00337481,4.4497
4.17521,0.00124711,0.00437546,4.40008
4.19049,0.00122711,0.00352815,4.41372
3 threads per task
4.17571,0.00495714,0.00111795,4.40071
4.24708,0.00407218,0.00120691,4.47103
4.16908,0.0010115,0.00592103,4.39561
4.14354,0.00077313,0.00510599,4.36848
4.16146,0.00325086,0.00340686,4.38717
4.16599,0.0031423,0.00294126,4.39058
4.2056,0.00573454,0.000371678,4.43009
4.15757,0.00341552,0.00192789,4.38181
4.17057,0.00478258,0.0015426,4.39529
4.16261,0.00326884,0.00279675,4.38788
4.18236,0.00485195,0.0016385,4.40755
4.24817,0.00478372,0.00079174,4.47279
4.22016,0.00478072,0.00214146,4.44512
4.17037,0.00345116,0.00257487,4.39529
4.17638,0.00100117,0.00532369,4.4015
4.19638,0.0052712,0.000391157,4.42096
4.26558,0.00378888,0.00317067,4.49168
4.20654,0.00325797,0.00293156,4.43136
4.17591,0.00443437,0.00259964,4.40162
4.10167,0.00333112,0.00225556,4.327
4.24541,0.00485639,0.000657918,4.46876
4 threads per task
4.2132,0.00437404,0.00334269,4.44006
4.17281,0.00446362,0.0019585,4.39791
4.19351,0.00781986,0.00038613,4.42101
4.19891,0.00443967,0.00144262,4.42407
4.17111,0.00470199,0.00272846,4.3966
4.18142,0.00440589,0.00162676,4.40677
4.20524,0.00622456,0.00216233,4.43289
4.22681,0.00709782,0.000483813,4.45331
4.23958,0.00465622,0.00409041,4.46757
4.19979,0.00631078,0.00256144,4.42684
4.15391,0.00780608,0.00166585,4.38284
4.20679,0.00450574,0.00296163,4.43287
4.17487,0.00444405,0.00225085,4.39986
4.23315,0.0047137,0.0013858,4.45811
4.23176,0.00683116,0.000376813,4.45749
4.19134,0.00443836,0.00304114,4.41781
4.17152,0.00445857,0.00288763,4.39791
4.20212,0.00463399,0.00116558,4.42675
4.16175,0.00491164,0.000370536,4.38615
4.21706,0.00494244,0.0012072,4.4415
4.2299,0.00447111,0.0012853,4.4541
5 threads per task
4.1709,0.00425332,0.005484,4.39901
4.58777,0.00463856,0.0056276,4.81684
4.24661,0.00938461,0.000478797,4.47509
4.17666,0.00417641,0.00672772,4.40601
4.26287,0.00411676,0.00790509,4.4933
4.16745,0.0042339,0.00768196,4.39818
4.19173,0.0078753,0.00254075,4.42101
4.20392,0.0081541,0.00100246,4.43203
4.16242,0.00419912,0.00609288,4.3919
4.19697,0.00629597,0.00453359,4.42705
4.19031,0.00797026,0.00134988,4.41822
4.20133,0.00587307,0.0062977,4.43225
4.15601,0.00767344,0.00551086,4.38766
4.18053,0.00690527,0.00401049,4.41039
4.18291,0.00590421,0.00415975,4.41122
4.21847,0.00973822,0.000795584,4.44819
4.18399,0.00805517,0.00323542,4.41365
4.17768,0.00870201,0.00211736,4.40726
4.17362,0.00587734,0.00411389,4.4013
4.16019,0.00633343,0.0056304,4.39044
4.25563,0.00778249,0.00217825,4.48433
6 threads per task
4.19437,0.00769478,0.00466889,4.42549
4.16153,0.00950735,0.00397046,4.39363
4.23186,0.00754848,0.00562981,4.46405
4.13848,0.00772459,0.00545108,4.37082
4.17344,0.00772571,0.00410874,4.40387
4.15637,0.00960185,0.00378726,4.3898
4.17861,0.00773208,0.00603275,4.41105
4.18543,0.0075013,0.00436202,4.41613
4.17007,0.0100941,0.00395579,4.40217
4.18995,0.00783532,0.00478408,4.42077
4.16454,0.00765592,0.00651518,4.39766
4.1635,0.00922001,0.00413134,4.39542
4.3155,0.007798,0.00436835,4.5469
4.16214,0.00935302,0.00154506,4.3917
4.20867,0.00749387,0.00688054,4.4409
4.2459,0.00954247,0.00460154,4.47841
4.19525,0.00995409,0.00259681,4.42635
4.1967,0.00773536,0.00397894,4.42764
4.16892,0.009428,0.00139425,4.39906
4.18718,0.00793128,0.0037586,4.41774
4.1626,0.00750723,0.00550216,4.39361
7 threads per task
4.17693,0.0108129,0.00461284,4.4119
4.17916,0.0107728,0.00353866,4.41228
4.17614,0.00761958,0.00889868,4.41138
4.17131,0.0162657,0.00039243,4.40785
4.16643,0.00750548,0.0114547,4.40462
4.2031,0.00756955,0.00941545,4.4384
4.11854,0.00769712,0.00911974,4.35467
4.16346,0.00907436,0.0068041,4.39895
4.18405,0.00748177,0.0081912,4.41885
4.25722,0.0173311,0.000381924,4.49446
4.16822,0.0125073,0.00406322,4.40385
4.17294,0.0128305,0.000830263,4.40506
4.16681,0.00747033,0.00698319,4.39974
4.24481,0.0135319,0.000755623,4.47826
4.19862,0.00915719,0.0073227,4.43374
4.16728,0.00934279,0.00542763,4.40158
4.15568,0.0076193,0.00900406,4.39086
4.20248,0.0152389,0.000843955,4.4367
4.23343,0.00748256,0.0101998,4.47048
4.20429,0.00579605,0.00818144,4.43754
4.18296,0.00950017,0.00880915,4.41941
8 threads per task
4.16065,0.0146871,0.00130533,4.39551
4.31888,0.0109965,0.0069801,4.5558
4.20761,0.0140909,0.00061377,4.44052
4.18416,0.0108853,0.00447451,4.41771
4.17055,0.0124328,0.00362567,4.40571
4.2494,0.0142558,0.000385212,4.48318
4.18817,0.014356,0.00215499,4.42287
4.18865,0.012505,0.00460703,4.4248
4.17878,0.0141041,0.00527873,4.41614
4.21815,0.0127148,0.00275443,4.45232
4.17269,0.0111745,0.00518152,4.40751
4.14869,0.0143294,0.00752765,4.38996
4.17449,0.0127347,0.00423145,4.41002
4.202,0.0149434,0.000378596,4.43622
4.15098,0.0147685,0.00617025,4.39038
4.15755,0.014401,0.00223194,4.39332
4.18247,0.0171362,0.000371112,4.41858
4.18562,0.0106093,0.00588693,4.4209
4.09375,0.0161915,0.000389144,4.33209
4.21727,0.0143975,0.000386728,4.45041
4.24345,0.0125318,0.00680048,4.48263
