Bash version 4.2.46(1)-release...
1 tasks per node
1 threads per task
0.969064,0.0255147,0.99486
0.992899,0.0253963,1.01857
1.00297,0.0252861,1.02852
0.957699,0.0254438,0.983409
0.982724,0.025365,1.00836
1.01334,0.0252789,1.03891
0.979666,0.0252692,1.00522
0.976722,0.0252895,1.00228
0.955077,0.0253609,0.980707
0.976986,0.0253667,1.00262
0.996019,0.0253682,1.02166
0.963931,0.025341,0.989546
0.969157,0.0254146,0.994838
0.957854,0.0253401,0.983488
0.972303,0.0253952,0.997962
0.969968,0.0253263,0.995568
0.958308,0.0254806,0.984052
0.965006,0.0255661,0.990841
0.955877,0.0256479,0.981792
0.952447,0.0253676,0.978077
0.98974,0.025274,1.0153
0.983851,0.0252875,1.0094
0.955169,0.0253384,0.980807
0.991429,0.0253872,1.01709
0.958866,0.0252671,0.984426
0.959241,0.0253222,0.984844
0.992384,0.0253208,1.01797
0.967028,0.0254113,0.992736
0.960565,0.0253378,0.986192
0.981571,0.0253176,1.00715
0.975878,0.0253607,1.00151
0.955709,0.025401,0.981376
0.972994,0.025364,0.998647
0.988214,0.0252864,1.01377
0.957477,0.0252871,0.983028
0.976207,0.0254662,1.00194
0.997995,0.0253742,1.02363
0.97402,0.0254027,0.999696
1.00985,0.0258437,1.03599
0.982429,0.0253227,1.00802
0.972629,0.0252849,0.998178
0.999696,0.0253673,1.02535
0.954606,0.0253992,0.980279
0.973628,0.0253165,0.999209
0.977051,0.0253949,1.00274
1.02768,0.0253643,1.05331
1.0299,0.0254502,1.05563
0.989792,0.025312,1.01538
0.994039,0.0252925,1.01959
0.961901,0.025376,0.987547
1.01486,0.0254767,1.04061
2 threads per task
0.960058,0.018412,0.978736
0.986611,0.0182242,1.00513
0.965142,0.0182848,0.983701
0.987165,0.0182593,1.00569
0.96755,0.018245,0.986145
1.01689,0.01878,1.03598
1.01331,0.0181578,1.03175
0.975756,0.0182813,0.994309
0.960187,0.0182836,0.978744
0.979068,0.0183093,0.997663
0.974882,0.0183291,0.993515
0.989677,0.0181616,1.00813
0.974581,0.0182197,0.993089
0.980129,0.0183673,0.998771
0.979219,0.0182816,0.997766
0.971106,0.0181909,0.989558
1.00876,0.018237,1.02727
0.957057,0.0181669,0.975488
0.977011,0.0182505,0.995527
0.993097,0.0183147,1.0117
0.956105,0.0182044,0.974596
0.987097,0.0181589,1.00554
0.965063,0.0182487,0.983579
0.974419,0.0184112,0.993096
0.971454,0.0182688,0.989989
0.962345,0.0183037,0.980922
0.961173,0.0182452,0.97969
0.987332,0.01833,1.00594
0.992359,0.018256,1.01089
0.984371,0.0187058,1.00335
0.961875,0.018167,0.980316
0.970166,0.0182313,0.988686
0.987388,0.0182992,1.00596
0.998254,0.018241,1.01677
0.968364,0.0181764,0.986823
0.996837,0.0182046,1.01531
0.964474,0.0182488,0.98299
0.969162,0.0182162,0.987685
0.982535,0.0181665,1.00097
0.960913,0.0181606,0.979355
0.965962,0.0183054,0.984549
0.95814,0.0183136,0.976737
0.96301,0.0181995,0.981497
0.952201,0.0182009,0.970665
1.02109,0.0181643,1.03954
0.959526,0.0182174,0.978044
0.977675,0.0182276,0.996184
0.983283,0.0182796,1.00183
0.954446,0.0182762,0.972995
0.976519,0.018166,0.994954
0.96278,0.0182725,0.981331
3 threads per task
0.998103,0.0143887,1.01277
0.970835,0.0142195,0.985318
0.976141,0.0144734,0.990884
0.959363,0.0142959,0.973952
0.979321,0.0144385,0.994028
0.993276,0.0142838,1.00783
0.98568,0.0143679,1.00031
0.979071,0.0143371,0.99369
0.996626,0.0143356,1.01122
0.956766,0.0143196,0.971368
0.971555,0.0142971,0.986126
0.982582,0.0143509,0.997213
0.980007,0.0142718,0.994562
0.992617,0.0143345,1.00724
0.973894,0.0143258,0.988495
0.964243,0.0142545,0.978773
0.985588,0.0142477,1.00011
0.978316,0.0142199,0.992808
0.978143,0.0143476,0.992775
1.02154,0.0142887,1.0361
0.965801,0.0143272,0.980425
0.96113,0.0143677,0.975767
1.00991,0.0144007,1.02457
0.998234,0.0143411,1.01284
0.965245,0.0142017,0.97973
0.985528,0.0144069,1.00021
0.961166,0.0142226,0.97568
0.99959,0.0143961,1.01425
0.974213,0.0142514,0.988735
0.955343,0.0142534,0.969859
0.953879,0.0142003,0.968362
0.954552,0.0142281,0.96907
0.962755,0.0143488,0.977382
0.972891,0.0142863,0.987452
0.984381,0.0142132,0.998869
0.955968,0.0143488,0.970586
0.979659,0.0144512,0.994396
1.00825,0.0143911,1.02293
0.964478,0.0142199,0.978961
0.962748,0.0142059,0.977223
0.957961,0.0142176,0.972462
0.98535,0.0144029,1.00002
0.980993,0.0143335,0.995597
0.96704,0.0142867,0.981616
0.959627,0.0143125,0.974208
1.00375,0.0144854,1.01855
0.995278,0.0144108,1.00998
0.962218,0.0144121,0.97693
0.958744,0.0142988,0.973313
1.00402,0.0143082,1.01861
0.977878,0.0144736,0.992644
4 threads per task
0.995169,0.0123541,1.00779
0.958745,0.0122522,0.971267
0.961211,0.0124367,0.973912
0.972492,0.0122936,0.98505
0.997641,0.0123969,1.0103
0.993255,0.0123732,1.0059
1.00277,0.0122732,1.01532
0.966217,0.012242,0.978737
0.96398,0.0124933,0.976755
0.957748,0.0123649,0.970393
0.980475,0.0123737,0.993119
0.999759,0.0123284,1.01239
0.960241,0.0122553,0.972777
0.96652,0.0123392,0.979139
0.960678,0.0122463,0.973199
0.968026,0.0122494,0.980558
0.975966,0.0122598,0.988498
0.992736,0.012228,1.00525
0.986126,0.0123356,0.998731
0.959316,0.0122527,0.971844
0.984383,0.0122518,0.996911
0.970251,0.0123365,0.982867
0.974953,0.0123498,0.987568
0.973596,0.0123874,0.986257
0.960157,0.0122347,0.972683
1.02138,0.0124333,1.03407
0.974078,0.012322,0.986688
0.976035,0.0124154,0.988724
0.959964,0.0123128,0.972579
0.989853,0.0123923,1.00253
0.975917,0.0124138,0.988601
0.956912,0.0122514,0.969446
0.958356,0.012326,0.970955
0.999794,0.0123252,1.0124
0.973452,0.0123332,0.986079
0.958587,0.0123457,0.971222
0.962294,0.0123638,0.974928
0.959735,0.0123679,0.972371
1.00287,0.0122752,1.01546
0.958315,0.0122718,0.97086
0.974474,0.0123974,0.987143
0.954014,0.0123665,0.966647
0.977901,0.0123234,0.990512
0.978233,0.0122593,0.990768
0.998434,0.0123125,1.01102
0.954547,0.0123471,0.967199
0.987777,0.0123535,1.0004
0.960577,0.012266,0.97311
0.986311,0.0123655,0.998946
0.955849,0.0123734,0.968496
0.964686,0.0123928,0.977378
5 threads per task
0.959818,0.0101326,0.970224
0.982539,0.0101308,0.99294
0.963807,0.0101525,0.974254
0.959658,0.0102167,0.970142
0.959549,0.0102556,0.9701
0.97244,0.0102185,0.982925
0.962265,0.0102062,0.97275
0.960408,0.0101849,0.970861
0.956063,0.0101828,0.966515
0.956536,0.0101872,0.967001
0.976984,0.010111,0.987371
0.97552,0.0101367,0.985922
0.962131,0.0101701,0.97259
0.980494,0.0101612,0.990957
0.962372,0.0101766,0.972827
0.972904,0.0101273,0.983317
0.976895,0.0101348,0.987307
0.981132,0.0101337,0.991535
0.962678,0.010188,0.97316
0.974696,0.0101514,0.985132
0.963845,0.0101207,0.974249
0.9597,0.0101994,0.970187
0.984336,0.0102106,0.994842
0.97981,0.010188,0.990272
0.971885,0.010218,0.982368
0.962078,0.0101742,0.972529
0.990979,0.0101534,1.00142
0.954858,0.0101864,0.965315
0.974748,0.0102102,0.985257
0.97975,0.0101358,0.990175
0.958734,0.0101325,0.969137
0.959702,0.0101705,0.970144
0.974427,0.0102172,0.984919
0.984356,0.0101373,0.994761
0.979399,0.0101079,0.989802
0.980895,0.0102124,0.991409
0.985754,0.0101867,0.996212
1.00239,0.0102019,1.01286
0.988141,0.0101833,0.998595
0.980114,0.0101835,0.99057
0.980778,0.0101847,0.99125
0.98301,0.0101836,0.993461
0.957393,0.0101776,0.967864
0.976283,0.0101819,0.986732
0.963676,0.0102181,0.974179
0.992003,0.0102376,1.00251
0.989929,0.0101748,1.0004
1.00088,0.0101854,1.01133
0.989692,0.0101334,1.0001
0.958811,0.0102246,0.96934
0.9852,0.0101648,0.995653
6 threads per task
0.9906,0.00863131,0.999502
0.956746,0.00864802,0.965671
1.01408,0.00862732,1.02299
0.965728,0.00864554,0.974662
1.00106,0.00865813,1.01
0.955269,0.00864408,0.964199
0.985839,0.00865387,0.994764
0.988828,0.00861497,0.997718
0.970502,0.008604,0.979386
0.961412,0.00862664,0.970319
1.01322,0.00861626,1.02211
0.985576,0.00859483,0.994462
0.997123,0.00861978,1.00601
0.955436,0.00863555,0.964362
0.980268,0.00863424,0.989171
0.997119,0.00860966,1.00601
0.985469,0.00859911,0.99434
0.961582,0.0086057,0.970464
0.958468,0.00861773,0.967359
0.957007,0.00861611,0.965894
0.992244,0.00865361,1.00116
1.02259,0.00864951,1.03154
0.960889,0.00862348,0.969788
1.01255,0.00862798,1.02144
1.00409,0.00862399,1.01302
0.966408,0.00863822,0.975324
0.995487,0.00861606,1.00437
0.964387,0.00861357,0.97327
0.958441,0.00861877,0.96735
0.955844,0.00892579,0.965039
1.01174,0.00863382,1.02067
0.989472,0.00859884,0.998347
1.00477,0.00865679,1.01371
0.988952,0.00865637,0.997882
0.992959,0.00862959,1.00186
0.956121,0.00860596,0.964999
0.956617,0.00862756,0.965531
0.957969,0.00861995,0.96687
0.974011,0.00862458,0.982927
0.976877,0.0086093,0.985755
0.959653,0.00860114,0.96852
0.981281,0.00858987,0.990166
1.01196,0.00861831,1.02085
0.959987,0.00863119,0.96889
0.993672,0.00859698,1.00254
0.963755,0.00859937,0.972643
0.961862,0.00864617,0.970778
1.00606,0.00861736,1.01496
0.97928,0.00860812,0.988152
0.975346,0.00861742,0.984243
0.96768,0.00865456,0.976602
7 threads per task
1.00209,0.00745937,1.00983
0.965007,0.00750968,0.9728
0.96372,0.00749101,0.971477
0.957055,0.00745021,0.96479
0.990017,0.00747339,0.997777
0.95654,0.00750102,0.96431
0.968954,0.00745579,0.976678
0.958715,0.00744981,0.966433
0.954778,0.0074577,0.962532
0.982657,0.00752338,0.990449
1.00932,0.00751451,1.0171
0.959942,0.0075115,0.967736
0.975418,0.00748967,0.983175
0.9862,0.00749812,0.993967
0.957139,0.00743057,0.964849
0.959405,0.00749734,0.967194
0.960124,0.00745918,0.967863
0.957291,0.00748226,0.965054
0.987777,0.00746277,0.995527
0.972433,0.00748126,0.980179
0.964536,0.0074714,0.972276
0.989567,0.00747826,0.997316
0.964169,0.00748399,0.971926
0.96155,0.00746839,0.969322
0.983505,0.00749364,0.991284
0.976557,0.00747991,0.984331
1.00839,0.00746696,1.01612
0.992227,0.00747345,0.999966
0.967074,0.00747753,0.974834
0.991009,0.00748217,0.998764
0.980551,0.00742741,0.988262
0.955979,0.00746815,0.963718
0.982326,0.00749574,0.990096
0.995138,0.00750851,1.00293
0.964444,0.00755386,0.972269
0.964133,0.00747193,0.971888
0.959891,0.00746536,0.967633
0.965891,0.00748599,0.973695
0.992431,0.00747535,1.00018
0.978211,0.0074884,0.98597
0.961132,0.00746238,0.968882
0.984188,0.00751286,0.991978
0.974355,0.00749466,0.982122
0.982782,0.00744515,0.990511
0.981686,0.00746189,0.989435
1.02387,0.00751019,1.03167
0.98459,0.0074941,0.992356
0.980448,0.00747003,0.988208
0.962086,0.00746973,0.969824
0.961929,0.0074422,0.969664
0.977886,0.00750828,0.985679
8 threads per task
0.974895,0.00661075,0.981812
0.99132,0.00662896,0.998218
1.00518,0.00664205,1.0121
0.959261,0.00664409,0.966186
0.959149,0.00663539,0.966053
0.991959,0.00664722,0.998888
0.990465,0.00664867,0.997393
0.975142,0.00660745,0.982036
0.993551,0.00657634,1.00041
0.963666,0.00662769,0.970578
0.993269,0.00662902,1.00016
1.01023,0.0066251,1.01713
0.960207,0.00661743,0.967129
0.974304,0.00659923,0.981184
0.987968,0.00664076,0.994874
0.97286,0.00663705,0.979807
0.968382,0.00666036,0.975328
1.00514,0.00662542,1.01204
0.973563,0.00662557,0.980471
0.973151,0.00662062,0.98006
0.990156,0.0066195,0.997057
0.96364,0.00662927,0.97055
0.962178,0.0066488,0.969105
0.982699,0.00661524,0.989611
0.984733,0.00661309,0.991627
0.97291,0.00661255,0.9798
0.975197,0.00663626,0.982116
0.97583,0.00661535,0.982727
0.964542,0.0066712,0.971486
0.990844,0.0066525,0.997776
0.962295,0.00663518,0.969198
0.988502,0.00706118,0.995882
1.01074,0.00664544,1.01766
1.01634,0.00662814,1.02324
0.977151,0.00659608,0.984026
1.00008,0.00661995,1.00698
0.958263,0.00665779,0.965205
0.974953,0.00663023,0.981865
1.0011,0.00658285,1.00798
0.961843,0.00664355,0.968771
0.991574,0.00660372,0.998471
0.973883,0.00660583,0.98079
0.97887,0.00660445,0.985748
1.00669,0.00662177,1.0136
1.00993,0.00660351,1.01682
0.961906,0.00658807,0.968774
0.955386,0.00659918,0.962262
0.976817,0.00660733,0.983698
0.977826,0.00662437,0.984748
0.976586,0.00661963,0.983498
1.00737,0.00661403,1.01426
9 threads per task
0.976139,0.00582902,0.982236
0.953741,0.00870701,0.962714
0.995955,0.00864229,1.00487
0.974692,0.00671068,0.98171
0.973904,0.00712236,0.981292
0.983179,0.00766065,0.99112
0.960781,0.00887034,0.969926
0.982047,0.00889652,0.991214
0.97683,0.00714649,0.98425
0.990707,0.00716017,0.99816
0.977401,0.00864273,0.98632
0.965672,0.00715227,0.973098
1.00983,0.00711162,1.01722
0.987333,0.0072972,0.994906
0.989218,0.00721275,0.996698
1.00772,0.00731012,1.01532
0.975947,0.00676918,0.982985
1.0016,0.00674491,1.00863
0.960795,0.00746256,0.968541
0.992542,0.00738384,1.0002
0.97539,0.00722826,0.982891
0.993194,0.00726797,1.00073
0.993337,0.0069327,1.00055
0.992427,0.00723729,0.999934
0.989643,0.00711515,0.997026
0.95925,0.00712781,0.966651
0.961122,0.00690033,0.968292
0.966057,0.0068673,0.973196
0.958597,0.00581769,0.964686
0.966644,0.0072834,0.974196
0.970248,0.00711505,0.977631
0.958175,0.00676828,0.965216
0.993362,0.00680874,1.00047
0.994574,0.00735877,1.00222
0.955109,0.00712709,0.962503
0.982338,0.00897368,0.991583
0.95686,0.00734515,0.964478
0.991075,0.00714189,0.99849
0.999233,0.0071492,1.00665
0.974655,0.00667751,0.981601
0.95456,0.00713427,0.961965
0.987351,0.00723068,0.994851
0.993579,0.00584301,0.999692
0.963077,0.00676128,0.970105
0.960227,0.00740781,0.967916
1.01191,0.00678612,1.01897
0.980113,0.00723959,0.987623
0.957518,0.00733249,0.965124
0.976197,0.00742662,0.983905
0.977294,0.00725456,0.98484
0.972514,0.00728164,0.980063
10 threads per task
0.958091,0.00822337,0.966585
0.975712,0.00702818,0.983008
0.984069,0.00701459,0.99136
0.976347,0.00683919,0.983461
0.959668,0.00692118,0.966857
1.03164,0.00798219,1.0399
0.955749,0.00692977,0.962958
0.986617,0.00703098,0.993941
0.994266,0.00899827,1.00353
0.966258,0.00692316,0.973451
0.965579,0.00811111,0.973963
0.957307,0.00797206,0.965554
0.984921,0.00697195,0.992166
0.958407,0.00810726,0.966795
0.975233,0.00709777,0.982606
0.9842,0.00697033,0.991445
0.958125,0.00702497,0.965435
0.965741,0.00706242,0.973106
0.968171,0.00710347,0.975549
0.973104,0.00693709,0.980333
0.992643,0.00763717,1.00055
0.992398,0.00692816,0.999597
0.974512,0.00691538,0.981694
0.954704,0.00690432,0.961912
0.977305,0.00706522,0.984646
0.978141,0.00812153,0.986536
0.974284,0.00825103,0.982807
0.954409,0.00822693,0.962904
0.988583,0.00829629,0.997164
0.975538,0.00825964,0.984077
0.998622,0.00691917,1.00581
0.959628,0.00702239,0.966944
0.974705,0.00708485,0.982059
0.960593,0.00714001,0.968016
0.958733,0.00706812,0.966086
0.981426,0.00802177,0.989716
0.97581,0.00706996,0.983169
0.988729,0.00710849,0.996113
0.974569,0.00698226,0.98183
0.964344,0.0080237,0.972639
0.974252,0.00819071,0.98273
0.988748,0.00696055,0.995977
0.955361,0.00694289,0.962605
0.986556,0.00703794,0.993886
0.977632,0.00651107,0.984417
0.990708,0.00688436,0.997891
1.01814,0.00693696,1.02535
0.980143,0.00709604,0.987511
0.964687,0.00694203,0.971907
0.961232,0.00708514,0.968585
0.974568,0.00693538,0.981793
11 threads per task
0.962373,0.00646845,0.969115
0.972611,0.00635871,0.97924
0.971344,0.0074391,0.979056
0.960699,0.00732117,0.968284
0.990359,0.007584,0.998221
0.958939,0.00749127,0.966703
0.957537,0.00914495,0.966959
0.97222,0.00732267,0.979815
0.988478,0.00744251,0.996199
0.985676,0.00634996,0.992305
0.982451,0.00641627,0.989133
0.976513,0.0074217,0.984203
0.976177,0.00731477,0.983764
0.976709,0.00743602,0.98441
0.982011,0.00635106,0.988632
0.972168,0.00731605,0.979753
0.991651,0.00641602,0.998348
0.958958,0.00731308,0.966549
0.958035,0.00873789,0.967045
0.954454,0.00752875,0.962257
0.982068,0.00646355,0.988829
0.955558,0.00647562,0.962301
0.986044,0.00636408,0.992685
1.00645,0.00736759,1.01409
0.957739,0.00641103,0.964429
0.983934,0.00729487,0.991498
0.964457,0.00643304,0.971163
0.960909,0.00646692,0.967648
0.963973,0.00644875,0.970692
0.955208,0.00635786,0.961837
0.957921,0.00731748,0.965514
0.984441,0.00732182,0.992038
0.961378,0.00636457,0.968014
1.01391,0.00634221,1.02056
0.959743,0.00651717,0.96655
0.970334,0.00903771,0.979666
0.990224,0.00647779,0.996976
0.979808,0.00729096,0.987379
0.971566,0.0063517,0.978194
0.963301,0.00647088,0.970045
0.960304,0.00634697,0.966928
0.985629,0.00755728,0.993464
0.987181,0.00636327,0.993814
0.972589,0.00648436,0.979342
0.964991,0.00636482,0.971626
0.975871,0.0064498,0.982588
0.974503,0.00732667,0.982104
0.965362,0.00643408,0.972068
0.985774,0.00728754,0.993329
0.974329,0.00743138,0.982027
0.981499,0.00635389,0.988121
12 threads per task
0.977355,0.00677612,0.984404
0.976601,0.00640132,0.983277
0.975646,0.00630703,0.982223
0.975331,0.00690486,0.982508
0.984982,0.00633777,0.991586
1.01968,0.00642753,1.02639
0.958578,0.00635277,0.965196
0.971123,0.00643509,0.977823
0.979964,0.00632359,0.986556
0.958346,0.00691358,0.965546
0.960797,0.00674817,0.967816
0.960218,0.00461952,0.96511
1.02631,0.00630547,1.03289
0.971493,0.00686298,0.978622
1.01492,0.00643145,1.02163
0.974645,0.00640731,0.98132
0.991278,0.00630954,0.997856
0.979466,0.00630809,0.986047
0.967859,0.00640773,0.974538
0.955124,0.00631976,0.961721
0.981744,0.00690528,0.988937
0.982828,0.00674217,0.989853
0.986052,0.00694116,0.993266
0.989912,0.00674948,0.996933
1.00755,0.00641437,1.01424
1.0066,0.00641838,1.01328
0.972293,0.00685837,0.979417
0.955778,0.00686891,0.962924
0.962772,0.00692621,0.969969
0.996285,0.00696472,1.00351
1.0138,0.00629909,1.02037
0.955486,0.00675618,0.962522
0.958388,0.00634529,0.965028
1.01276,0.0063084,1.01936
0.982633,0.00633971,0.989253
1.01055,0.00629862,1.01714
0.954559,0.0069494,0.961776
0.97377,0.00644592,0.980491
0.977659,0.00634413,0.984276
0.963632,0.00695777,0.970862
0.969444,0.00691574,0.976649
0.957815,0.00645007,0.964534
0.958619,0.00676586,0.96566
0.987619,0.00630023,0.994233
1.01711,0.00680484,1.02419
0.986507,0.0069289,0.993709
1.01552,0.00631947,1.02211
0.954647,0.00675905,0.96167
1.01192,0.00632028,1.01851
0.975601,0.00629031,0.982176
0.963775,0.0084486,0.972495
13 threads per task
1.0066,0.0080111,1.01489
0.960518,0.00635921,0.967152
1.01607,0.00676841,1.0231
0.976922,0.00689649,0.98409
0.983312,0.00647216,0.990057
0.957868,0.00629972,0.964436
0.964281,0.00643027,0.970986
1.00875,0.00784708,1.01687
0.974351,0.00688917,0.981513
0.963085,0.0063205,0.969676
0.956148,0.00688953,0.96331
0.957099,0.00630353,0.963684
0.983088,0.00689953,0.990259
0.997199,0.00628947,1.00375
0.974619,0.00628819,0.981181
0.979212,0.00631265,0.9858
0.971448,0.00683907,0.978558
0.987208,0.00637318,0.993853
1.03271,0.00667788,1.03966
0.960776,0.00630508,0.967372
1.01413,0.00669211,1.02109
0.97257,0.0063653,0.97921
0.997161,0.00631175,1.00375
0.957732,0.00674073,0.964768
0.993934,0.00627668,1.00048
0.960756,0.00680378,0.967834
1.00035,0.00667244,1.00729
0.957353,0.00640641,0.964061
0.995386,0.0066752,1.00233
0.998429,0.00636122,1.00506
0.987053,0.00636959,0.993717
0.961453,0.0068592,0.968586
0.975613,0.00639629,0.982279
0.958489,0.00630661,0.965071
0.975526,0.00631604,0.982114
0.994419,0.00639628,1.00108
0.959571,0.00665126,0.966501
0.988229,0.00680241,0.995305
0.953866,0.00667388,0.960807
0.956385,0.00636407,0.963032
0.961054,0.00668187,0.968015
0.959226,0.00641077,0.965908
1.01406,0.00784612,1.02217
0.993221,0.00630691,0.999801
0.980106,0.00632564,0.98671
0.967905,0.00633675,0.974516
0.97317,0.00689338,0.980332
0.961121,0.00643146,0.967825
0.976902,0.00669227,0.983865
1.00659,0.00561242,1.01248
0.988582,0.00638726,0.995242
14 threads per task
0.965425,0.00590618,0.971618
0.958215,0.00565806,0.964154
0.960194,0.00736331,0.967827
0.974103,0.00661971,0.980993
0.954567,0.00659739,0.961429
0.979189,0.00673752,0.986199
1.01211,0.00665171,1.01904
0.978107,0.00661977,0.984992
0.965588,0.00684397,0.97272
0.984028,0.00656922,0.99087
0.970966,0.00589503,0.977138
0.960577,0.00658554,0.96743
0.966728,0.00592712,0.97295
1.01887,0.00656954,1.02571
0.962187,0.00589501,0.968346
0.956359,0.00669934,0.96333
0.956905,0.00648242,0.963695
0.974573,0.00660123,0.981453
0.992644,0.00592771,0.99885
1.00356,0.00657856,1.0104
0.955004,0.00686042,0.962132
0.986569,0.00592228,0.992765
0.984569,0.00599503,0.990845
0.96402,0.00667175,0.970961
1.00942,0.00679115,1.01649
0.990152,0.00655529,0.996976
0.984248,0.00666723,0.991182
0.986625,0.00598137,0.9929
0.96331,0.00667063,0.970256
0.985927,0.00660212,0.992806
0.960696,0.00604803,0.967018
0.973025,0.00665816,0.979955
0.960472,0.00601818,0.966762
0.964608,0.00658635,0.971491
1.00058,0.00655068,1.00741
1.00536,0.00683151,1.01248
0.984742,0.00650681,0.991531
0.974417,0.00657265,0.981262
0.976883,0.00667405,0.983826
0.972668,0.00665865,0.979598
0.990456,0.00583665,0.996617
0.973434,0.00659228,0.980302
0.998075,0.00664425,1.005
0.970841,0.00598183,0.977101
0.961287,0.00661835,0.968173
0.980107,0.00656379,0.986944
1.05876,0.00657205,1.06561
0.963568,0.00661377,0.970452
0.976881,0.00668937,0.983851
0.99197,0.00679194,0.999031
1.00017,0.00677089,1.00722
15 threads per task
0.960588,0.00775665,0.96862
1.01268,0.00562184,1.01858
0.994272,0.00678853,1.00136
0.956518,0.00561103,0.962411
1.00433,0.00723071,1.01184
0.995496,0.00560466,1.00137
0.980408,0.00695989,0.987641
0.970581,0.00557647,0.976431
0.971085,0.00755283,0.978933
0.97688,0.00560428,0.98275
0.95067,0.00697458,0.95791
0.956104,0.00708288,0.963454
0.979416,0.00666093,0.986351
0.962338,0.00566345,0.968277
0.959019,0.00708943,0.966383
0.955725,0.0070532,0.963065
0.988219,0.00703816,0.995521
0.961971,0.00711881,0.969364
0.985751,0.00661043,0.99265
0.975528,0.00643731,0.982233
1.00005,0.00559006,1.00591
0.975993,0.00696874,0.983226
0.961529,0.00755923,0.969353
0.971314,0.00767069,0.979259
0.97941,0.00570625,0.985388
1.01126,0.00677206,1.01831
0.977461,0.00780562,0.985541
0.976031,0.00766513,0.983972
0.987061,0.0071376,0.994471
0.973494,0.00702082,0.980794
0.99845,0.00536541,1.00409
0.966922,0.00556808,0.972762
0.979764,0.00564427,0.985683
0.972717,0.00584176,0.978832
0.99401,0.00752508,1.00182
1.01236,0.00569269,1.01832
0.968636,0.00658809,0.975525
0.973432,0.0076793,0.981386
0.980146,0.00557762,0.985995
0.983014,0.0067448,0.990056
0.976953,0.00709047,0.984314
0.961295,0.0079066,0.96947
0.999717,0.00765633,1.00767
0.986329,0.0056238,0.992228
0.968563,0.00558546,0.974416
1.00743,0.00754353,1.01525
0.990021,0.00557222,0.99586
0.956525,0.00623322,0.963025
0.965364,0.0068317,0.972472
0.978816,0.00657056,0.985675
0.983937,0.0076831,0.991898
16 threads per task
0.967171,0.00531236,0.972753
0.956361,0.00887124,0.965513
0.968389,0.00531179,0.973963
0.97202,0.00533698,0.977625
0.986232,0.00589713,0.992401
0.983444,0.00858027,0.992297
0.96681,0.008562,0.975642
0.974156,0.00533957,0.979769
0.955032,0.00768954,0.963003
0.987169,0.005297,0.992738
0.996557,0.00815072,1.00498
1.00051,0.00527014,1.00609
0.960603,0.00806565,0.968933
0.955647,0.00793686,0.963857
0.976589,0.00731763,0.984204
0.979607,0.0053906,0.985268
0.975982,0.00532811,0.981576
0.980831,0.00869626,0.989798
0.988748,0.00799725,0.997014
0.973808,0.00587858,0.979957
0.980037,0.00800181,0.988312
1.01594,0.00529874,1.02151
0.964547,0.00856158,0.973376
0.953836,0.00842821,0.962544
0.972468,0.00587394,0.978611
1.00668,0.00657541,1.01352
0.983317,0.00656358,0.990151
0.97035,0.00682751,0.977443
0.958657,0.00822374,0.967149
1.00201,0.00844693,1.01072
1.00143,0.00659576,1.0083
0.959029,0.00884607,0.968151
0.973699,0.00527528,0.979245
0.984504,0.00812003,0.992898
0.990529,0.00748554,0.998309
0.988198,0.00691848,0.995403
1.00014,0.00536675,1.00578
1.0118,0.00914374,1.02122
0.955057,0.00588949,0.961217
1.00254,0.00532223,1.00813
0.954446,0.00658041,0.961301
1.00379,0.00730337,1.01137
1.01696,0.0084248,1.02565
0.989401,0.00727194,0.996941
0.997816,0.00820952,1.00633
0.976048,0.00800308,0.984322
0.976562,0.00531345,0.982142
0.978174,0.00792559,0.986383
0.953499,0.00838197,0.962149
0.966014,0.00802683,0.974306
0.975286,0.008001,0.98356
17 threads per task
0.992242,0.00898593,1.0015
0.988186,0.00919871,0.997673
1.00782,0.00916684,1.01726
0.960097,0.00773295,0.968102
0.986018,0.00927806,0.995572
0.958536,0.00544213,0.964272
0.987575,0.00633155,0.994192
0.971655,0.00634946,0.978272
0.966483,0.00641138,0.973168
0.985421,0.00625017,0.991954
0.970436,0.00633173,0.977036
0.95784,0.00847261,0.966612
0.960686,0.00502984,0.966011
0.96668,0.00953625,0.976495
0.984389,0.00886847,0.993531
0.956132,0.0084971,0.96492
0.959036,0.00550747,0.964815
0.961557,0.00642513,0.968255
0.956039,0.00921065,0.96552
1.02424,0.00503174,1.02955
0.957181,0.00630132,0.963748
0.989192,0.00899338,0.998486
0.976035,0.0091638,0.985469
0.972505,0.00957117,0.982351
0.988545,0.0074112,0.996249
0.96658,0.00922128,0.97607
0.983019,0.00628353,0.989579
0.976136,0.00869467,0.985097
0.991877,0.00902431,1.00118
0.955694,0.00634648,0.962313
1.0174,0.00505714,1.02275
0.993973,0.00639785,1.00065
0.960269,0.00668845,0.967228
0.955106,0.00550248,0.960885
0.977266,0.00505789,0.982597
0.971289,0.00914825,0.980716
0.986829,0.00641243,0.993521
0.954646,0.00628467,0.961203
0.991618,0.00501149,0.996908
0.960527,0.00627317,0.967073
0.97471,0.00640027,0.981404
0.989357,0.00639117,0.996029
0.976237,0.0083835,0.984896
0.957333,0.00632106,0.963926
0.956253,0.00597846,0.962511
1.00911,0.00867649,1.01807
0.976424,0.00970393,0.986398
0.957218,0.00629805,0.963804
0.985688,0.00612543,0.992091
0.957441,0.00550804,0.96322
0.95489,0.00870105,0.963862
18 threads per task
0.957077,0.00639028,0.963741
0.988032,0.00721098,0.99551
1.0074,0.00965226,1.01732
0.977185,0.00814098,0.985604
0.955826,0.00977999,0.96587
0.986132,0.00987992,0.996287
0.992514,0.00540554,0.998204
0.987607,0.0064137,0.994316
0.977025,0.0102777,0.987576
0.971809,0.00542709,0.977509
0.971316,0.00726229,0.978851
0.956705,0.00649169,0.963493
0.958375,0.00613697,0.964778
0.955189,0.00940669,0.964866
0.962747,0.00545176,0.968464
0.966462,0.00819399,0.974929
0.956639,0.00478621,0.961693
0.972825,0.00600416,0.979095
0.995025,0.00985074,1.00514
0.956133,0.00480979,0.96121
0.974121,0.00479173,0.97919
1.00972,0.00575844,1.01576
0.963793,0.00717218,0.971231
1.01074,0.00698994,1.01802
1.01246,0.00701839,1.01975
0.989367,0.00646416,0.996115
0.975571,0.00662966,0.982474
0.959313,0.00611078,0.965712
0.964258,0.00640074,0.970922
0.957404,0.0102884,0.967968
0.958006,0.00985278,0.968137
0.960757,0.0101537,0.971175
1.00819,0.00642226,1.01488
0.956516,0.0060858,0.96288
0.975638,0.00809007,0.983994
0.986746,0.00651681,0.993534
0.988081,0.00923561,0.997588
0.957153,0.00946665,0.966893
0.972501,0.00641175,0.979182
0.98563,0.00481394,0.990712
0.963427,0.00602511,0.969726
0.985494,0.00515355,0.990939
0.988514,0.00641408,0.995202
0.999104,0.0101045,1.00949
0.977322,0.00649122,0.984081
0.967514,0.00484732,0.972634
0.96328,0.00485055,0.968401
1.01001,0.00592996,1.01622
0.958346,0.00483954,0.963459
0.972824,0.00941078,0.982501
1.01724,0.00957742,1.0271
19 threads per task
0.989488,0.00588896,0.995677
0.955908,0.00458133,0.960761
0.973772,0.00646159,0.980501
0.959928,0.00758789,0.967789
1.00941,0.00811219,1.0178
0.976074,0.00571306,0.982053
0.983412,0.00457294,0.988259
0.963233,0.00798562,0.971496
0.997113,0.00869284,1.00608
0.985552,0.00777113,0.993622
0.957126,0.00572519,0.963124
0.959665,0.00502326,0.964975
0.999989,0.0104411,1.0107
1.017,0.0100444,1.02733
0.990187,0.00484614,0.995306
0.985523,0.00537557,0.991175
0.972658,0.00463997,0.977568
0.985003,0.0105021,0.995778
0.99144,0.00803475,0.999765
0.985827,0.0076147,0.993716
0.976706,0.00573611,0.982707
0.958462,0.00740784,0.966167
0.956217,0.0107148,0.967219
0.957285,0.00804292,0.965614
0.96986,0.00597751,0.976123
0.976178,0.00724242,0.983692
0.961038,0.00822751,0.969537
0.984683,0.0109083,0.995879
0.974436,0.0103344,0.985038
0.955513,0.00655563,0.96234
0.98743,0.0108187,0.998519
0.981252,0.0072537,0.988781
0.969869,0.00727546,0.977436
0.99111,0.0104534,1.00186
0.959878,0.0100277,0.970177
0.958364,0.00632723,0.964973
0.960056,0.010594,0.970926
0.998927,0.00452043,1.00374
0.98303,0.00649312,0.989799
0.976074,0.00727548,0.983628
0.964022,0.0058454,0.970155
0.987749,0.00651637,0.99453
0.976756,0.00649517,0.983529
0.956969,0.0087309,0.965974
0.990654,0.00650932,0.997442
0.954135,0.00748034,0.961884
0.980486,0.00810314,0.988862
0.971083,0.00707905,0.978435
0.972544,0.0051863,0.97804
0.964132,0.00720142,0.971615
0.986711,0.00732607,0.994329
20 threads per task
0.989421,0.0106414,1.00033
0.980318,0.00571424,0.986314
0.985453,0.0102109,0.995949
1.00083,0.00469235,1.00579
0.977799,0.0107203,0.988797
0.986617,0.00730784,0.994193
0.959211,0.00912365,0.968602
0.95957,0.00821236,0.968055
0.984195,0.0110457,0.995527
0.960004,0.0106775,0.970954
0.978801,0.00440271,0.983475
0.976157,0.00632855,0.982754
0.986988,0.0108937,0.998156
0.973922,0.00771655,0.981907
0.977406,0.00732542,0.984998
0.956422,0.0067484,0.963467
0.982635,0.0080898,0.99102
0.956278,0.011374,0.967922
0.979828,0.0110572,0.991153
0.983625,0.00699237,0.990894
0.975248,0.0050285,0.980547
0.967025,0.00819473,0.97549
1.00866,0.00466803,1.01359
0.963034,0.0104218,0.973721
1.00994,0.0110482,1.02126
0.976814,0.00737274,0.98446
0.96282,0.0109277,0.974019
0.976759,0.00749125,0.98454
1.01445,0.00807587,1.0228
0.98877,0.00805192,0.997102
1.00141,0.0103733,1.01205
1.01654,0.010067,1.02688
0.962185,0.0109549,0.973426
1.00674,0.00545834,1.01249
0.992227,0.0072053,0.999707
0.9843,0.0102232,0.994789
0.977565,0.0109046,0.988747
1.00253,0.00737033,1.01019
0.956877,0.0074479,0.964594
0.960039,0.0113718,0.971685
0.988556,0.0109511,0.999776
0.960098,0.0108889,0.971279
0.95943,0.0106281,0.970333
0.975844,0.00752835,0.983647
0.975808,0.0100837,0.986179
0.954365,0.00809594,0.962725
0.957499,0.00700325,0.964798
0.980602,0.00734694,0.98822
0.992116,0.0103466,1.00274
0.973556,0.00503565,0.978863
0.954064,0.0111195,0.965452
21 threads per task
0.972171,0.00545127,0.977892
0.960395,0.00650676,0.967175
0.977061,0.01169,0.98902
0.982727,0.00891127,0.991924
1.00606,0.00833181,1.01469
0.988354,0.00731622,0.995942
0.975481,0.00804014,0.98379
0.976045,0.00602183,0.982338
1.01385,0.00806838,1.02221
1.0034,0.0111724,1.01486
0.961508,0.0106509,0.972445
0.973276,0.00760432,0.981147
0.959971,0.00558888,0.965833
0.974506,0.0072153,0.982004
0.963059,0.0090031,0.972333
0.960091,0.00762271,0.967997
0.961494,0.0117251,0.973493
0.959143,0.0102828,0.969696
0.975267,0.0114043,0.98694
0.96705,0.00893211,0.976257
0.988497,0.0107913,0.999555
0.957965,0.0119785,0.970218
0.980345,0.00802383,0.988653
1.01762,0.0110404,1.02893
0.980289,0.00907515,0.989633
0.961744,0.00769102,0.969707
0.97348,0.00777544,0.981524
0.958017,0.00708168,0.965372
0.958524,0.0111707,0.969965
0.991148,0.00937778,1.00082
0.964979,0.00530975,0.970563
0.979626,0.00908261,0.988997
0.989834,0.00861761,0.998735
0.993521,0.00815068,1.00194
0.997705,0.00808676,1.00607
0.962597,0.00802432,0.970905
0.975437,0.00600609,0.981732
0.969659,0.00972723,0.979668
0.972606,0.00557486,0.97845
1.00787,0.0114715,1.01962
0.958614,0.0112002,0.97009
0.977924,0.00902998,0.987227
0.976417,0.0111899,0.987885
1.03875,0.0081301,1.04716
0.961293,0.01113,0.972698
0.992876,0.00813857,1.00129
0.978504,0.0100766,0.98886
0.957011,0.0112116,0.968494
0.97368,0.00877549,0.982731
0.974842,0.00481343,0.979928
0.974586,0.00732627,0.982189
22 threads per task
0.962393,0.0115216,0.974183
0.97692,0.0113961,0.988594
0.961718,0.00793928,0.969927
0.957905,0.0088052,0.966983
0.9576,0.0113151,0.969196
1.01016,0.0123393,1.02277
1.33471,0.0119335,1.34691
0.957889,0.0110423,0.969209
1.0419,0.0123008,1.05448
1.01248,0.00585406,1.01862
0.995525,0.00697611,1.00277
0.952653,0.00599067,0.958914
1.01255,0.00888509,1.02172
0.982215,0.00944446,0.991955
1.31498,0.0102852,1.32554
0.973873,0.00870234,0.982844
1.02344,0.00811311,1.03182
0.987107,0.00807402,0.995456
0.997909,0.0114614,1.00968
0.967108,0.0117257,0.97911
0.95794,0.012264,0.970472
0.972588,0.0102943,0.983157
0.97527,0.00888679,0.984424
0.976253,0.00902798,0.98555
0.960494,0.0125743,0.973345
1.00777,0.00722777,1.01527
0.967139,0.0120176,0.979431
1.02005,0.00455524,1.02489
0.960221,0.0107713,0.971277
0.983783,0.00994291,0.994001
0.97204,0.011315,0.983629
0.974272,0.0125837,0.987135
0.95695,0.011594,0.96882
0.976128,0.0116651,0.988061
0.961528,0.0119829,0.973786
0.984943,0.00534739,0.990568
0.971125,0.00463504,0.976028
0.955426,0.00510273,0.960821
1.00836,0.0050791,1.01372
0.985762,0.00957379,0.995628
0.983053,0.0104595,0.993795
0.980232,0.00457885,0.985107
0.997514,0.00510283,1.00292
0.963611,0.00817709,0.972051
0.981612,0.00519995,0.987088
0.984571,0.00524591,0.990105
1.02959,0.0115431,1.04141
0.957924,0.00449486,0.962685
0.974272,0.00476968,0.979313
0.964788,0.00980745,0.974893
0.968223,0.00841974,0.97692
23 threads per task
0.973369,0.0113147,0.984978
0.991151,0.0100403,1.00147
0.97663,0.0124155,0.989308
0.996691,0.00518031,1.00215
0.974216,0.0130378,0.987525
0.956166,0.00798362,0.96443
0.974193,0.0064275,0.980912
0.966232,0.0117025,0.978205
0.982975,0.0121135,0.995359
0.991789,0.00435394,0.996451
0.981328,0.00803245,0.989628
0.959818,0.00955986,0.969646
0.990894,0.00740308,0.998577
0.983488,0.00995707,0.993723
0.993286,0.0109129,1.00447
0.994517,0.0116985,1.00648
0.957089,0.011749,0.969107
0.965328,0.0111213,0.976724
0.97127,0.00790836,0.979444
0.960255,0.00667807,0.967212
0.972303,0.00883669,0.981423
0.973028,0.010963,0.984262
0.990434,0.00584012,0.996538
0.963677,0.00768036,0.971639
0.954786,0.00549384,0.960551
0.961707,0.0106752,0.972655
0.988153,0.0106216,0.999042
0.963517,0.00783325,0.971624
0.984122,0.0113023,0.995696
0.973858,0.00882555,0.982975
0.956564,0.00998447,0.966826
0.960075,0.00493032,0.965275
0.986103,0.011691,0.998076
0.990188,0.0099346,1.00039
1.00392,0.00830582,1.0125
0.972789,0.00558573,0.978656
0.969513,0.0122389,0.982027
0.974262,0.00779562,0.982333
0.991063,0.0117635,1.00309
0.974778,0.0104688,0.985536
0.976945,0.00848825,0.9857
0.954539,0.0112068,0.966014
0.962224,0.0121221,0.974628
0.984281,0.0121979,0.996752
0.975984,0.00791134,0.984169
0.976557,0.0101598,0.986993
0.956335,0.00795348,0.964569
0.985976,0.0115852,0.997842
0.974675,0.00923518,0.984186
0.963478,0.0120927,0.975846
1.00513,0.0103913,1.01581
24 threads per task
0.997697,0.00713843,1.00513
0.988071,0.0121842,1.00054
0.975648,0.0087886,0.984712
1.01593,0.00598484,1.02218
0.960422,0.00507995,0.965773
1.01225,0.0135176,1.02605
0.954957,0.0122857,0.967513
0.986765,0.0123987,0.999432
0.976114,0.00992625,0.986316
0.981892,0.0127883,0.994949
0.953927,0.00935154,0.963573
0.958032,0.0047263,0.963031
0.999622,0.00886459,1.00877
0.957225,0.0128199,0.970321
0.959165,0.00978796,0.969222
1.0094,0.00741342,1.01709
0.955035,0.0114073,0.966715
1.01774,0.0104954,1.02851
0.956309,0.00472295,0.961303
0.968149,0.0114824,0.979917
0.959614,0.0128892,0.972775
1.00898,0.0116331,1.02089
0.967555,0.00551806,0.97335
0.975871,0.00895504,0.985107
0.976095,0.00941928,0.985782
0.974413,0.00860048,0.983296
0.995532,0.0076038,1.0034
0.958535,0.00860833,0.967415
0.996167,0.0127074,1.00915
0.959037,0.00879541,0.968102
0.980421,0.0109789,0.991685
0.975963,0.0111543,0.987387
0.973422,0.00460318,0.978292
0.985048,0.00769659,0.993018
1.012,0.00741255,1.01968
0.998741,0.00472402,1.00377
0.957625,0.00706385,0.964962
0.965612,0.00864465,0.974555
1.0304,0.0117309,1.0424
0.966314,0.00892449,0.975539
0.954586,0.0108033,0.965661
0.961793,0.00987786,0.971954
0.968486,0.00927225,0.978026
0.975751,0.00960012,0.985623
0.988992,0.0117184,1.00098
0.962258,0.012582,0.975113
0.954808,0.00950699,0.964585
0.985944,0.0130913,0.9993
0.999725,0.0104113,1.01043
0.985197,0.0125493,0.998019
0.973564,0.00748791,0.981345
25 threads per task
0.956927,0.0096215,0.966819
0.969059,0.0101004,0.97945
0.959528,0.0124941,0.97229
0.983648,0.0124585,0.996379
0.956415,0.00558063,0.962268
0.978335,0.0138364,0.992448
0.953288,0.00984497,0.963428
1.01369,0.00456101,1.01852
0.985944,0.0132999,0.999513
0.962645,0.00939181,0.972329
0.960172,0.0117921,0.972239
0.980595,0.0107577,0.991631
0.958884,0.00713917,0.966314
0.993003,0.0123668,1.00564
0.969076,0.00434623,0.973693
0.981601,0.00937946,0.991269
0.964714,0.00924663,0.974233
0.971385,0.0107416,0.982395
0.992776,0.00524966,0.998294
0.978522,0.00457837,0.98337
0.997731,0.00956943,1.00759
1.01422,0.0135239,1.02802
0.990423,0.0111061,1.0018
0.973677,0.00534552,0.979308
0.955803,0.00986039,0.965943
0.959092,0.0110797,0.970444
0.976083,0.0129207,0.989274
1.00309,0.0121894,1.01556
0.976914,0.0121367,0.989325
0.969752,0.00716265,0.977179
0.984754,0.00896816,0.993998
0.959737,0.0100166,0.970053
0.962027,0.0104747,0.972783
0.964527,0.00940231,0.9742
0.973679,0.0120886,0.986036
0.992143,0.00757679,1
0.961096,0.0138278,0.975218
0.974755,0.0101235,0.98517
0.957383,0.00849745,0.966154
0.96417,0.0100586,0.974497
1.01174,0.00617321,1.01818
0.963573,0.00823398,0.972084
0.991744,0.00519671,0.997225
0.964955,0.00477619,0.969997
0.960036,0.00577224,0.966083
0.958099,0.0138665,0.972238
0.965472,0.00458367,0.970327
0.958145,0.0123811,0.970801
0.999784,0.0123382,1.0124
0.987848,0.0088924,0.997012
0.964197,0.00484067,0.969308
26 threads per task
1.0023,0.00654377,1.00911
1.01154,0.0112005,1.02302
0.978494,0.00469923,0.983473
0.971128,0.0104164,0.981818
0.996294,0.0114695,1.00804
0.964382,0.00819953,0.972886
0.977019,0.0103065,0.987613
0.966174,0.0128789,0.979325
1.01079,0.0109779,1.02206
1.09934,0.00563298,1.10525
0.962653,0.00818921,0.971109
0.981676,0.0127014,0.994666
0.957072,0.0101857,0.967532
0.954559,0.0048708,0.959706
0.994508,0.012853,1.00763
1.01846,0.00916711,1.0279
0.989147,0.0099631,0.9994
0.995261,0.00710796,1.00267
0.972444,0.0138433,0.986553
0.95831,0.00695637,0.965542
0.991967,0.0121187,1.00437
0.958812,0.00599012,0.965116
0.991328,0.00942636,1.00102
0.964171,0.0132427,0.977685
0.964749,0.0116251,0.976671
0.959459,0.0114038,0.971129
0.983851,0.00964843,0.993778
0.973201,0.0118992,0.985374
1.00216,0.00909984,1.01153
0.971852,0.00814619,0.980267
0.974368,0.00809356,0.982738
0.997595,0.0129213,1.0108
0.97318,0.0118462,0.985296
1.0214,0.0117556,1.03343
0.992087,0.0117962,1.00416
0.97509,0.00506837,0.980431
0.96835,0.00520163,0.97382
0.953034,0.00610369,0.959405
1.00715,0.00584599,1.01329
0.993333,0.00567463,0.999284
0.995182,0.0120412,1.00749
0.981155,0.00510698,0.986545
0.975204,0.0116466,0.987122
0.975387,0.00468427,0.980342
1.0122,0.0134367,1.02591
0.983493,0.00933888,0.993104
0.972816,0.0113282,0.984412
0.991505,0.0047037,0.996475
0.991163,0.013352,1.00479
0.955888,0.00946557,0.965652
0.958562,0.0129717,0.97182
27 threads per task
0.958297,0.0116832,0.970249
0.982042,0.0142332,0.996558
1.08782,0.014231,1.10232
0.957677,0.00469766,0.96264
0.956584,0.009675,0.966533
0.984446,0.0106108,0.995326
0.982218,0.0115226,0.994009
0.95742,0.0105086,0.968202
0.960702,0.00523644,0.966209
1.00999,0.00482419,1.01509
0.99054,0.0085416,0.999351
0.959177,0.00737993,0.966825
0.976515,0.0127775,0.989565
0.998286,0.00472194,1.00328
0.971616,0.0107747,0.982667
0.954134,0.0113645,0.965774
0.983226,0.0119244,0.995436
0.964861,0.00753942,0.972693
0.957775,0.0131797,0.971249
0.954424,0.0128741,0.967571
1.0086,0.0121087,1.021
0.998852,0.0115266,1.01065
1.01349,0.00686932,1.02063
0.984898,0.0128956,0.998072
0.987767,0.010747,0.998791
0.993739,0.0136482,1.00766
0.956732,0.00851925,0.965525
0.958576,0.0144918,0.973337
0.975265,0.00499078,0.98053
0.982589,0.0132047,0.996068
1.01681,0.00493537,1.02202
0.953468,0.00705043,0.96081
0.989223,0.0112439,1.00074
0.977428,0.0102279,0.987925
0.9933,0.01257,1.00613
1.01447,0.0119006,1.02664
0.987228,0.0119029,0.999402
1.00647,0.00989497,1.01667
0.964758,0.0127788,0.977814
0.95469,0.00538549,0.960347
1.00362,0.0138488,1.01775
0.957962,0.0114381,0.969692
0.976838,0.0117552,0.988873
0.966367,0.00857018,0.975205
0.991598,0.00593601,0.997799
1.0022,0.0101088,1.0126
0.988015,0.0108786,0.999167
0.968874,0.011193,0.98035
0.985227,0.0132507,0.998746
0.987981,0.00474861,0.993
1.00784,0.0130386,1.02116
28 threads per task
0.982529,0.010266,0.993063
0.977704,0.0132172,0.991198
0.98496,0.0142033,0.99945
0.95701,0.0122866,0.969571
1.00219,0.0140069,1.01647
0.977903,0.011153,0.989338
1.00111,0.00774088,1.00914
0.974609,0.0120529,0.986942
0.992208,0.0141585,1.00664
0.976142,0.00482527,0.98124
0.96132,0.00510093,0.966692
0.975907,0.00461201,0.980792
0.991062,0.00534968,0.996683
0.989326,0.0143113,1.00393
0.959246,0.00480497,0.964323
0.959636,0.00581378,0.965721
0.957463,0.00496527,0.962702
1.01075,0.00980715,1.02085
0.974321,0.00457612,0.979162
0.964772,0.00463992,0.969685
0.95735,0.00460007,0.962224
0.951821,0.00651313,0.958609
0.998106,0.00479954,1.00318
0.962553,0.00552948,0.968357
0.966861,0.00456754,0.971705
0.961529,0.0103185,0.97212
0.957062,0.0133575,0.97069
0.957113,0.00676406,0.964156
0.972214,0.0144496,0.986937
0.98674,0.00879004,0.9958
0.955477,0.0144749,0.970226
0.975845,0.00664336,0.982787
0.973993,0.0100779,0.984337
0.97809,0.0121504,0.990514
0.962374,0.0135255,0.976173
0.957208,0.00579919,0.963284
0.954563,0.0132149,0.96805
0.986945,0.0111112,0.99833
0.998206,0.00682138,1.0053
0.954076,0.012852,0.967203
0.989214,0.0123975,1.00188
0.977676,0.00856848,0.986514
0.986684,0.013237,1.00019
0.996901,0.00909069,1.00626
0.985008,0.00466875,0.98995
0.980892,0.00474738,0.985915
0.965068,0.0101189,0.975465
0.957433,0.0104939,0.968195
0.983606,0.0125985,0.99648
0.972683,0.0103928,0.983352
0.955178,0.011017,0.966463
29 threads per task
0.975468,0.00951624,0.985263
0.979605,0.0116696,0.99155
0.987891,0.00527878,0.993444
0.990945,0.00964696,1.00087
0.972572,0.0135589,0.986401
0.987366,0.0099199,0.997558
0.959726,0.00696772,0.966984
0.996504,0.00540982,1.00218
1.00195,0.00684916,1.00907
0.998082,0.00501233,1.00336
0.989431,0.0111315,1.00084
0.955365,0.0116776,0.96731
0.98829,0.0134743,1.00204
0.961648,0.0126922,0.974606
1.00192,0.0145413,1.01673
0.953795,0.0106039,0.964666
0.964571,0.0139539,0.978813
0.959568,0.00934072,0.969193
0.997718,0.0108384,1.00882
0.98483,0.00913361,0.99423
0.978989,0.0136431,0.992912
1.01236,0.00893332,1.02157
0.964601,0.0125542,0.977437
0.960354,0.00518789,0.965808
0.956923,0.0046305,0.961864
0.982426,0.0099312,0.992643
1.01024,0.01304,1.02356
0.974217,0.0122,0.986692
0.960823,0.00927112,0.970374
0.992885,0.0143818,1.00755
0.975861,0.010822,0.986977
0.957238,0.0106234,0.968127
1.018,0.00445988,1.02273
0.969873,0.00916131,0.97931
0.954874,0.00952584,0.964668
0.955987,0.0149189,0.971182
0.989034,0.00817687,0.997485
0.971576,0.0111042,0.982961
0.9814,0.0078896,0.989561
0.96191,0.00601966,0.968197
0.971156,0.0127525,0.98419
0.972376,0.0064264,0.979072
0.987583,0.0145979,1.00245
0.958278,0.00516824,0.963722
0.977657,0.00736181,0.985293
1.03092,0.0128935,1.04408
0.99881,0.0142258,1.0133
1.00079,0.0139757,1.01504
1.01364,0.00834432,1.02228
0.974014,0.0045173,0.978809
0.987677,0.00633979,0.99431
30 threads per task
0.959158,0.0102379,0.969667
0.980589,0.00931242,0.990165
0.952446,0.0136788,0.966411
0.993659,0.00921496,1.00314
0.955809,0.00805244,0.964132
1.01378,0.011695,1.02577
1.02811,0.0112257,1.03961
0.988008,0.00527923,0.993561
0.988367,0.0112589,0.999896
0.986822,0.0145969,1.0017
0.959057,0.0139157,0.97325
0.985885,0.00549606,0.99165
0.989552,0.00529127,0.995115
0.957598,0.00927141,0.967141
0.972715,0.00542705,0.978424
0.958057,0.00541848,0.963746
0.979219,0.010819,0.990309
0.959122,0.00912765,0.968519
0.9778,0.0128871,0.990968
0.962404,0.00983506,0.972515
0.986916,0.00466146,0.991851
1.01701,0.0148239,1.03212
0.956537,0.0134265,0.970245
0.959786,0.0134714,0.973556
0.981663,0.0128244,0.994758
1.01015,0.00795772,1.01838
0.974642,0.00993884,0.98485
0.957361,0.0100647,0.967698
1.01198,0.0109906,1.02323
0.959381,0.00726071,0.966916
0.980306,0.0110646,0.991639
0.97941,0.0145921,0.994276
0.960177,0.0113937,0.971847
0.976689,0.0099256,0.986886
0.962151,0.00807229,0.970497
0.960518,0.00454518,0.965331
0.98337,0.0149141,0.998554
0.98244,0.00633686,0.98906
0.995051,0.0142075,1.00954
0.95707,0.00445605,0.961797
0.965546,0.0062849,0.972102
0.960146,0.011504,0.971925
0.977121,0.0123134,0.989722
1.00718,0.0144406,1.02189
0.978782,0.013101,0.992162
0.975848,0.00887786,0.984996
1.00019,0.0110149,1.01149
0.972181,0.0144657,0.986922
0.982456,0.00518096,0.987923
1.0089,0.0143377,1.02351
1.0039,0.00984476,1.01402
31 threads per task
0.972265,0.00441351,0.976947
0.981121,0.00804541,0.989461
0.974972,0.0137195,0.988964
0.990109,0.00944651,0.999824
0.958421,0.0112789,0.96998
0.983071,0.00856748,0.991932
0.95978,0.0143367,0.974389
0.979,0.0147853,0.994062
0.99141,0.0125488,1.00423
0.975204,0.0155201,0.990998
0.97187,0.00991892,0.982065
1.00787,0.00978246,1.01795
0.967212,0.00679117,0.974268
0.962561,0.00985664,0.972684
0.961689,0.00529224,0.967275
0.993106,0.0117622,1.00515
1.00148,0.011944,1.01369
0.981951,0.0135908,0.995837
0.959804,0.00513151,0.965201
0.962307,0.00699925,0.969577
0.97525,0.0095021,0.985023
0.957184,0.0141142,0.971594
0.98744,0.00784796,0.995559
0.957075,0.0103842,0.967734
0.972797,0.0152957,0.988361
0.990567,0.00946399,1.00031
0.997673,0.00939622,1.00734
0.97698,0.00786739,0.985123
0.962674,0.0134971,0.97644
0.962794,0.0144763,0.977546
0.971209,0.00811635,0.979622
1.01315,0.00510394,1.01853
0.971865,0.0145487,0.98669
0.993896,0.0142237,1.00839
0.967353,0.00907125,0.976693
1.01851,0.00512455,1.0239
0.968365,0.0109326,0.979569
0.974578,0.00904342,0.983896
1.00066,0.011677,1.01262
1.01159,0.0114545,1.02331
0.986848,0.00589552,0.993016
0.959448,0.00515052,0.964873
0.979725,0.0149084,0.994913
0.964297,0.00447288,0.969046
0.957659,0.0089299,0.966861
0.970972,0.0140773,0.985322
0.984036,0.00443558,0.988766
0.976851,0.0103304,0.987455
0.97284,0.0107973,0.98391
0.987382,0.0140088,1.00166
0.985333,0.00519968,0.99081
32 threads per task
0.961535,0.00859926,0.970405
0.975867,0.0106773,0.986819
0.952975,0.00703005,0.960273
0.982021,0.00498074,0.987275
0.962191,0.00502248,0.967483
0.971463,0.00466197,0.976399
0.978568,0.00487857,0.983721
0.960171,0.0150072,0.975441
0.97488,0.00504138,0.980193
0.976451,0.0107497,0.987477
0.953606,0.0126269,0.966506
0.986143,0.0121898,0.998605
0.974615,0.00765017,0.982533
0.957141,0.00689876,0.964313
0.982148,0.00955887,0.99198
1.00006,0.0100754,1.0104
0.9609,0.00573369,0.96695
0.965211,0.00765733,0.973141
0.957364,0.0150895,0.972743
0.971859,0.0109176,0.983044
0.993262,0.00578438,0.99932
0.991338,0.0146544,1.00627
1.01103,0.0147811,1.02608
0.989078,0.0118058,1.00117
1.01602,0.0096929,1.026
0.973361,0.00919526,0.982822
0.98565,0.0107588,0.996711
0.954835,0.0120188,0.967167
0.986027,0.0099703,0.99629
0.977387,0.00686863,0.984539
0.98963,0.00944385,0.999376
0.957687,0.00604982,0.964016
0.983399,0.00875386,0.992425
0.969147,0.0112675,0.980684
0.959164,0.0144463,0.973875
0.976308,0.0107654,0.987338
0.974856,0.0103584,0.98548
0.976578,0.0128354,0.989686
0.973869,0.0106317,0.98478
0.97532,0.0119992,0.987604
1.00918,0.0105722,1.02005
0.979173,0.014695,0.994163
0.97312,0.00803871,0.981433
0.95615,0.0123553,0.968787
0.973541,0.00785047,0.981694
1.01479,0.0077016,1.02278
0.957757,0.00810456,0.96616
0.988399,0.00504581,0.993732
0.972546,0.0126183,0.985436
0.961126,0.00947772,0.970872
0.976002,0.0105948,0.986877
task end
