1 threads per task
6.78011,0.110875,6.89149
3.92929,0.11093,4.04062
3.97755,0.111224,4.0892
3.87232,0.110763,3.98357
3.89279,0.110708,4.00393
3.95115,0.111004,4.0626
3.88533,0.110809,3.99664
3.97778,0.112572,4.09078
3.90594,0.110734,4.01709
4.0215,0.1107,4.13261
3.87134,0.110989,3.98284
3.8759,0.110836,3.98723
3.88988,0.110648,4.00101
3.9867,0.110773,4.09796
3.84552,0.110564,3.95657
3.93322,0.111117,4.04479
4.1308,0.110733,4.24201
3.85969,0.11066,3.97075
3.94047,0.111325,4.05232
3.86914,0.11071,3.9803
3.94773,0.110987,4.05913
3.95058,0.111011,4.06208
4.03653,0.111619,4.14863
3.83236,0.110621,3.94347
3.94456,0.111106,4.05616
3.88119,0.110839,3.99253
3.91129,0.110907,4.02263
3.91699,0.11085,4.02826
3.92841,0.110828,4.03972
3.82382,0.110526,3.93483
4.05463,0.110749,4.16589
4.02686,0.110799,4.13807
3.87386,0.110718,3.98506
3.93296,0.110978,4.0444
3.86239,0.110731,3.97363
3.89094,0.110808,4.00223
4.01073,0.110677,4.12182
3.84409,0.11069,3.95529
3.85525,0.11067,3.96644
3.8621,0.110728,3.97333
4.05459,0.110888,4.16597
3.95106,0.110993,4.06255
3.85501,0.110755,3.96625
3.96208,0.111027,4.07357
3.9183,0.110881,4.02969
3.96837,0.111275,4.08008
3.95858,0.111677,4.07075
3.92766,0.111842,4.03998
3.84552,0.11077,3.95678
3.95564,0.110941,4.06704
4.02579,0.110722,4.13692
2 threads per task
3.89326,0.111,4.00475
3.84204,0.111136,3.95366
4.00663,0.111264,4.11832
4.00407,0.111269,4.11584
3.83704,0.11404,3.95154
4.03264,0.111199,4.14432
3.97309,0.111671,4.0852
3.90751,0.11108,4.01903
3.96007,0.111203,4.07179
4.06554,0.111276,4.1773
3.91955,0.110985,4.03102
3.92385,0.111082,4.03534
3.96182,0.111578,4.07389
3.84443,0.110844,3.95576
3.86919,0.11089,3.98052
3.86937,0.110796,3.98064
4.16102,0.111103,4.27253
3.94114,0.111302,4.05293
3.96213,0.111137,4.07377
3.96098,0.111318,4.07278
3.82824,0.111074,3.93981
3.8352,0.111115,3.94681
3.93596,0.111262,4.04763
4.07623,0.111075,4.18778
3.85098,0.112859,3.96432
3.86082,0.110917,3.97222
3.86141,0.111078,3.97293
3.91932,0.111029,4.03085
3.88713,0.110997,3.99863
3.83564,0.111034,3.9471
4.02462,0.111185,4.13629
3.84375,0.111137,3.95538
3.92306,0.111088,4.03457
3.92925,0.111376,4.04113
3.96493,0.1114,4.07682
3.87666,0.111188,3.98831
3.83031,0.111023,3.94178
4.06167,0.111159,4.17324
3.88811,0.111013,3.99954
4.04025,0.111179,4.15185
3.96557,0.111371,4.07735
3.85231,0.110893,3.96372
3.92765,0.111203,4.03929
4.00337,0.111134,4.115
3.92876,0.111432,4.04062
3.96599,0.111349,4.07783
3.91468,0.111004,4.02609
3.93387,0.111218,4.04558
3.87133,0.111446,3.98322
4.00325,0.111253,4.11492
3.84619,0.110921,3.95761
3 threads per task
3.88149,0.111042,3.99305
3.94479,0.111389,4.0566
3.83221,0.111033,3.94372
3.88263,0.111112,3.99416
3.8553,0.111091,3.96682
3.90913,0.111158,4.02078
4.14643,0.110958,4.25791
4.12835,0.111097,4.23995
3.92042,0.111017,4.03184
3.84637,0.111021,3.95787
3.98021,0.115023,4.0958
3.98949,0.111173,4.10107
3.85953,0.11083,3.97077
3.88082,0.11103,3.99226
3.89742,0.111257,4.00911
4.04468,0.111059,4.15614
3.85145,0.110994,3.96292
3.91902,0.111429,4.03093
3.9636,0.111275,4.07529
3.97503,0.111542,4.08706
3.85636,0.110971,3.96776
3.91848,0.110901,4.02979
3.91841,0.110983,4.02987
3.92301,0.111036,4.03453
3.91101,0.111355,4.02286
3.87852,0.111271,3.9902
3.86713,0.111085,3.97863
3.8793,0.111084,3.99088
3.92197,0.110935,4.0334
3.9181,0.111135,4.02964
3.84537,0.111097,3.95695
3.88713,0.11126,3.9989
3.89114,0.111075,4.00271
3.89378,0.111102,4.00536
3.86604,0.111221,3.97767
4.21964,0.111131,4.33126
3.87337,0.111055,3.98493
3.91908,0.111208,4.03077
4.1398,0.111279,4.25156
3.9127,0.111091,4.0242
3.94785,0.111227,4.05949
3.86408,0.110985,3.97558
3.96019,0.111188,4.07188
3.84517,0.110959,3.95654
3.99637,0.111054,4.10786
4.01975,0.11121,4.13139
3.83703,0.111196,3.94872
4.02863,0.110946,4.14006
3.86916,0.110942,3.9806
3.87864,0.111218,3.99033
3.87529,0.111019,3.9868
4 threads per task
3.84418,0.111074,3.95569
3.8444,0.111026,3.95585
3.92375,0.111012,4.03525
3.90988,0.111139,4.0215
3.83877,0.111504,3.95077
3.85205,0.111305,3.96377
3.94969,0.110955,4.06113
3.90629,0.111153,4.01788
3.83449,0.111933,3.94693
3.9454,0.111094,4.05691
3.87797,0.111125,3.98958
3.89481,0.111118,4.00642
3.93104,0.111121,4.04265
3.87611,0.111215,3.98773
3.87651,0.110951,3.98796
3.87419,0.111021,3.98564
3.94663,0.1111,4.05822
3.86598,0.111077,3.97755
3.84343,0.111287,3.95521
3.88315,0.111983,3.99564
3.90436,0.11136,4.01613
3.83507,0.111073,3.94662
3.95226,0.111038,4.06374
3.88063,0.111206,3.99225
3.91219,0.111126,4.02382
3.84283,0.111291,3.95461
3.8327,0.11132,3.94444
3.9777,0.111337,4.08945
4.04914,0.111191,4.1608
3.9267,0.111257,4.03845
3.94657,0.111015,4.05807
3.81877,0.11111,3.93037
3.9562,0.111295,4.06792
3.95477,0.111145,4.0664
3.87977,0.111222,3.99144
3.96564,0.111295,4.07736
3.94191,0.111529,4.05386
3.92894,0.11105,4.0404
3.84928,0.111188,3.96099
3.92239,0.110898,4.03377
3.9839,0.111234,4.09562
4.03525,0.110981,4.14672
3.85268,0.111091,3.96422
3.94514,0.111122,4.05678
3.83982,0.111527,3.95183
4.01513,0.111032,4.12658
3.86778,0.111022,3.97929
4.17253,0.111211,4.28419
3.82368,0.111078,3.93525
3.92538,0.111141,4.03704
3.85099,0.110972,3.96238
5 threads per task
3.86104,0.111119,3.97264
3.92786,0.111146,4.03942
4.03067,0.111156,4.14225
3.91864,0.111418,4.03048
3.83257,0.111359,3.94444
3.96744,0.111501,4.07944
3.96317,0.111287,4.07496
3.85415,0.111134,3.96578
3.92834,0.111193,4.04001
3.83726,0.111059,3.94874
3.94578,0.111092,4.05743
3.94173,0.111235,4.05338
3.85605,0.111095,3.96764
4.00802,0.111334,4.11985
3.88155,0.111248,3.99329
3.84784,0.110974,3.95923
3.91977,0.111242,4.03149
4.04614,0.11118,4.15773
4.00851,0.111197,4.12013
3.95121,0.111037,4.06272
3.91527,0.11138,4.02709
4.01864,0.111026,4.13016
3.96533,0.111472,4.07722
4.04757,0.111058,4.15904
3.95359,0.111263,4.06536
3.84008,0.110879,3.95137
3.92281,0.111038,4.03432
3.89618,0.110974,4.00765
3.91271,0.111004,4.02421
3.91402,0.111204,4.02568
3.86912,0.110993,3.98063
3.91949,0.11121,4.0312
3.96038,0.111658,4.07256
3.83981,0.111071,3.95136
4.02039,0.111173,4.132
3.85156,0.114042,3.9661
3.96446,0.111448,4.07641
3.86793,0.111714,3.98007
3.9532,0.111218,4.06486
3.83518,0.111231,3.94683
3.83369,0.111039,3.94522
3.91844,0.111063,4.02999
3.85368,0.111132,3.96532
4.11153,0.111185,4.22319
3.9242,0.111099,4.03579
3.89576,0.110969,4.00722
3.92661,0.111287,4.03838
3.92383,0.111186,4.03551
3.86628,0.111141,3.97785
3.97638,0.111555,4.08842
4.06883,0.111231,4.18047
6 threads per task
3.91333,0.111172,4.02503
3.89216,0.111003,4.00366
3.95778,0.11113,4.06932
3.92366,0.111234,4.03538
3.87323,0.111325,3.98507
3.86336,0.111028,3.97481
3.92096,0.111079,4.03253
3.87062,0.111001,3.98204
3.84114,0.11121,3.95277
3.84078,0.111908,3.95318
4.01173,0.111355,4.12357
4.05396,0.111098,4.16555
4.07941,0.111121,4.19106
3.84635,0.11088,3.95766
3.91729,0.111191,4.02899
3.84522,0.111002,3.95673
3.87806,0.111284,3.98983
3.88271,0.111189,3.99438
3.88312,0.111141,3.99469
3.8474,0.11108,3.95894
3.85248,0.111092,3.96406
3.83453,0.111225,3.94624
3.98319,0.111306,4.095
4.01399,0.111088,4.12555
3.86963,0.111278,3.9814
3.91568,0.111169,4.02734
3.90997,0.111107,4.02148
3.91159,0.112039,4.02406
3.84274,0.11122,3.95438
3.90247,0.111336,4.01425
3.95543,0.111196,4.0671
4.04717,0.11124,4.15892
3.95145,0.111094,4.06307
3.82863,0.111154,3.94019
4.01821,0.111416,4.13014
3.84279,0.111153,3.95443
4.06896,0.111277,4.18069
3.95798,0.111133,4.06953
4.05941,0.111148,4.17104
3.86542,0.111173,3.97702
3.96794,0.111587,4.08002
3.86807,0.111195,3.97972
3.94399,0.111395,4.05587
3.84361,0.111176,3.95528
3.96211,0.111307,4.07383
3.90789,0.111205,4.01951
4.02982,0.115,4.14524
3.9208,0.111207,4.03242
3.84691,0.111111,3.95843
3.9663,0.111522,4.07831
3.92474,0.111768,4.037
7 threads per task
3.98895,0.111304,4.10074
3.9215,0.111256,4.03316
3.97185,0.111448,4.08378
3.8455,0.111321,3.95725
3.89143,0.111113,4.00307
3.86564,0.111109,3.97716
3.88804,0.11122,3.99975
3.92836,0.11129,4.04018
3.88081,0.111248,3.99255
3.85047,0.110964,3.96196
3.87749,0.111096,3.98909
3.89598,0.111223,4.0077
3.87271,0.110972,3.98409
3.90706,0.111276,4.01879
3.84024,0.11119,3.95194
3.92573,0.111053,4.03727
3.92965,0.111062,4.0412
4.0212,0.111521,4.13322
3.92622,0.111033,4.03768
3.85752,0.111056,3.96907
3.86676,0.111075,3.97825
3.85465,0.11112,3.96618
3.92683,0.111349,4.03866
3.8137,0.11133,3.92553
3.83224,0.111199,3.94395
3.86083,0.111202,3.97245
3.92473,0.111039,4.0362
3.95562,0.111346,4.06745
3.95371,0.111318,4.06553
3.95539,0.111177,4.06709
3.85338,0.110993,3.96485
3.92562,0.111324,4.03736
3.85308,0.114578,3.96816
3.88235,0.111102,3.99396
4.0165,0.111148,4.1281
3.92119,0.111099,4.03279
3.84465,0.111195,3.95626
4.05528,0.114571,4.17037
3.92481,0.110982,4.03629
3.84475,0.111409,3.95665
3.94667,0.111101,4.05818
3.83777,0.111452,3.94964
3.97883,0.111738,4.09107
3.86778,0.11127,3.97956
3.84699,0.111261,3.95874
3.82915,0.111099,3.94068
3.84612,0.110999,3.95763
3.8643,0.1111,3.97583
3.94646,0.111385,4.05837
3.92724,0.111239,4.03899
3.86303,0.111208,3.97466
8 threads per task
3.90999,0.111,4.02148
3.92175,0.111233,4.03346
3.9475,0.111215,4.05913
3.96228,0.111051,4.07382
3.99901,0.11122,4.11071
3.87918,0.111166,3.99086
3.92037,0.111216,4.0321
3.95154,0.111243,4.06327
3.89755,0.111124,4.00917
3.92626,0.111248,4.03802
3.85964,0.111099,3.97116
3.91768,0.111206,4.02937
3.96478,0.111142,4.07641
4.05833,0.111298,4.17014
3.86818,0.111227,3.97992
3.90022,0.111166,4.01183
3.8542,0.111125,3.96576
3.92566,0.11121,4.03728
3.93881,0.112506,4.05174
3.95648,0.111079,4.06799
3.95722,0.111023,4.06875
3.95343,0.111107,4.06507
3.86763,0.111267,3.97934
3.84614,0.110976,3.95762
3.88349,0.111119,3.99506
3.85367,0.111256,3.96542
4.16231,0.111228,4.27404
3.95705,0.111255,4.06879
3.91186,0.11123,4.02351
3.85587,0.111074,3.96744
3.91797,0.111013,4.02947
3.90727,0.111149,4.01884
3.86751,0.111261,3.97919
3.94092,0.111007,4.05241
3.91854,0.11128,4.03023
3.96461,0.111106,4.0762
3.91622,0.111225,4.02795
3.96628,0.111578,4.07836
3.95835,0.111166,4.07005
3.96411,0.111042,4.07565
3.84524,0.111065,3.95674
3.9365,0.111263,4.0482
4.02397,0.111506,4.13597
3.9491,0.112034,4.06167
4.01324,0.111432,4.12511
3.92632,0.111296,4.03805
3.84993,0.111159,3.9615
3.96386,0.11098,4.07532
3.98418,0.11116,4.09585
3.90198,0.111192,4.01367
3.90142,0.111168,4.01311
9 threads per task
3.98226,0.111328,4.09402
3.90795,0.111438,4.01987
3.82359,0.111356,3.93535
3.8489,0.111223,3.96053
3.91263,0.111251,4.02431
3.84146,0.111134,3.95309
3.90213,0.111204,4.01377
3.85536,0.11098,3.96682
3.91387,0.111316,4.02568
3.95992,0.111223,4.07164
3.86514,0.111185,3.97684
3.85315,0.110983,3.96463
3.91782,0.111289,4.0296
3.92591,0.111306,4.03764
3.921,0.111201,4.03262
3.82629,0.110927,3.93764
3.9192,0.111284,4.0309
3.94735,0.11119,4.05907
3.9328,0.111049,4.04427
3.89856,0.111357,4.01033
4.02666,0.11105,4.13821
3.94489,0.11122,4.05654
4.03109,0.111326,4.1429
3.94566,0.111374,4.05755
3.84771,0.111092,3.95922
3.88039,0.111031,3.99183
3.84872,0.111499,3.96072
3.87762,0.111546,3.98966
3.94357,0.111125,4.05511
3.8845,0.111222,3.99617
3.92083,0.111099,4.03234
3.88882,0.111523,4.00083
4.01838,0.111329,4.13019
3.92726,0.111039,4.03881
3.84761,0.111043,3.95907
3.988,0.111456,4.09988
3.8508,0.111099,3.96239
3.94666,0.111597,4.05875
3.90673,0.111144,4.01837
3.87965,0.111193,3.99133
3.9162,0.111215,4.02793
3.9101,0.111121,4.02164
3.86318,0.111046,3.97472
3.95955,0.111163,4.0712
3.95753,0.111189,4.06921
3.86102,0.111134,3.97265
4.05837,0.111247,4.17005
3.91079,0.111128,4.02241
3.87584,0.111364,3.9877
3.84695,0.111077,3.95853
3.85735,0.111032,3.96889
10 threads per task
3.85499,0.111125,3.96652
4.01882,0.111371,4.1306
3.87638,0.111148,3.98796
3.92849,0.111164,4.04015
3.91967,0.111283,4.03144
3.88419,0.111103,3.99576
3.91031,0.111378,4.02218
3.83097,0.113944,3.94541
3.958,0.111312,4.06974
3.9188,0.113286,4.03252
3.9078,0.111207,4.0195
3.87549,0.111121,3.9871
3.86021,0.114189,3.97493
3.92926,0.112625,4.04239
3.85053,0.11104,3.96207
3.92012,0.111011,4.03155
3.9619,0.111284,4.07369
3.89012,0.111508,4.00204
3.92541,0.111462,4.03728
3.88081,0.11115,3.99245
4.02386,0.111173,4.13553
3.92415,0.111144,4.0358
3.91361,0.111477,4.02558
3.93693,0.11107,4.04842
4.05284,0.112038,4.16529
3.8737,0.1113,3.98541
3.85358,0.111159,3.96514
3.90616,0.111218,4.01788
3.98587,0.111278,4.09756
3.91039,0.113144,4.02406
3.84726,0.111174,3.95893
3.91968,0.11119,4.03135
3.94907,0.111063,4.06063
3.90856,0.111325,4.0203
3.92432,0.111654,4.03649
3.92497,0.111331,4.0368
4.04536,0.111357,4.15724
3.94233,0.111169,4.05399
3.93257,0.111041,4.04412
3.96751,0.114816,4.08278
3.95724,0.111369,4.06912
3.89525,0.114365,4.01006
3.91384,0.111283,4.02554
3.85456,0.111342,3.9664
3.89952,0.114736,4.01467
3.84889,0.111256,3.96064
3.88042,0.11114,3.99202
3.90731,0.111083,4.01882
3.92124,0.11127,4.03302
3.95073,0.11127,4.06249
3.8351,0.111128,3.94672
11 threads per task
3.85302,0.112003,3.96551
3.9069,0.111201,4.01852
3.94797,0.111329,4.05979
3.93367,0.111361,4.04552
3.94551,0.111101,4.05703
3.88136,0.111501,3.9933
3.85121,0.111162,3.96287
3.92731,0.11117,4.03893
4.01888,0.111334,4.13071
3.93333,0.111087,4.04485
3.96437,0.111191,4.07598
4.0274,0.111728,4.13965
3.83323,0.111243,3.945
3.90467,0.111206,4.01636
3.92291,0.111132,4.03446
3.95552,0.111188,4.06724
3.9014,0.111086,4.01301
3.89297,0.111602,4.00506
3.96387,0.111422,4.07574
3.93014,0.111348,4.04192
4.06068,0.111311,4.17248
3.84305,0.111336,3.95488
3.96722,0.111098,4.07883
3.86129,0.111702,3.97351
3.84883,0.111208,3.96053
3.94477,0.111222,4.05649
3.90096,0.111286,4.01269
3.95629,0.111307,4.06809
3.91247,0.111715,4.0247
3.90632,0.111223,4.01806
3.91351,0.111087,4.02509
3.85767,0.11124,3.96941
3.93837,0.111249,4.0501
3.90475,0.11149,4.01666
3.88203,0.111382,3.99383
3.96819,0.111368,4.07998
3.95447,0.111545,4.06652
3.83143,0.111049,3.94297
3.83852,0.111301,3.95032
3.96842,0.111137,4.08007
4.01864,0.111214,4.13031
3.86618,0.111229,3.97792
3.84168,0.111187,3.95336
3.86038,0.111287,3.97211
3.82177,0.111433,3.93361
3.9439,0.111029,4.05534
4.03089,0.11126,4.14264
3.95965,0.111214,4.07135
3.84311,0.111117,3.9547
3.92467,0.111303,4.03647
3.95108,0.111153,4.0627
12 threads per task
3.9491,0.11123,4.06074
3.86196,0.111682,3.97406
3.93304,0.111252,4.04478
3.95898,0.111163,4.07057
3.95612,0.111164,4.06779
3.92763,0.111319,4.03944
3.94679,0.111367,4.05859
3.85136,0.111096,3.96294
4.04275,0.11152,4.15468
3.92733,0.111241,4.03899
3.88563,0.111361,3.99748
3.92863,0.111112,4.04015
4.03157,0.111661,4.14372
3.90442,0.111129,4.01597
3.82435,0.111144,3.93599
3.8588,0.111584,3.97081
3.87911,0.111228,3.99085
3.89308,0.111386,4.00497
3.96713,0.1112,4.07875
3.84084,0.111447,3.95277
3.84674,0.111297,3.95853
3.83408,0.11127,3.94586
3.82421,0.11106,3.93578
3.86738,0.11119,3.9791
3.90848,0.111277,4.0202
3.895,0.111325,4.00675
3.93492,0.111335,4.04674
3.93817,0.111406,4.04999
3.90552,0.111386,4.0174
3.84503,0.111138,3.95666
3.86866,0.111338,3.98042
3.98169,0.111773,4.09394
3.90895,0.111458,4.02084
3.91241,0.111404,4.02427
3.86559,0.111208,3.97722
3.94291,0.111349,4.05468
3.97482,0.111365,4.08661
3.96354,0.1113,4.07526
3.9237,0.112795,4.03699
3.84126,0.111237,3.95301
3.8794,0.111224,3.99113
3.97775,0.11167,4.08991
3.86137,0.111194,3.97309
3.83788,0.111294,3.94966
3.86236,0.111155,3.97393
3.94887,0.111269,4.06063
3.8626,0.111306,3.97439
3.84908,0.11137,3.96096
3.8342,0.111175,3.94588
4.09435,0.111432,4.20621
4.01848,0.11117,4.13006
13 threads per task
4.00107,0.111541,4.11306
3.88488,0.111353,3.99672
4.03903,0.111324,4.15084
3.96215,0.111209,4.07387
3.93077,0.111186,4.04238
3.84002,0.111568,3.95209
3.95005,0.111396,4.06186
3.86279,0.111208,3.97448
3.94578,0.111357,4.05763
3.87729,0.111089,3.9889
3.88568,0.111405,3.99757
3.99272,0.111959,4.10516
3.92294,0.111261,4.03469
3.98785,0.115036,4.10338
3.8683,0.111166,3.9799
3.9269,0.111223,4.03862
3.84563,0.114419,3.96048
3.83533,0.111332,3.94718
4.02118,0.111293,4.1329
4.0048,0.111596,4.11688
3.88014,0.111368,3.99202
3.90768,0.111282,4.01945
3.97377,0.111889,4.08616
3.9119,0.111434,4.02382
3.82075,0.111621,3.93287
3.82814,0.111272,3.93982
3.92039,0.111236,4.03204
3.87585,0.111231,3.98749
3.86683,0.111476,3.97872
3.83696,0.111349,3.94881
3.83562,0.111495,3.94761
4.02825,0.111448,4.14014
3.86473,0.111308,3.97646
3.91442,0.111282,4.02623
3.84764,0.111292,3.95941
4.08357,0.111373,4.19545
4.03085,0.111411,4.14274
3.90687,0.11137,4.01866
3.86447,0.111294,3.97629
3.92205,0.111122,4.03366
3.88702,0.111341,3.99885
4.03023,0.111733,4.14241
3.86509,0.111189,3.9768
3.9584,0.11118,4.07011
3.96796,0.111389,4.07984
3.9028,0.111284,4.0145
3.93758,0.111114,4.04912
3.87242,0.111176,3.98408
4.05061,0.114766,4.16587
3.96424,0.11109,4.07583
3.93738,0.114467,4.05238
14 threads per task
4.04217,0.111794,4.15447
3.81908,0.11127,3.93076
3.96379,0.112146,4.07644
3.92495,0.11161,4.03706
3.95713,0.111416,4.06896
3.84578,0.111125,3.9574
4.02507,0.111659,4.13721
3.8494,0.111334,3.96121
3.923,0.111368,4.03486
3.87346,0.111059,3.98498
3.93005,0.111234,4.04177
3.862,0.111217,3.97371
3.99109,0.111342,4.10295
3.95994,0.111447,4.07188
3.96475,0.111344,4.0765
3.85351,0.111309,3.96525
3.9558,0.11114,4.06736
3.95531,0.111418,4.06724
3.9324,0.111141,4.04397
4.04713,0.112151,4.15979
4.03553,0.111629,4.14765
3.94645,0.111437,4.05835
4.01333,0.111229,4.12498
3.91826,0.111512,4.03021
3.95398,0.111419,4.06589
3.85139,0.111137,3.96294
3.92885,0.111286,4.04063
3.95522,0.11128,4.06693
3.84356,0.111475,3.95553
3.87617,0.111192,3.98781
3.91974,0.111242,4.03139
3.90652,0.111314,4.01829
4.08569,0.111359,4.19754
3.95111,0.1111,4.06262
3.8683,0.111356,3.98009
3.95578,0.111557,4.06783
3.94147,0.111546,4.05354
3.97014,0.111347,4.08199
4.0615,0.111253,4.17328
3.90562,0.11125,4.01736
3.95932,0.111158,4.07093
3.88466,0.111407,3.99656
3.88056,0.111315,3.99229
3.95321,0.11106,4.06476
3.86121,0.111242,3.97297
3.92072,0.111264,4.03248
4.13801,0.111437,4.24993
3.8737,0.111267,3.98546
3.87829,0.111304,3.9901
3.9585,0.111463,4.07045
3.86436,0.111262,3.97608
15 threads per task
3.84935,0.111171,3.96101
3.84563,0.111271,3.9574
3.84826,0.111319,3.96
3.86136,0.111259,3.97313
3.88357,0.113793,3.99786
3.84914,0.114461,3.96412
3.93758,0.111194,4.04919
3.89065,0.114793,4.00587
3.93333,0.111213,4.04506
3.91154,0.111387,4.02338
3.87716,0.111289,3.98896
3.86114,0.111297,3.97287
3.94792,0.111217,4.05954
3.91943,0.111353,4.03128
3.90244,0.111315,4.01418
3.84673,0.111409,3.95861
3.83935,0.111159,3.95096
3.92359,0.11154,4.03562
3.92397,0.111242,4.0357
3.94773,0.111166,4.05939
3.98464,0.112152,4.09729
3.87735,0.111211,3.98898
3.92776,0.111262,4.03952
3.89094,0.111192,4.00254
3.90535,0.111132,4.01693
3.88483,0.111075,3.99639
3.92528,0.111376,4.03717
3.91865,0.111007,4.03015
3.92914,0.111323,4.04096
3.84512,0.111651,3.95729
3.93417,0.111297,4.04599
3.88036,0.111114,3.99195
3.84904,0.111438,3.96089
3.8449,0.111116,3.95646
3.84548,0.111371,3.95734
3.91788,0.111469,4.02984
3.82592,0.111265,3.93759
3.8938,0.111061,4.00536
3.95261,0.111157,4.06417
3.84776,0.111049,3.95923
3.95616,0.112505,4.06911
3.90574,0.111113,4.01735
3.8462,0.111596,3.95824
4.02077,0.11143,4.13268
3.92019,0.111051,4.03174
3.84216,0.111325,3.95399
3.92308,0.111065,4.03464
3.95857,0.112211,4.07127
3.95636,0.111195,4.06807
3.90142,0.111,4.01283
3.99263,0.111434,4.10455
16 threads per task
3.94485,0.111409,4.05675
4.0206,0.111176,4.13227
3.87584,0.111136,3.98746
3.90845,0.11116,4.02014
3.86143,0.111265,3.97322
3.8352,0.111211,3.94683
3.83872,0.111385,3.95053
4.01061,0.11167,4.12276
4.05774,0.11116,4.1693
3.87655,0.111379,3.98842
3.87506,0.11101,3.98656
3.91029,0.111457,4.02226
3.86511,0.111298,3.97691
3.90984,0.111018,4.02128
3.94608,0.111339,4.05793
3.95923,0.111167,4.0708
3.92528,0.111139,4.03693
3.90524,0.111027,4.01677
3.8338,0.111268,3.94548
3.9646,0.111387,4.07644
4.02196,0.111404,4.13384
3.91765,0.111157,4.02921
3.9092,0.114118,4.02377
3.9759,0.112143,4.08856
4.03414,0.11134,4.14598
3.96376,0.11175,4.07593
3.94677,0.111266,4.05853
4.02028,0.111624,4.13239
3.84123,0.11107,3.95273
3.92568,0.111116,4.03721
3.91123,0.111203,4.02295
3.84606,0.111101,3.95765
3.87975,0.111334,3.99157
3.82666,0.111348,3.9385
3.86123,0.111186,3.97291
4.02555,0.11124,4.13727
3.91974,0.111347,4.03151
3.95998,0.111152,4.07163
3.96053,0.112194,4.07321
3.87094,0.111107,3.9825
3.91958,0.111218,4.03129
3.90392,0.111513,4.01593
3.95508,0.111358,4.06687
3.88464,0.11133,3.99639
3.87446,0.110988,3.98593
3.92652,0.111332,4.03828
3.86115,0.111484,3.97308
3.88454,0.111428,3.99638
3.88008,0.111195,3.99177
3.94757,0.111402,4.05946
4.01727,0.111841,4.12962
17 threads per task
3.84478,0.111123,3.95635
3.92216,0.111278,4.03395
3.96742,0.111321,4.07922
3.95203,0.111107,4.06357
3.92295,0.112093,4.03556
3.92158,0.111119,4.0332
3.92506,0.111271,4.03681
3.88278,0.111655,3.99492
3.95205,0.111319,4.06386
3.9385,0.111262,4.05025
3.9528,0.111726,4.06496
3.89274,0.111262,4.00449
3.8613,0.111919,3.97363
3.83955,0.111202,3.95125
3.91363,0.111354,4.02548
4.01165,0.111336,4.12346
3.94406,0.111209,4.05576
3.88394,0.111181,3.99561
3.95745,0.11123,4.06922
3.95585,0.111119,4.06738
3.91487,0.111146,4.02651
3.87834,0.111165,3.99003
3.95364,0.111197,4.0653
3.92517,0.111341,4.03704
3.94938,0.111337,4.06125
3.83954,0.111469,3.9515
3.92024,0.111101,4.03183
3.8818,0.111119,3.99334
3.99435,0.111215,4.106
4.02169,0.111589,4.1337
3.84731,0.111349,3.95916
3.87144,0.111167,3.9831
3.9179,0.111175,4.02957
3.86664,0.111239,3.97836
3.82258,0.11414,3.93722
3.91644,0.111065,4.02799
3.85554,0.114142,3.97019
3.92096,0.111388,4.03278
3.87393,0.111988,3.98642
3.91109,0.111535,4.02312
3.86065,0.111331,3.97247
3.92791,0.111373,4.0397
3.9219,0.111484,4.03388
3.82746,0.11114,3.93901
3.90181,0.111361,4.01359
3.96066,0.111329,4.0724
3.85205,0.11113,3.96368
3.83934,0.111028,3.95085
4.01016,0.111423,4.12209
3.90921,0.111283,4.02091
3.86016,0.111457,3.97214
18 threads per task
4.04527,0.111357,4.15714
3.96136,0.111471,4.07336
3.92017,0.111022,4.0317
3.84444,0.111081,3.95605
3.85622,0.1112,3.96785
3.8451,0.111281,3.95686
3.92072,0.111235,4.03237
3.96056,0.11105,4.07204
3.84084,0.111135,3.95238
3.88871,0.111335,4.00054
3.88843,0.111285,4.00023
3.92876,0.111322,4.04058
3.94385,0.111192,4.05545
3.88965,0.111141,4.00129
3.91221,0.111068,4.02378
3.98333,0.111863,4.09573
3.87783,0.111415,3.98975
3.94597,0.111081,4.05754
3.84462,0.111216,3.95632
3.84267,0.111116,3.95428
3.84659,0.111275,3.95829
3.95341,0.111322,4.06515
4.02511,0.111224,4.13682
3.84913,0.111343,3.96097
3.89887,0.111383,4.01074
4.04181,0.111273,4.15357
3.84428,0.111156,3.95595
3.92481,0.11161,4.03684
3.87164,0.111404,3.98345
3.82528,0.111368,3.93717
3.91714,0.111364,4.029
3.9524,0.1112,4.06408
3.92709,0.111356,4.03896
3.87745,0.111064,3.98904
4.01726,0.111486,4.12925
3.90171,0.111242,4.01345
3.93606,0.111266,4.04781
3.85659,0.111511,3.96858
3.87761,0.11221,3.99023
3.83952,0.111153,3.95112
3.93685,0.111572,4.04884
4.0322,0.111141,4.14383
3.89937,0.11136,4.01118
3.92895,0.111219,4.04063
4.02283,0.111232,4.13446
3.86072,0.111458,3.97267
3.83536,0.111135,3.94702
3.95364,0.111313,4.06545
3.93842,0.111132,4.05008
3.9409,0.111191,4.05251
3.79723,0.11112,3.90879
19 threads per task
3.86477,0.111274,3.97644
4.03218,0.11118,4.14379
3.88734,0.111098,3.99887
3.92425,0.111385,4.03615
3.93645,0.112421,4.0494
3.87358,0.111772,3.98584
3.85864,0.111486,3.97055
3.86117,0.111116,3.9728
3.85538,0.111163,3.96707
4.0089,0.111679,4.12107
3.97336,0.111362,4.0852
3.8439,0.11127,3.95566
3.91462,0.111206,4.02624
3.88012,0.111234,3.99186
3.9999,0.111433,4.11176
3.83195,0.111553,3.94399
4.01582,0.111406,4.12771
4.04258,0.11139,4.15439
3.86063,0.111379,3.9725
3.90066,0.111076,4.01223
4.05001,0.111363,4.16178
3.944,0.11198,4.05639
3.85798,0.111323,3.96981
3.83894,0.111264,3.9507
3.90409,0.111293,4.01579
3.90339,0.111088,4.01496
3.95375,0.111591,4.06576
3.88213,0.111126,3.99376
3.93253,0.111315,4.04427
4.03687,0.111613,4.14896
3.8969,0.112173,4.00948
4.00824,0.111209,4.11995
3.811,0.111303,3.92272
3.8286,0.111296,3.94039
3.93631,0.111179,4.04791
3.97097,0.11164,4.0831
3.88338,0.111573,3.99541
3.9835,0.111282,4.09528
3.91624,0.111194,4.02796
3.91726,0.111351,4.02905
3.85327,0.111189,3.96497
3.92243,0.111187,4.03411
3.94289,0.111273,4.05459
3.83177,0.112,3.94419
3.87364,0.111327,3.98539
3.91803,0.111371,4.02986
3.90825,0.111335,4.02008
3.8386,0.111361,3.95045
3.92104,0.111199,4.03274
3.93152,0.111301,4.04323
3.93977,0.111147,4.05141
20 threads per task
3.83473,0.111711,3.94693
3.8761,0.111206,3.98772
3.8132,0.111193,3.9249
3.91658,0.111278,4.02838
3.91243,0.111191,4.02412
4.02452,0.111462,4.13639
3.90158,0.11135,4.01343
3.91006,0.111624,4.0221
3.97866,0.111473,4.09055
4.00939,0.111325,4.12114
4.00913,0.111719,4.12135
4.00508,0.111508,4.11701
3.87733,0.111268,3.98909
4.01431,0.114645,4.12947
3.84079,0.111118,3.95234
3.91792,0.111738,4.03015
3.96121,0.111306,4.07302
3.89648,0.111596,4.00856
4.06164,0.111659,4.17378
3.95843,0.111221,4.07018
3.83429,0.111144,3.94595
3.91701,0.111307,4.0288
3.87074,0.111309,3.98254
3.83935,0.111202,3.95104
4.05115,0.111202,4.16284
3.95863,0.111346,4.07046
3.92349,0.111375,4.0353
3.85585,0.111224,3.96758
4.04044,0.111263,4.15223
4.44044,0.11408,4.55504
3.94496,0.111457,4.0569
3.84206,0.111186,3.95367
3.83577,0.111363,3.94762
3.92341,0.111296,4.03512
3.90412,0.111213,4.01584
3.90464,0.111274,4.01642
3.87619,0.111331,3.98803
3.88017,0.111623,3.99219
3.92417,0.111291,4.03597
3.91653,0.111328,4.02836
3.87004,0.11124,3.98177
3.84904,0.111181,3.96071
3.83625,0.111261,3.94803
3.851,0.111169,3.96261
3.9173,0.111641,4.02946
3.84892,0.111319,3.96072
3.84212,0.111363,3.9539
3.9058,0.111313,4.01761
3.84213,0.111503,3.95404
3.94887,0.111376,4.06065
3.96483,0.112234,4.07757
21 threads per task
3.83323,0.111237,3.9449
3.85663,0.111341,3.96848
3.84221,0.114717,3.95737
4.04291,0.111449,4.15485
3.92457,0.111393,4.03639
3.86928,0.11115,3.98096
4.05141,0.111471,4.16332
3.96125,0.111361,4.07306
3.95474,0.111433,4.06667
3.91053,0.11135,4.0223
3.85245,0.1111,3.96407
3.86937,0.111188,3.98105
3.92027,0.111394,4.03216
3.93897,0.111531,4.05092
3.86775,0.111279,3.97952
4.04439,0.111463,4.15633
3.88989,0.111579,4.00196
3.92008,0.111177,4.03176
4.06374,0.111534,4.17577
3.9242,0.111122,4.03583
3.96393,0.111289,4.07565
3.86405,0.111264,3.97573
3.96031,0.114663,4.07552
3.93017,0.111263,4.04188
3.94062,0.11131,4.0524
3.95941,0.111142,4.07103
3.93896,0.111175,4.05063
3.95665,0.111607,4.06873
3.96741,0.111298,4.0792
3.85553,0.111209,3.96722
3.8649,0.111353,3.97668
3.92091,0.111271,4.03267
4.03424,0.11185,4.14661
3.8796,0.111305,3.9914
3.94783,0.111127,4.05945
4.03205,0.111282,4.14374
3.86447,0.111402,3.97635
3.95334,0.111467,4.06534
3.93759,0.111554,4.04963
3.90789,0.11147,4.01986
3.87998,0.111459,3.99194
3.90874,0.111406,4.02063
3.83844,0.111405,3.9503
4.01344,0.111385,4.1253
4.04033,0.111264,4.15212
3.95532,0.111244,4.06711
3.96013,0.111201,4.07185
3.927,0.111321,4.03874
3.9399,0.111451,4.05184
3.84274,0.111227,3.95446
3.88745,0.111606,3.99951
22 threads per task
3.8649,0.111092,3.97639
4.08013,0.111499,4.19212
3.95542,0.111445,4.06735
3.9333,0.111354,4.04515
3.95749,0.111279,4.06929
4.0017,0.111452,4.11363
4.07396,0.111521,4.18597
3.95774,0.111303,4.06953
3.94122,0.111287,4.05301
3.94723,0.111157,4.05889
3.96788,0.111378,4.07968
3.91815,0.111231,4.02982
3.84917,0.111415,3.9611
4.06386,0.111458,4.17581
3.83439,0.111168,3.94604
4.01228,0.11157,4.12436
3.82693,0.111232,3.93858
3.93885,0.111281,4.05054
4.05224,0.111303,4.16397
3.85377,0.111232,3.96551
3.93254,0.11128,4.04423
3.87494,0.11141,3.98676
3.93547,0.112234,4.04813
3.8345,0.11107,3.94608
4.00927,0.112799,4.12258
3.96587,0.111662,4.07804
3.86489,0.114846,3.98024
3.92126,0.114692,4.03646
3.83941,0.11118,3.95109
3.9043,0.111569,4.01636
4.02973,0.11193,4.14214
4.01083,0.111787,4.1231
3.90604,0.111309,4.01783
3.8435,0.11155,3.95554
3.93858,0.111178,4.05025
3.87157,0.111212,3.98328
3.92237,0.111521,4.03442
3.92703,0.111242,4.0387
4.02833,0.111358,4.14012
3.92622,0.111307,4.03793
3.91627,0.111536,4.02832
3.84052,0.111478,3.95249
3.89893,0.1115,4.01093
3.91483,0.11147,4.02676
3.877,0.111338,3.98883
3.925,0.1114,4.03688
3.9693,0.111219,4.08096
3.88793,0.11137,3.99972
3.96106,0.111307,4.07277
4.02332,0.111724,4.13549
4.02301,0.111499,4.13492
23 threads per task
4.0894,0.111336,4.20125
4.08559,0.111651,4.19773
3.96145,0.111347,4.07333
3.98141,0.111662,4.09366
3.92486,0.111673,4.03702
3.94299,0.111454,4.05493
3.83958,0.111416,3.95141
3.92171,0.111463,4.03367
3.85545,0.111229,3.96709
3.84622,0.111241,3.95797
3.97772,0.111701,4.08988
3.93004,0.111357,4.04188
3.85811,0.111442,3.97007
3.95631,0.111178,4.068
3.8956,0.111309,4.00739
4.01038,0.111305,4.12219
3.95387,0.111622,4.06599
3.92666,0.111286,4.03844
3.92905,0.111174,4.0407
3.91769,0.111475,4.02958
3.96004,0.111249,4.07178
3.90025,0.111147,4.01189
4.05158,0.111632,4.16361
3.85717,0.111174,3.96886
3.95228,0.111209,4.06398
3.90417,0.111169,4.01583
3.95463,0.111448,4.06656
3.94809,0.111154,4.05966
3.92189,0.111318,4.03363
3.8752,0.11143,3.98712
3.93319,0.111437,4.04514
4.05325,0.111378,4.16513
3.91976,0.111736,4.032
3.91309,0.111243,4.02484
3.95863,0.111345,4.07046
3.936,0.111301,4.0478
3.92457,0.111416,4.03647
3.82845,0.11127,3.94018
3.91128,0.111339,4.02305
3.94166,0.111395,4.05354
3.84381,0.111497,3.95579
4.02714,0.11239,4.13997
3.95736,0.111143,4.069
3.92809,0.111651,4.04024
3.91983,0.11131,4.03164
3.84204,0.111551,3.95401
3.83166,0.111513,3.94365
3.97781,0.111707,4.09001
3.92538,0.111209,4.03707
3.87074,0.111691,3.98292
3.84795,0.111714,3.96008
24 threads per task
3.85778,0.111349,3.96954
3.88488,0.111551,3.99693
3.84582,0.111324,3.95756
4.02445,0.111533,4.13642
3.84589,0.11144,3.95781
3.85097,0.111283,3.96274
4.07646,0.111464,4.18837
3.98149,0.112601,4.09453
3.93894,0.111406,4.05079
3.88323,0.111848,3.99554
3.94123,0.11136,4.05303
3.92109,0.111496,4.0331
3.85161,0.11138,3.96342
3.95004,0.11133,4.06189
4.01643,0.111417,4.12836
3.83229,0.11126,3.944
3.94305,0.111457,4.05498
4.01488,0.111484,4.12685
3.84323,0.111293,3.95503
3.95862,0.111814,4.07092
3.85893,0.111205,3.97064
3.87807,0.11114,3.98971
3.90371,0.111381,4.01552
3.91477,0.111295,4.02648
3.93376,0.111467,4.04571
3.85457,0.111343,3.9664
3.90214,0.111283,4.01392
3.899,0.111157,4.01058
3.84655,0.111659,3.95869
3.82345,0.111144,3.93501
3.82548,0.111291,3.93728
3.82894,0.111275,3.94066
4.01625,0.111494,4.12824
3.94212,0.11156,4.05414
4.01348,0.111287,4.12518
3.86991,0.111615,3.98194
3.87577,0.11161,3.98787
3.83571,0.111333,3.94745
3.93624,0.111868,4.0486
3.84408,0.111196,3.95579
3.96236,0.111416,4.07421
3.9499,0.111288,4.06167
3.93379,0.111272,4.04547
3.86643,0.111149,3.97803
4.02494,0.111405,4.13677
4.05686,0.111347,4.1687
3.91936,0.111473,4.03131
3.88535,0.111678,3.99746
3.84645,0.111201,3.9581
4.01629,0.111573,4.12837
4.01877,0.111612,4.13087
25 threads per task
4.02435,0.111843,4.13672
3.84887,0.111319,3.96068
3.83955,0.111244,3.95121
3.95277,0.111514,4.06478
3.96683,0.111583,4.07891
4.01092,0.111464,4.12289
3.90386,0.111724,4.01607
3.93307,0.111441,4.04502
3.91852,0.111339,4.03037
3.9086,0.111751,4.02085
3.94388,0.111533,4.05591
3.95726,0.111163,4.06885
3.83437,0.111178,3.946
3.95344,0.111231,4.0652
4.01664,0.111722,4.1288
3.95987,0.111355,4.07165
3.83259,0.111367,3.94444
3.90057,0.11165,4.01263
3.94115,0.111613,4.0532
3.83649,0.112301,3.9492
4.03349,0.111313,4.14522
4.12692,0.111476,4.23882
4.05362,0.112056,4.16609
3.9775,0.11224,4.09024
3.91968,0.111315,4.03149
3.86535,0.111409,3.97721
3.85162,0.111845,3.96395
3.84358,0.111702,3.95579
3.85843,0.111151,3.97007
3.88404,0.111373,3.99591
3.94357,0.111361,4.05536
3.83103,0.111352,3.94287
3.82789,0.111403,3.93972
3.92059,0.111655,4.03274
3.84375,0.111197,3.95544
3.89909,0.111426,4.01092
3.90789,0.11134,4.01973
3.83555,0.111178,3.94714
3.92668,0.111419,4.03859
3.98018,0.111598,4.09229
3.95472,0.111349,4.06649
3.89162,0.111515,4.00355
3.90113,0.111364,4.01299
3.92835,0.111274,4.04016
3.85326,0.11115,3.96492
3.91844,0.111296,4.03022
3.92473,0.111476,4.03669
3.9623,0.11127,4.074
3.95396,0.111575,4.06602
3.87887,0.111617,3.99097
3.83946,0.111237,3.95118
26 threads per task
3.86955,0.111294,3.98134
3.82784,0.111291,3.93963
3.92591,0.111284,4.03768
3.8678,0.111418,3.97964
3.84062,0.111825,3.95286
3.95362,0.11127,4.06538
3.93837,0.111221,4.05008
3.83691,0.111536,3.94894
4.01992,0.111931,4.13234
3.92327,0.11137,4.03517
3.87676,0.111479,3.98873
3.85034,0.111505,3.96234
4.00814,0.112326,4.12095
3.93109,0.111584,4.04309
3.97827,0.112,4.09071
3.9833,0.112,4.09573
3.8776,0.111205,3.9893
3.92581,0.111463,4.03776
3.97729,0.111471,4.0892
3.91968,0.111265,4.03143
3.87886,0.111464,3.99081
3.88012,0.11134,3.99185
3.94353,0.111475,4.0555
3.83265,0.111572,3.94465
4.04131,0.111509,4.1533
3.84256,0.111521,3.95449
3.88504,0.111351,3.99688
3.84924,0.111394,3.96113
3.89347,0.111503,4.00546
3.83163,0.111587,3.9437
3.87663,0.111483,3.98853
3.91586,0.112249,4.02853
3.94116,0.111545,4.05321
3.8701,0.111178,3.98178
3.94145,0.111328,4.05321
3.91696,0.111737,4.02911
3.85992,0.111296,3.9717
3.83673,0.111389,3.94854
3.86515,0.111417,3.97708
3.84835,0.111712,3.96051
3.94703,0.11162,4.05906
3.93223,0.111326,4.044
3.901,0.111704,4.01313
3.90303,0.11156,4.01508
3.85279,0.112026,3.96534
3.93143,0.111352,4.04331
3.90064,0.111488,4.01259
3.83449,0.111276,3.9462
3.84569,0.111586,3.95777
3.91517,0.111508,4.0271
3.82691,0.111619,3.93902
27 threads per task
3.85461,0.1114,3.96651
4.00426,0.111721,4.11647
3.91503,0.111868,4.0274
3.92272,0.111675,4.03482
3.95126,0.111239,4.06291
3.95058,0.111487,4.06248
3.87421,0.111575,3.98622
3.8481,0.111488,3.96011
3.95189,0.112566,4.06496
3.83085,0.111355,3.9427
4.04761,0.11157,4.1596
3.9426,0.111419,4.05444
3.92524,0.111356,4.03709
4.0202,0.111705,4.13242
3.87722,0.111405,3.98907
3.87394,0.111644,3.98599
4.03525,0.111316,4.147
3.98918,0.111353,4.10104
3.96277,0.111576,4.07481
3.9324,0.111398,4.0443
3.95329,0.111286,4.06509
3.9402,0.111665,4.05238
3.81321,0.11128,3.92492
3.92455,0.111439,4.03648
3.9038,0.111367,4.01567
3.90424,0.1115,4.01624
3.90553,0.11159,4.0176
4.0175,0.112035,4.13004
3.90435,0.111379,4.01616
3.86707,0.111171,3.97874
4.00964,0.111469,4.12152
3.91934,0.111668,4.03152
3.87294,0.11132,3.98476
4.01352,0.111433,4.12543
3.92777,0.111569,4.03982
3.83779,0.111879,3.95015
3.8389,0.111539,3.95093
3.84061,0.111573,3.95261
4.02294,0.1118,4.13518
3.94267,0.112094,4.05519
3.922,0.111371,4.03387
3.84247,0.111246,3.95413
3.98771,0.111335,4.09954
3.95505,0.111728,4.06727
4.02159,0.111672,4.13375
3.82816,0.111179,3.93983
3.81191,0.111689,3.92409
3.88438,0.111422,3.99629
3.90082,0.111684,4.013
3.83801,0.111513,3.94994
3.87269,0.11125,3.98444
28 threads per task
3.91589,0.111536,4.02784
3.83754,0.111216,3.94916
3.90445,0.111477,4.01645
3.92218,0.111227,4.03391
3.97511,0.111277,4.08688
3.88605,0.111546,3.99801
3.96253,0.111607,4.0746
3.91057,0.111535,4.0226
3.89732,0.111269,4.0091
3.84806,0.11148,3.96003
3.81876,0.111421,3.93068
4.01925,0.111936,4.1317
4.0207,0.11169,4.13281
3.8308,0.111384,3.94269
3.90849,0.111391,4.02032
4.01812,0.111411,4.12996
3.92028,0.111274,4.03204
3.95588,0.111274,4.06757
3.83961,0.111516,3.95154
3.86527,0.111372,3.97714
4.02523,0.111412,4.13707
3.97898,0.111401,4.0908
3.92016,0.111596,4.03218
3.851,0.111389,3.96288
3.91438,0.111413,4.02628
3.91918,0.111269,4.03088
3.93404,0.111279,4.04581
3.91746,0.11139,4.02933
3.9545,0.111286,4.06628
3.8913,0.111514,4.00326
3.87839,0.111368,3.99026
3.95335,0.111532,4.06532
3.98065,0.111998,4.09314
3.83732,0.111189,3.94893
3.96423,0.111497,4.07619
3.96014,0.11144,4.07203
3.93959,0.111506,4.05153
3.84575,0.111434,3.95767
3.9829,0.111736,4.09512
3.9539,0.111567,4.06588
3.90226,0.114903,4.01769
3.97259,0.114817,4.08783
3.8999,0.111545,4.01194
3.91555,0.111402,4.02745
3.85118,0.111547,3.96323
3.91295,0.112282,4.02573
3.88647,0.111344,3.9983
3.85088,0.11185,3.96322
3.93979,0.111404,4.05165
3.84165,0.111496,3.95363
3.90841,0.11166,4.02048
29 threads per task
3.9196,0.111719,4.03173
3.87856,0.111376,3.99042
3.84215,0.111418,3.95398
3.91559,0.11153,4.02754
3.94515,0.111302,4.05696
3.90707,0.111287,4.01885
3.96231,0.111739,4.07457
3.85114,0.111557,3.96321
3.83301,0.11157,3.94509
3.98527,0.111337,4.09703
3.98238,0.111517,4.09434
3.82564,0.111461,3.9376
3.90716,0.111589,4.01919
3.89573,0.111523,4.00766
3.95343,0.111588,4.06554
3.86931,0.111322,3.98116
3.87972,0.112265,3.9924
3.85182,0.111736,3.96398
3.90397,0.111488,4.01595
3.91343,0.111461,4.02542
3.92061,0.111336,4.03245
3.94221,0.111721,4.05443
3.95978,0.111367,4.07163
4.01768,0.111849,4.12995
3.95791,0.111569,4.06998
3.84365,0.111851,3.95592
3.9551,0.111346,4.06691
3.92835,0.111324,4.04011
4.0566,0.111351,4.16844
3.89198,0.111325,4.00372
4.03717,0.111587,4.14926
3.93263,0.11462,4.04776
3.86851,0.111238,3.98024
3.85082,0.111401,3.96265
3.94943,0.111535,4.06142
3.96647,0.111402,4.07829
3.933,0.111356,4.04485
3.92324,0.111532,4.0353
3.94485,0.111396,4.05671
3.84857,0.111385,3.96041
3.87466,0.111536,3.98661
3.87704,0.111458,3.98895
3.86903,0.111271,3.9808
4.02585,0.112659,4.13891
3.85949,0.11138,3.9713
3.81555,0.111641,3.92768
4.00236,0.111757,4.11464
3.85783,0.111354,3.96968
3.94082,0.111376,4.05268
3.90389,0.111716,4.01604
4.06291,0.111622,4.17502
30 threads per task
3.85687,0.11134,3.9687
3.84307,0.111433,3.95494
3.84644,0.111331,3.95826
3.95679,0.112075,4.06936
3.92481,0.113064,4.03836
3.92162,0.111312,4.03342
3.90649,0.111433,4.01835
3.83671,0.111389,3.94852
3.96287,0.111807,4.0751
3.84184,0.111423,3.95375
3.98385,0.11161,4.09587
3.85266,0.111486,3.96461
3.96361,0.111972,4.07607
4.04213,0.11169,4.1543
3.94318,0.111277,4.05497
3.92008,0.11147,4.03206
3.90135,0.11129,4.01312
3.95406,0.111275,4.06575
3.8338,0.111485,3.94571
3.95331,0.111355,4.06509
3.91935,0.111458,4.03134
3.90766,0.111482,4.01964
3.85059,0.111322,3.96233
3.91253,0.111562,4.02452
3.89459,0.11135,4.00639
3.84092,0.111404,3.9528
3.95814,0.111586,4.07022
3.83463,0.111838,3.94695
3.93051,0.111444,4.04244
3.94287,0.112552,4.05593
3.99134,0.111747,4.10358
3.87071,0.111248,3.98245
3.88365,0.111526,3.9956
3.85653,0.111804,3.96875
3.9544,0.11151,4.06635
3.85409,0.111514,3.96612
3.95467,0.111442,4.06652
3.84253,0.113076,3.95609
3.8499,0.114462,3.96478
3.92867,0.111224,4.0403
3.84692,0.11127,3.95868
3.94283,0.111234,4.05456
4.05499,0.111498,4.1669
4.0426,0.111712,4.15471
3.84722,0.111431,3.95907
3.9858,0.111675,4.09797
3.85191,0.111323,3.96364
3.95005,0.111491,4.06197
3.87932,0.111294,3.99111
3.84911,0.111143,3.96075
3.90224,0.111269,4.01402
31 threads per task
3.92896,0.111456,4.04091
3.87357,0.111297,3.98529
3.9378,0.111546,4.04984
3.86653,0.111747,3.9787
3.90764,0.1115,4.01962
3.90492,0.111316,4.01672
3.85214,0.111527,3.96418
3.89055,0.111543,4.00262
3.84198,0.111578,3.95397
3.82409,0.111531,3.93611
3.91796,0.111438,4.02989
3.94926,0.111194,4.06095
4.01134,0.111728,4.12351
3.92709,0.111696,4.03928
3.83695,0.11182,3.94926
3.9777,0.111599,4.08972
3.88546,0.111589,3.99751
3.83801,0.111477,3.94997
3.95958,0.11181,4.0718
3.84123,0.111533,3.95321
4.01685,0.111992,4.12934
3.93394,0.111768,4.0462
3.84658,0.111427,3.95849
3.95692,0.11236,4.0697
4.03445,0.111736,4.14664
3.90666,0.111575,4.01873
4.1206,0.11159,4.23268
3.88657,0.111479,3.99854
3.90781,0.111889,4.02018
3.85776,0.111795,3.97005
3.96522,0.111729,4.07746
3.91123,0.111307,4.02306
4.01794,0.111443,4.12987
3.91884,0.111889,4.03122
3.85638,0.111218,3.96813
3.92832,0.111607,4.04037
3.94235,0.111568,4.05442
3.94743,0.111356,4.0593
3.97763,0.111454,4.08971
3.85308,0.111211,3.9648
3.85766,0.111629,3.96978
3.9166,0.111398,4.0284
4.03357,0.111511,4.14557
3.90943,0.111527,4.02149
3.84634,0.111828,3.95868
4.01843,0.111839,4.13079
3.84779,0.111436,3.95969
3.84311,0.11139,3.955
3.89907,0.112787,4.01236
3.95484,0.112365,4.0677
3.96243,0.111533,4.07438
32 threads per task
3.85098,0.111451,3.96293
3.9098,0.111493,4.02178
3.94287,0.111383,4.05474
3.86873,0.111531,3.98067
3.99229,0.111632,4.10442
3.86825,0.111344,3.98004
3.94689,0.111574,4.05896
3.8352,0.111441,3.94709
4.01226,0.111462,4.12423
3.95633,0.1116,4.06843
4.05955,0.111471,4.17151
3.95567,0.111448,4.06754
4.02309,0.11151,4.13501
3.9403,0.111239,4.05203
4.03742,0.1118,4.14972
3.9221,0.111725,4.03432
3.86131,0.112054,3.97382
3.85844,0.111287,3.97022
4.01427,0.111404,4.12614
3.92529,0.111244,4.037
3.96158,0.111542,4.07361
3.95655,0.111686,4.06866
3.83816,0.111625,3.95022
3.9224,0.111554,4.03439
3.92655,0.11154,4.0385
3.96298,0.111773,4.07517
4.06356,0.111651,4.17569
4.01,0.111701,4.12219
3.87233,0.11143,3.98429
3.86506,0.111543,3.97702
4.0381,0.111748,4.15035
3.96028,0.111312,4.07204
3.94291,0.111593,4.05499
3.8521,0.111665,3.96427
3.91686,0.111556,4.02884
3.94588,0.111492,4.05787
3.90745,0.111482,4.01942
4.41887,0.111618,4.53097
4.02018,0.111413,4.1321
3.87524,0.111219,3.98688
3.8695,0.111755,3.98175
3.84192,0.111416,3.95383
3.93,0.111469,4.04195
3.90497,0.111457,4.01692
3.98357,0.111647,4.0957
3.85714,0.111252,3.96881
3.80698,0.111697,3.91917
3.83183,0.111544,3.94388
3.87491,0.111482,3.98688
3.89779,0.111647,4.00985
3.92845,0.111641,4.04052
