1 threads per task
3.90274,0.0743052,3.9778
2.40443,0.0743486,2.47963
2.29115,0.0744068,2.3664
2.30392,0.0744579,2.3792
2.29757,0.0745612,2.37294
2.29326,0.0745318,2.3686
2.33824,0.0743433,2.41343
2.32989,0.0746087,2.40546
2.34279,0.0742865,2.41791
2.33862,0.0743714,2.41379
2.29048,0.0743847,2.36571
2.40197,0.074384,2.47719
2.36781,0.074348,2.44298
2.35109,0.0747365,2.42663
2.35283,0.0747304,2.42839
2.29403,0.0744157,2.36928
2.31214,0.0745098,2.38749
2.40803,0.0746217,2.48348
2.33788,0.0747223,2.41341
2.34699,0.0743002,2.4221
2.30312,0.0746788,2.3786
2.29565,0.0746011,2.37105
2.3232,0.0743961,2.39839
2.28879,0.0745765,2.36419
2.37176,0.0743965,2.44697
2.30869,0.0746599,2.38414
2.39049,0.0744507,2.46574
2.36254,0.0746522,2.438
2.34146,0.0744755,2.41673
2.40634,0.0745411,2.48173
2.35418,0.0742963,2.42928
2.29649,0.0743803,2.37168
2.38198,0.0743104,2.4571
2.31777,0.0747086,2.39327
2.2883,0.0744052,2.36351
2.30174,0.0747729,2.37733
2.3412,0.0743083,2.41632
2.29309,0.0745155,2.3684
2.28904,0.074548,2.36439
2.29996,0.0743081,2.37509
2.34159,0.0746059,2.41701
2.30553,0.0745882,2.38091
2.38474,0.0744589,2.46003
2.33765,0.0744322,2.41289
2.38588,0.0744252,2.46113
2.28989,0.0745978,2.36531
2.41536,0.0744234,2.49059
2.34611,0.0743317,2.42125
2.3998,0.0743114,2.47493
2.29828,0.0743896,2.37351
2.29176,0.0743314,2.3669
2 threads per task
2.35169,0.0751049,2.4276
2.28656,0.0746344,2.362
2.29434,0.0751477,2.37034
2.35325,0.0746773,2.42873
2.34236,0.0749147,2.41807
2.30747,0.0746921,2.38297
2.33111,0.0748384,2.40676
2.33773,0.0748048,2.41334
2.40071,0.0746851,2.47618
2.34141,0.0745941,2.41681
2.34207,0.0751424,2.41802
2.28878,0.074701,2.36431
2.28665,0.074687,2.36214
2.33382,0.0747955,2.40943
2.33948,0.0746725,2.415
2.29314,0.0749746,2.36896
2.33268,0.0748662,2.40835
2.4058,0.0748064,2.48144
2.34042,0.0747766,2.41605
2.30032,0.0745863,2.3757
2.32859,0.0747047,2.40411
2.34001,0.0747027,2.41552
2.34306,0.0750818,2.419
2.40538,0.0750428,2.48127
2.40481,0.0746541,2.48029
2.37447,0.0749479,2.45022
2.28757,0.0749747,2.36336
2.40864,0.0751123,2.48458
2.33275,0.0749235,2.4085
2.33582,0.0745023,2.41115
2.33289,0.0745832,2.4083
2.37605,0.0749547,2.45181
2.30585,0.0748509,2.38153
2.3679,0.0749919,2.44371
2.28817,0.0747319,2.36374
2.33462,0.0745412,2.40996
2.34998,0.0748754,2.42569
2.29725,0.0746999,2.37279
2.42517,0.0750067,2.50099
2.33288,0.0748225,2.40855
2.33957,0.0748738,2.41525
2.33678,0.0747184,2.41232
2.37249,0.0750342,2.44834
2.33549,0.074651,2.41095
2.38121,0.0748813,2.45693
2.3459,0.075415,2.42205
2.35805,0.075022,2.43387
2.31371,0.074905,2.38943
2.39716,0.0749218,2.47292
2.35104,0.0751261,2.42697
2.40561,0.0749645,2.48138
3 threads per task
2.40543,0.0749618,2.4812
2.28716,0.0746881,2.3627
2.36743,0.0746997,2.44293
2.4081,0.0749056,2.48383
2.33825,0.0752251,2.41432
2.33684,0.0747505,2.41241
2.29423,0.0747509,2.3698
2.28402,0.0747167,2.35957
2.29738,0.074702,2.3729
2.29632,0.0746409,2.37177
2.33772,0.0749793,2.41351
2.42974,0.0749441,2.50549
2.28479,0.0746792,2.36029
2.28842,0.0749913,2.36422
2.37081,0.0746674,2.4463
2.34201,0.0748929,2.41771
2.33514,0.074912,2.41086
2.28892,0.0749574,2.36471
2.29478,0.0750404,2.37064
2.36392,0.0746003,2.43931
2.36321,0.0747235,2.43878
2.31956,0.0746778,2.39509
2.40767,0.0748813,2.48337
2.29969,0.0746318,2.37514
2.30034,0.0749154,2.37607
2.33816,0.074537,2.41351
2.29767,0.0746021,2.37308
2.33096,0.0746274,2.40642
2.44192,0.0747896,2.51756
2.41717,0.074727,2.49274
2.33313,0.0748705,2.40884
2.37192,0.074972,2.4477
2.38497,0.074774,2.46058
2.3313,0.0747905,2.40694
2.41413,0.0755947,2.49057
2.38055,0.0747778,2.45614
2.29622,0.0756907,2.37275
2.34024,0.0745967,2.41568
2.29605,0.0756009,2.3725
2.33584,0.0750093,2.41167
2.29343,0.0748495,2.36908
2.3444,0.0747766,2.42002
2.39702,0.0749625,2.47279
2.34916,0.0745459,2.42452
2.73664,0.0746907,2.81214
2.3204,0.0747927,2.396
2.28841,0.0751611,2.36438
2.34104,0.0745195,2.41638
2.38622,0.0749526,2.46202
2.28887,0.0749748,2.36468
2.45429,0.0748881,2.53002
4 threads per task
2.34245,0.0748164,2.41808
2.30049,0.0749472,2.37619
2.33723,0.0750795,2.41316
2.33042,0.0749061,2.40613
2.4034,0.0750781,2.47927
2.33538,0.0748039,2.41099
2.35787,0.0751577,2.43385
2.33265,0.0750335,2.40849
2.46071,0.0745922,2.53611
2.3792,0.0749007,2.45491
2.28862,0.074715,2.36415
2.37466,0.0749758,2.45044
2.28792,0.0749504,2.3637
2.37467,0.0748821,2.45036
2.34417,0.0748486,2.41982
2.34044,0.0747013,2.416
2.29433,0.0749313,2.37006
2.44488,0.0749228,2.5206
2.35318,0.0749015,2.42888
2.39907,0.0749512,2.47487
2.35199,0.0747268,2.42756
2.33526,0.0750764,2.41119
2.33567,0.0746268,2.41111
2.3056,0.0749666,2.38136
2.2852,0.0748099,2.36086
2.29778,0.0750116,2.37361
2.33275,0.0747038,2.40828
2.37394,0.0750369,2.44982
2.29632,0.0748937,2.37202
2.29917,0.074603,2.37459
2.37054,0.0747243,2.44607
2.33153,0.0746994,2.40705
2.29827,0.0746464,2.37372
2.39861,0.0748422,2.47426
2.28985,0.0748434,2.36552
2.40551,0.0747873,2.48111
2.34423,0.074878,2.41991
2.35195,0.0746969,2.42748
2.32872,0.0751095,2.40464
2.31372,0.0747228,2.38926
2.33691,0.0749214,2.41267
2.32084,0.0746571,2.39633
2.39648,0.0747943,2.47208
2.37014,0.0746683,2.44566
2.3996,0.0747097,2.47511
2.2915,0.0751609,2.36751
2.29439,0.0749702,2.37017
2.43091,0.0751737,2.50691
2.40326,0.0746199,2.4787
2.37102,0.0748843,2.44672
2.29265,0.0749901,2.36842
5 threads per task
2.37538,0.0748254,2.45106
2.29991,0.0749135,2.37564
2.33824,0.07491,2.41396
2.33528,0.0751823,2.41127
2.32184,0.0751847,2.39785
2.60689,0.0747222,2.68243
2.33195,0.0748951,2.40768
2.30421,0.074634,2.37965
2.29717,0.0748683,2.37288
2.28491,0.0750235,2.36075
2.40631,0.0747124,2.48187
2.33222,0.0746732,2.4077
2.30541,0.0747639,2.38098
2.40069,0.0750156,2.47651
2.33183,0.0749642,2.40763
2.29559,0.0751132,2.3715
2.29432,0.0751854,2.37035
2.32397,0.0748058,2.39958
2.40826,0.0746312,2.48374
2.33949,0.074862,2.41516
2.34151,0.0750556,2.41736
2.38062,0.0749423,2.45635
2.33198,0.0749654,2.40779
2.33853,0.0748613,2.41421
2.40739,0.0750242,2.48325
2.32253,0.0747716,2.39813
2.30568,0.0749271,2.38142
2.29102,0.0754248,2.36726
2.30675,0.0750644,2.38262
2.34107,0.0749371,2.41682
2.34114,0.0747491,2.41674
2.40477,0.0746604,2.48025
2.30307,0.0749023,2.37882
2.38613,0.0749663,2.4619
2.41641,0.0748468,2.49209
2.40918,0.0758075,2.48583
2.286,0.0749499,2.36178
2.35712,0.0757797,2.43374
2.30205,0.0749431,2.37785
2.29733,0.0748654,2.37307
2.33833,0.0749258,2.4141
2.33198,0.0752912,2.4081
3.32278,0.0746768,3.39828
2.31867,0.0750129,2.39449
2.35212,0.0746307,2.4276
2.30707,0.0748845,2.38276
2.39716,0.0746813,2.47265
2.31629,0.0747951,2.39192
2.3325,0.0750392,2.40835
2.31141,0.0746717,2.38693
2.3424,0.0747146,2.41793
6 threads per task
2.29845,0.0747686,2.37403
2.43496,0.0745906,2.51036
2.28937,0.0749356,2.36515
2.28757,0.0747555,2.36314
2.39408,0.0747655,2.46969
2.33584,0.0748713,2.41153
2.42976,0.0749469,2.50555
2.28641,0.0751276,2.36239
2.2916,0.0751539,2.36756
2.29002,0.0751208,2.36598
2.29164,0.0749386,2.36738
2.36142,0.0745819,2.4368
2.28762,0.0747145,2.36314
2.36571,0.074641,2.44116
2.29478,0.0747919,2.3704
2.38617,0.0747788,2.46175
2.40925,0.0750643,2.48516
2.33385,0.0749789,2.40966
2.32409,0.0752769,2.40016
2.33749,0.0750526,2.41334
2.38753,0.0748253,2.46317
2.31332,0.0750751,2.38924
2.33305,0.074826,2.40868
2.29625,0.074931,2.37199
2.2848,0.0747822,2.36039
2.33158,0.0748023,2.40719
2.33813,0.074905,2.41384
2.34187,0.0752356,2.41794
2.29612,0.0749493,2.37191
2.30013,0.0747316,2.37571
2.44288,0.0749337,2.51864
2.34664,0.0749417,2.4224
2.29683,0.0748607,2.3725
2.29076,0.0750379,2.36661
2.39858,0.0749885,2.47437
2.33661,0.0750629,2.41248
2.28936,0.0747964,2.36501
2.35187,0.0746212,2.42731
2.39664,0.075015,2.47245
2.38237,0.074948,2.45812
2.42395,0.0750105,2.4998
2.29631,0.0747815,2.37194
2.395,0.0749013,2.47073
2.41262,0.0748888,2.48833
2.37116,0.0750702,2.44708
2.32011,0.0749764,2.3959
2.29657,0.0748686,2.37224
2.3399,0.0748857,2.41561
2.30715,0.0746995,2.38265
2.34144,0.0749958,2.41725
2.42123,0.0746645,2.49674
7 threads per task
2.37702,0.0747945,2.45262
2.34232,0.0749228,2.41805
2.34241,0.0746604,2.41792
2.33924,0.0748826,2.41492
2.37397,0.07489,2.44968
2.40818,0.0748804,2.48387
2.2985,0.0747593,2.37407
2.2864,0.0749105,2.36212
2.33771,0.0747821,2.41331
2.3894,0.0749224,2.46514
2.29354,0.0747605,2.3691
2.33037,0.0747165,2.40589
2.37346,0.0748163,2.44908
2.3402,0.0750844,2.4161
2.29201,0.0748866,2.36771
2.36664,0.0747068,2.44215
2.37441,0.0749744,2.45019
2.29861,0.0749116,2.37432
2.33138,0.0746956,2.40689
2.33689,0.0750453,2.4127
2.33269,0.0750143,2.40851
2.37265,0.0747374,2.4482
2.33254,0.0750196,2.40836
2.29037,0.0750601,2.36627
2.37795,0.0746135,2.45339
2.29214,0.0749335,2.36792
2.35876,0.0748932,2.43447
2.34352,0.0749457,2.41932
2.28821,0.0750251,2.36404
2.42056,0.0748938,2.49626
2.33707,0.0750285,2.41292
2.3775,0.0751853,2.4535
2.37822,0.0753051,2.45437
2.34403,0.0750497,2.41991
2.33888,0.0756216,2.41526
2.29446,0.0747266,2.37003
2.37494,0.0756367,2.45139
2.2875,0.0750425,2.36335
2.33991,0.0752516,2.41598
2.4108,0.0751748,2.48678
2.36136,0.0751098,2.43731
2.33149,0.0748739,2.40716
2.33898,0.0750425,2.41484
2.28805,0.0749589,2.36385
2.36878,0.0748223,2.44442
2.28598,0.0751113,2.36191
2.40623,0.0747575,2.4818
2.33003,0.07488,2.40575
2.40445,0.0747891,2.48004
2.29205,0.0747188,2.36761
2.38304,0.0747987,2.45865
8 threads per task
2.36726,0.0746612,2.44276
2.29062,0.0749677,2.3664
2.29191,0.0750008,2.36774
2.30155,0.0748734,2.37723
2.33448,0.0747409,2.41007
2.29606,0.0749324,2.3718
2.28776,0.0751617,2.36374
2.5018,0.0747275,2.57735
2.34911,0.0747752,2.42473
2.36122,0.0747341,2.4368
2.32106,0.0759415,2.39777
2.28894,0.0747088,2.36446
2.29333,0.0746982,2.36888
2.28636,0.0750088,2.36218
2.29001,0.0752742,2.36611
2.40643,0.0746966,2.48196
2.34089,0.0747377,2.41647
2.3483,0.0750188,2.42416
2.29665,0.0746492,2.37212
2.28794,0.074958,2.36371
2.42848,0.07509,2.5044
2.2963,0.0746817,2.37184
2.3372,0.074738,2.41279
2.29109,0.0758502,2.36775
2.30313,0.0747365,2.37872
2.30513,0.0753376,2.38128
2.33869,0.0750961,2.41459
2.38879,0.0748371,2.46445
2.33287,0.0751077,2.40885
2.29557,0.0751976,2.3716
2.29122,0.0748703,2.36694
2.32474,0.0756935,2.40125
2.36923,0.0748774,2.44499
2.33663,0.0749939,2.41243
2.32581,0.0749882,2.40164
2.4208,0.0747917,2.49639
2.33933,0.0750575,2.41524
2.4808,0.0747934,2.55642
2.40069,0.0751402,2.47664
2.31492,0.0746281,2.39038
2.33378,0.0748996,2.40951
2.29608,0.0749208,2.3718
2.29894,0.0749188,2.37468
2.31032,0.0746612,2.38578
2.41009,0.0748393,2.48578
2.34117,0.0750262,2.41704
2.28812,0.0747331,2.3637
2.29836,0.0750659,2.37427
2.38609,0.0748132,2.46176
2.31674,0.0748596,2.39242
2.29483,0.0749977,2.37066
9 threads per task
2.37257,0.0748242,2.44821
2.29197,0.0747201,2.36752
2.38389,0.0746321,2.45934
2.39698,0.0773618,2.47519
2.37349,0.0748713,2.44917
2.29799,0.0750328,2.37383
2.36796,0.0750999,2.44389
2.34021,0.074664,2.41568
2.33019,0.0752444,2.40628
2.29516,0.0749375,2.3709
2.3345,0.0752297,2.41056
2.29217,0.0748235,2.36783
2.33342,0.075052,2.40927
2.28499,0.0751414,2.36094
2.46202,0.0751526,2.53802
2.29024,0.0750833,2.36613
2.29201,0.0748946,2.36771
2.28909,0.0752055,2.36514
2.28549,0.0754048,2.36169
2.35025,0.0750545,2.42614
2.3342,0.0750833,2.41009
2.37359,0.0750774,2.44948
2.3999,0.0748757,2.4756
2.29507,0.0748846,2.37081
2.33709,0.0755905,2.41349
2.2928,0.0751938,2.36879
2.45756,0.0752459,2.53361
2.29307,0.0750001,2.36887
2.3334,0.0751472,2.40935
2.29893,0.0748865,2.37464
2.34062,0.0747956,2.41623
2.29532,0.0749132,2.37108
2.31043,0.0751459,2.38642
2.3336,0.0748663,2.40928
2.34098,0.0749269,2.41671
2.29206,0.0749788,2.36786
2.29237,0.0757081,2.36892
2.28851,0.0750196,2.36434
2.34665,0.0748481,2.4223
3.19396,0.0748766,3.26968
2.38101,0.0747487,2.45657
2.34175,0.0749016,2.41746
2.29776,0.0748187,2.37339
2.36282,0.0751882,2.43884
2.33657,0.0751735,2.41256
2.33756,0.0751847,2.41356
2.32994,0.0747758,2.40554
2.40596,0.0749953,2.48177
2.43974,0.0751268,2.51569
2.33095,0.0749361,2.40671
2.39919,0.07519,2.47522
10 threads per task
2.32985,0.0748577,2.40554
2.4326,0.075112,2.50852
2.33595,0.0752355,2.412
2.3647,0.0752185,2.44073
2.34691,0.0747378,2.42246
2.39048,0.0750151,2.46633
2.28736,0.0748748,2.36304
2.31265,0.0747884,2.38824
2.29239,0.0748969,2.36813
2.33888,0.07523,2.41494
2.31227,0.0746565,2.38773
2.38024,0.0748962,2.45599
2.2993,0.0747087,2.37483
2.2935,0.074923,2.36926
2.37713,0.0750122,2.45297
2.34206,0.0747285,2.41765
2.48004,0.0750073,2.55585
2.3483,0.074824,2.42398
2.33759,0.0748845,2.41329
2.29098,0.075239,2.36705
2.35843,0.0748766,2.43415
2.28719,0.0749478,2.36298
2.33643,0.0748804,2.41212
2.33936,0.0750743,2.41529
2.33093,0.0749651,2.40671
2.36298,0.0750547,2.43885
2.35715,0.0751134,2.43307
2.33955,0.0747203,2.41514
2.28784,0.0750269,2.36371
2.41327,0.0750955,2.48921
2.32968,0.0761084,2.4066
2.29065,0.0749385,2.36639
2.30228,0.0746938,2.37779
2.28824,0.0749794,2.36405
2.32653,0.0749789,2.40228
2.29361,0.0749709,2.36939
2.2877,0.0748036,2.36333
2.34051,0.0750764,2.4164
2.38923,0.075133,2.46517
2.34024,0.0751999,2.4163
2.2929,0.074801,2.36854
2.29767,0.0748874,2.37336
2.36316,0.0746631,2.43863
2.32114,0.0747174,2.39667
2.40287,0.0749518,2.47866
2.36203,0.0747861,2.43766
2.35189,0.0750185,2.42772
2.2895,0.075083,2.36541
2.29526,0.0748648,2.37093
2.3325,0.074943,2.40827
2.39637,0.0748012,2.47198
11 threads per task
2.2975,0.0750812,2.37338
2.29013,0.0749971,2.36595
2.40406,0.0750876,2.47998
2.29506,0.0750177,2.37088
2.29523,0.0749518,2.37103
2.46608,0.0749169,2.54185
2.28982,0.07517,2.36582
2.29298,0.075169,2.36899
2.37731,0.0748184,2.45298
2.28736,0.0752963,2.36345
2.3012,0.075213,2.37726
2.38103,0.0748324,2.45665
2.28887,0.074836,2.36454
2.45429,0.07513,2.53024
2.33936,0.0747995,2.415
2.33,0.0747821,2.40561
2.29477,0.0751382,2.37072
2.28948,0.0751968,2.36552
2.33914,0.0750139,2.415
2.29558,0.0751443,2.37153
2.45345,0.0752001,2.52946
2.29939,0.0748035,2.37501
2.3722,0.0748491,2.4479
2.37127,0.0748344,2.44691
2.32868,0.0750686,2.40458
2.44814,0.0757332,2.52471
2.33463,0.0748346,2.41028
2.31601,0.0756107,2.39243
2.34946,0.0751124,2.42542
2.29549,0.0746708,2.37097
2.32812,0.075035,2.404
2.3981,0.0750966,2.47401
2.31133,0.0749906,2.38717
2.2881,0.0752559,2.3642
2.32109,0.0747969,2.39673
2.29656,0.0751633,2.37253
2.35715,0.0750221,2.43302
2.28995,0.0746751,2.36543
2.30821,0.0751864,2.38424
2.32252,0.075,2.3983
2.32877,0.0749927,2.40458
2.28705,0.0750098,2.36286
2.29791,0.074852,2.3736
2.31149,0.0751223,2.38741
2.28643,0.0765024,2.36374
2.40909,0.0751218,2.48501
2.33482,0.0752557,2.4109
2.46564,0.0749907,2.54144
2.39759,0.0756004,2.47401
2.37512,0.075072,2.451
2.33088,0.0752983,2.407
12 threads per task
2.39584,0.0750006,2.47166
2.4585,0.0748089,2.53413
2.33198,0.0750263,2.40782
2.33417,0.0747961,2.40981
2.34054,0.0751643,2.41652
2.32923,0.0749716,2.40505
2.29411,0.0756363,2.37059
2.29733,0.0748443,2.37302
2.30476,0.0754064,2.381
2.29833,0.0749427,2.37411
2.37425,0.0752069,2.45026
2.40331,0.0747372,2.47889
2.40704,0.075094,2.48297
2.30346,0.0748113,2.37912
2.3164,0.0755585,2.39282
2.42136,0.074956,2.49717
2.35326,0.0747091,2.42878
2.31175,0.0751178,2.3877
2.28799,0.0748339,2.36362
2.34159,0.0749025,2.41729
2.28979,0.0755027,2.36613
2.33482,0.0749651,2.41062
2.32014,0.0754207,2.39641
2.28971,0.0749855,2.36551
2.40532,0.075011,2.48114
2.40765,0.0751684,2.48363
2.33453,0.0751826,2.41052
2.36169,0.075018,2.43752
2.28566,0.0751424,2.36162
2.40629,0.0748893,2.48203
2.33415,0.0748011,2.40975
2.33061,0.07517,2.40658
2.37599,0.0747522,2.45155
2.33235,0.0749053,2.4081
2.4833,0.0754001,2.5595
2.29182,0.0748839,2.36753
2.3364,0.0751935,2.41243
2.28954,0.0749464,2.3653
2.33329,0.0749637,2.40906
2.30243,0.0748159,2.37811
2.3006,0.0748195,2.37624
2.32803,0.0748905,2.40375
2.31126,0.0747529,2.38683
2.37877,0.074836,2.4544
2.38296,0.0749446,2.45873
2.37594,0.0748443,2.45161
2.33361,0.0749238,2.40935
2.40549,0.0749828,2.48128
2.28882,0.0750879,2.36474
2.3715,0.0750333,2.44734
2.32303,0.0750527,2.39889
13 threads per task
2.40382,0.0752027,2.47983
2.28918,0.074853,2.36485
2.34754,0.0749732,2.42333
2.36211,0.0752717,2.43821
2.4052,0.0751339,2.48119
2.2976,0.0748831,2.3733
2.37098,0.0749327,2.44675
2.35661,0.0750965,2.43253
2.34763,0.0750755,2.42357
2.38526,0.0747227,2.46081
2.32898,0.0750141,2.4048
2.33942,0.0750605,2.41533
2.37618,0.0750617,2.45208
2.38181,0.0748104,2.45745
2.34176,0.0752075,2.41777
2.40276,0.0749732,2.47854
2.29305,0.0752139,2.36907
2.28772,0.0753309,2.36385
2.29356,0.075214,2.36958
2.34083,0.0750466,2.4167
2.32692,0.07525,2.403
2.32214,0.0751531,2.39814
2.29199,0.0752647,2.36808
2.34524,0.0748649,2.42096
2.30152,0.0750285,2.37737
2.28837,0.0748549,2.36404
2.40764,0.0752384,2.48368
2.3391,0.0748841,2.41484
2.30471,0.0747592,2.38028
2.29746,0.0747948,2.3731
2.30436,0.0749077,2.38011
2.33045,0.0747722,2.40603
2.45348,0.0752327,2.52951
2.29718,0.0750812,2.3731
2.37182,0.074882,2.44753
2.31719,0.0752095,2.39325
2.36251,0.0748443,2.43817
2.38522,0.075068,2.46115
2.34442,0.0748782,2.4201
2.35396,0.0748211,2.42962
2.34303,0.0747385,2.41858
2.35758,0.0750191,2.4334
2.35776,0.0747933,2.43337
2.32314,0.0751267,2.39909
2.37567,0.0747773,2.45126
2.40592,0.0749134,2.48167
2.61488,0.074713,2.69042
2.3197,0.0748857,2.3954
2.28615,0.0747385,2.36169
2.35077,0.0749555,2.42655
2.28833,0.0752214,2.3644
14 threads per task
2.39227,0.0751014,2.46822
2.4075,0.0753987,2.48376
2.29613,0.075011,2.37199
2.40922,0.0752611,2.48528
2.29748,0.0749224,2.37325
2.40815,0.0751319,2.48409
2.29224,0.0749548,2.36805
2.29281,0.0749279,2.36858
2.29176,0.0749267,2.3675
2.32974,0.0749916,2.40556
2.28891,0.0753887,2.36514
2.29618,0.0749998,2.37202
2.33117,0.075021,2.40704
2.33815,0.0748694,2.41383
2.33485,0.075017,2.4107
2.32061,0.0749046,2.39634
2.33984,0.0748882,2.41556
2.28671,0.075046,2.36257
2.29078,0.0752251,2.36683
2.3442,0.0747537,2.41977
2.29806,0.0752326,2.37409
2.28885,0.0749383,2.36462
2.36576,0.075013,2.44161
2.39934,0.0748233,2.47501
2.40317,0.0748018,2.47882
2.37094,0.0749026,2.44668
2.378,0.0751586,2.45399
2.31577,0.0749401,2.39154
2.2965,0.0749845,2.3723
2.32817,0.0748181,2.4038
2.35047,0.0750349,2.42631
2.35758,0.0750089,2.4334
2.39985,0.0749642,2.47563
2.3401,0.0751026,2.41601
2.32,0.0751963,2.39603
2.33786,0.0749968,2.41365
2.36626,0.0748517,2.44196
2.37435,0.074858,2.45002
2.31909,0.0749692,2.39491
2.29237,0.0747335,2.36791
2.36654,0.074995,2.44235
2.30702,0.0753143,2.38314
2.34043,0.0750562,2.41634
2.37234,0.0747261,2.44788
2.31997,0.0750471,2.39586
2.40262,0.0751774,2.4786
2.29697,0.0751793,2.373
2.37018,0.0750715,2.44606
2.34357,0.0748707,2.41929
2.32064,0.0749594,2.39641
2.34429,0.0748916,2.42003
15 threads per task
2.38481,0.0748746,2.46052
2.41486,0.0750515,2.49075
2.40704,0.0750551,2.4829
2.31301,0.074886,2.38874
2.41108,0.0749953,2.48688
2.33935,0.0750248,2.41522
2.3394,0.0753355,2.41554
2.33424,0.074925,2.41003
2.33067,0.0752526,2.40672
2.41027,0.0750853,2.48633
2.29348,0.0748941,2.36918
2.38978,0.0751488,2.46577
2.32889,0.0756682,2.40538
2.2978,0.0751205,2.37375
2.33926,0.0748916,2.41497
2.29314,0.0751048,2.36909
2.3727,0.0750056,2.44852
2.32185,0.0748789,2.39758
2.3644,0.075148,2.44036
2.40702,0.0748921,2.48275
2.33414,0.0750476,2.41
2.38746,0.074807,2.46311
2.29563,0.0758324,2.37227
2.48488,0.0749745,2.56069
2.29376,0.0753307,2.36992
2.36408,0.0751966,2.44013
2.39927,0.0752323,2.47531
2.39608,0.0751224,2.47205
2.29453,0.0752938,2.37063
2.33318,0.0748021,2.40882
2.29621,0.074798,2.37182
2.39771,0.075096,2.47362
2.2955,0.0750733,2.37141
2.29059,0.0750871,2.36648
2.32181,0.074782,2.39741
2.48936,0.0750234,2.56522
2.43956,0.0753215,2.51569
2.34466,0.0752782,2.42074
2.30102,0.0752077,2.37704
2.33368,0.0754646,2.40993
2.32687,0.074964,2.40265
2.31421,0.0749018,2.38996
2.34961,0.0750601,2.42549
2.34128,0.0752136,2.41734
2.33301,0.0747867,2.40861
2.28534,0.074909,2.36111
2.37287,0.0747576,2.44845
2.2937,0.0749162,2.36942
2.34655,0.0752834,2.42265
2.33759,0.0749394,2.41334
2.2971,0.0751373,2.37303
16 threads per task
2.29284,0.0750103,2.36868
2.40029,0.0747698,2.47587
2.31158,0.075092,2.38748
2.37438,0.0752872,2.45048
2.34458,0.074894,2.42028
2.37733,0.0751011,2.45325
2.31884,0.0751645,2.3948
2.33753,0.0750372,2.41336
2.47225,0.0749792,2.54805
2.37751,0.0754234,2.45374
2.32691,0.0752158,2.40294
2.32575,0.0752569,2.40182
2.4076,0.0751097,2.4835
2.29615,0.0753123,2.37227
2.38122,0.0748768,2.45694
2.33627,0.0750707,2.41219
2.32019,0.0748988,2.39594
2.33225,0.0752957,2.40838
2.33986,0.0751657,2.41585
2.3811,0.0751818,2.45713
2.28928,0.0751434,2.36527
2.31864,0.0753421,2.39479
2.31528,0.0748202,2.39094
2.29131,0.075278,2.3674
2.29432,0.0748904,2.37002
2.39895,0.0749724,2.47476
2.34154,0.0750965,2.41745
2.33217,0.075106,2.40812
2.39043,0.0747749,2.46602
2.36284,0.0754817,2.43916
2.40825,0.0751769,2.48424
2.29675,0.0750887,2.37265
2.34386,0.0749061,2.41959
2.33307,0.0747899,2.40867
2.37351,0.0751671,2.44952
2.30554,0.0748298,2.38118
2.28455,0.0748708,2.36026
2.29998,0.0749065,2.37572
2.33642,0.0753736,2.41263
2.34091,0.0749157,2.41665
2.37045,0.0750082,2.44625
2.3296,0.0749507,2.40537
2.29284,0.0750636,2.36873
2.33686,0.0752125,2.41289
2.33919,0.0747693,2.41477
2.34044,0.0748103,2.41608
2.28989,0.0750653,2.36579
2.3509,0.0747601,2.42648
2.37977,0.075324,2.45591
2.39893,0.0747637,2.47451
2.28812,0.0752827,2.3642
17 threads per task
2.29619,0.0748029,2.3718
2.33995,0.075142,2.41591
2.40092,0.0749371,2.47668
2.28813,0.0749839,2.36393
2.35737,0.0752582,2.43346
2.29404,0.0750326,2.36987
2.34966,0.075117,2.4256
2.35681,0.0750152,2.43266
2.304,0.0751125,2.37995
2.33786,0.0748039,2.41349
2.28674,0.0752399,2.36279
2.28961,0.075129,2.36554
2.28967,0.0756906,2.36617
2.35071,0.0752505,2.42677
2.29789,0.0750189,2.37376
2.32916,0.0749195,2.40489
2.2877,0.074965,2.36349
2.30451,0.0753058,2.38063
2.38659,0.0754938,2.46291
2.3295,0.0752405,2.40557
2.30148,0.0748675,2.37719
2.33038,0.0753045,2.40653
2.2896,0.0749732,2.36538
2.28811,0.0748972,2.36386
2.42646,0.0750422,2.50236
2.34648,0.0764723,2.4238
2.37949,0.0752779,2.45563
2.29941,0.0751048,2.37533
2.31902,0.0749398,2.39481
2.61892,0.0751654,2.69492
2.33848,0.0749556,2.41429
2.32225,0.0751713,2.39827
2.33959,0.0750101,2.4154
2.40709,0.0749609,2.48289
2.34094,0.0750521,2.41684
2.42915,0.0748635,2.50482
2.33764,0.0750701,2.41352
2.34234,0.0750862,2.41823
2.29875,0.0754677,2.37503
2.29775,0.0748664,2.37342
2.34087,0.075044,2.41675
2.33986,0.0749298,2.41561
2.33837,0.0748186,2.41399
2.37384,0.0751746,2.44984
2.38381,0.0749127,2.45957
2.33379,0.0749792,2.40958
2.42289,0.0749061,2.49863
2.3827,0.0751136,2.45862
2.33347,0.0750418,2.40937
2.29413,0.0752361,2.37017
2.29584,0.0751972,2.37187
18 threads per task
2.37449,0.0748638,2.45017
2.33825,0.0750782,2.41417
2.30031,0.0748627,2.37601
2.28547,0.075063,2.36138
2.30591,0.0750769,2.38181
2.29021,0.0749975,2.36606
2.38414,0.0749522,2.4599
3.30393,0.0747507,3.37953
2.29116,0.0751178,2.36709
2.34677,0.0750121,2.42262
2.33429,0.0752713,2.41039
2.33547,0.0749406,2.41122
2.33203,0.0749473,2.40782
2.29239,0.0749989,2.36823
2.3694,0.0751338,2.44538
2.34121,0.0750038,2.41707
2.3748,0.0750799,2.4507
2.39831,0.0751326,2.47428
2.34114,0.0748479,2.41684
2.40129,0.0753625,2.4775
2.33599,0.075227,2.41202
2.44542,0.0748667,2.52111
2.32928,0.0751159,2.4052
2.29483,0.0750811,2.37074
2.302,0.0748018,2.37761
2.33524,0.0759994,2.41208
2.32446,0.0748976,2.40016
2.29622,0.0752269,2.37229
2.38927,0.0759823,2.46605
2.31134,0.0752137,2.3874
2.29937,0.0750566,2.37523
2.28973,0.0751605,2.3657
2.32043,0.0749005,2.39614
2.40538,0.0749757,2.4812
2.32753,0.0750985,2.40347
2.28731,0.0751496,2.36332
2.37704,0.0751794,2.45302
2.29383,0.0750344,2.36968
2.29478,0.0747792,2.37039
2.37234,0.0752436,2.44842
2.37665,0.0749827,2.45245
2.33671,0.074961,2.41248
2.38363,0.0749386,2.45938
2.33846,0.0751331,2.41441
2.33061,0.0752897,2.40671
2.40757,0.0750072,2.4834
2.33038,0.0750165,2.40624
2.3352,0.0753617,2.4114
2.39921,0.0748007,2.47483
2.3284,0.0748947,2.40414
2.4013,0.0750365,2.47718
19 threads per task
2.33548,0.0751854,2.41148
2.36563,0.0753428,2.44179
2.28916,0.0751006,2.36508
2.32312,0.0748768,2.3988
2.33044,0.0748122,2.40606
2.29495,0.0752963,2.37103
2.40904,0.0751609,2.48503
2.33248,0.0748887,2.40818
2.33894,0.0750389,2.41481
2.3562,0.0748828,2.43193
2.34256,0.0750554,2.41843
2.34424,0.0750276,2.42006
2.42357,0.0750861,2.49947
2.43873,0.0751867,2.51473
2.37946,0.07501,2.45532
2.37872,0.0757424,2.45528
2.29671,0.0751634,2.37268
2.33164,0.0750017,2.40746
2.34515,0.0752123,2.42117
2.33252,0.0750563,2.40839
2.37219,0.0751718,2.44817
2.31992,0.0751852,2.39594
2.32862,0.0750857,2.40453
2.36032,0.0753154,2.43648
2.33471,0.075025,2.41055
2.41603,0.0753828,2.49224
2.40237,0.0749323,2.47815
2.28836,0.0752011,2.36441
2.35704,0.0749411,2.43278
2.37459,0.075206,2.45062
2.2922,0.0748319,2.36784
2.47716,0.0748498,2.55286
2.29438,0.0749853,2.37019
2.29055,0.0749611,2.36632
2.28946,0.0749096,2.36517
2.33928,0.0752847,2.41541
2.34439,0.0752844,2.42048
2.29818,0.0752305,2.37426
2.29247,0.0753859,2.36871
2.33324,0.0752646,2.40933
2.34081,0.075057,2.41669
2.28746,0.0753083,2.36361
3.27657,0.074945,3.35233
2.48144,0.0752868,2.55756
2.36518,0.0752661,2.44125
2.33606,0.0752311,2.41212
2.338,0.0751805,2.41401
2.33873,0.0752716,2.41481
2.36286,0.0750701,2.43876
2.37084,0.0750097,2.44666
2.37837,0.075091,2.45427
20 threads per task
2.33322,0.0753646,2.40941
2.36838,0.0748249,2.44402
2.3555,0.0751426,2.43146
2.36085,0.0749335,2.4366
2.3747,0.0750659,2.45057
2.33044,0.0749709,2.40623
2.32082,0.0752212,2.39686
2.36403,0.0752325,2.44012
2.31298,0.0751173,2.38893
2.3695,0.0748724,2.44521
2.38122,0.0750431,2.45712
2.29005,0.0750385,2.36593
2.35317,0.0748968,2.42892
2.32597,0.0747811,2.40158
2.3304,0.0751582,2.4064
2.30285,0.0753119,2.37899
2.3364,0.0749372,2.41219
2.33952,0.075153,2.41549
2.4057,0.0750696,2.48159
2.32128,0.075131,2.39722
2.37076,0.0749485,2.44654
2.29799,0.0751573,2.37395
2.33968,0.0751082,2.4156
2.29199,0.0748847,2.3677
2.30671,0.0751721,2.3827
2.33694,0.0754597,2.41323
2.29292,0.0750224,2.3688
2.46599,0.0752092,2.54202
2.38619,0.0750414,2.46208
2.3695,0.0751823,2.44549
2.40828,0.0751924,2.48431
2.34626,0.0751029,2.42217
2.40017,0.07528,2.4763
2.2884,0.0750328,2.36427
2.3697,0.0752123,2.44572
2.29244,0.0750947,2.36834
2.3381,0.0748575,2.41381
2.36803,0.0748949,2.44374
2.28512,0.0750179,2.36099
2.28866,0.0749487,2.36442
2.29057,0.0752737,2.36665
2.29481,0.0749685,2.37062
2.38057,0.0750724,2.45645
2.303,0.0753845,2.3792
2.29965,0.0749237,2.37539
2.29372,0.0750573,2.36958
2.30136,0.0749363,2.37716
2.30358,0.0750951,2.37949
2.35045,0.0749881,2.42628
2.38078,0.0753327,2.45692
2.43009,0.074938,2.50588
21 threads per task
2.40828,0.075161,2.48429
2.32908,0.0749326,2.40481
2.34243,0.074969,2.41821
2.43986,0.0749701,2.51567
2.37538,0.0748765,2.45111
2.28472,0.0751388,2.36066
2.34048,0.0748554,2.41615
2.33616,0.0749821,2.41199
2.34627,0.0755412,2.42266
2.34487,0.0748902,2.42058
2.33654,0.0750917,2.41245
2.40522,0.0754406,2.48147
2.30239,0.0750143,2.37826
2.33709,0.0751463,2.41304
2.31446,0.0749102,2.39018
2.38186,0.0756248,2.45833
2.33134,0.0752548,2.40745
2.34129,0.0763763,2.41852
2.34175,0.0754019,2.41796
2.36928,0.0753423,2.44544
2.3774,0.0749293,2.45318
2.48723,0.075027,2.56311
2.2952,0.0752834,2.37133
2.34376,0.0751475,2.41975
2.33889,0.0751991,2.4149
2.41042,0.075195,2.48645
2.34915,0.0748747,2.42486
2.3455,0.0749542,2.42127
2.34424,0.0750497,2.42014
2.40521,0.0749045,2.48093
2.28843,0.0753017,2.36458
2.40572,0.0749824,2.48153
2.30422,0.0751193,2.38017
2.28994,0.0750459,2.36583
2.28743,0.0751302,2.36341
2.3269,0.0753233,2.40305
2.3179,0.074941,2.39368
2.33408,0.0752832,2.41017
2.32277,0.0747996,2.39839
2.33937,0.0752256,2.41545
2.29127,0.0749321,2.36706
2.39224,0.0753802,2.46847
2.28856,0.0752198,2.36459
2.4232,0.0750898,2.49913
2.33927,0.075011,2.41512
2.33414,0.0749892,2.40998
2.3717,0.0752016,2.44771
2.44663,0.0752845,2.52273
2.28727,0.0755167,2.36364
2.33307,0.0752516,2.40917
2.34188,0.0753396,2.41806
22 threads per task
2.36126,0.0751257,2.43723
2.29095,0.0752626,2.36703
2.45285,0.0750211,2.5287
2.36336,0.0755092,2.43972
2.30534,0.0752344,2.38142
2.41596,0.0751033,2.49187
2.34116,0.074987,2.41695
2.28788,0.0750701,2.36378
2.3005,0.0754303,2.37678
2.33158,0.075084,2.40747
2.33458,0.0749184,2.41031
2.29458,0.0750996,2.37049
2.31258,0.074985,2.38844
2.33726,0.0755667,2.41367
2.36697,0.0752913,2.4431
2.37222,0.075261,2.44833
2.29272,0.0754327,2.36896
2.33279,0.0750952,2.40868
2.45219,0.0753842,2.52842
2.29673,0.0755302,2.37309
2.3428,0.0771581,2.42077
2.37967,0.0749321,2.45541
2.34151,0.0752654,2.41759
2.3633,0.0753271,2.43948
2.41441,0.0750461,2.49027
2.29585,0.0750597,2.37174
2.33297,0.0754189,2.4092
2.35821,0.0753309,2.43439
2.29754,0.0750385,2.3734
2.3132,0.0754021,2.38945
2.44904,0.0752383,2.52508
2.29024,0.0749247,2.36601
2.33718,0.0752778,2.41326
2.36557,0.0752317,2.44162
2.40319,0.0750683,2.47907
2.32807,0.0755542,2.40447
2.34714,0.0748955,2.42287
2.33532,0.0751872,2.41135
2.34936,0.0749655,2.42514
2.37383,0.0751903,2.44985
2.34759,0.0751549,2.42356
2.29299,0.0752926,2.36911
2.44577,0.0755235,2.52211
2.40103,0.0752266,2.4771
2.29874,0.0749393,2.3745
2.34569,0.0753043,2.4218
2.38496,0.0754208,2.4612
2.33886,0.0750997,2.41479
2.43175,0.0750026,2.50758
2.32669,0.0750147,2.40252
2.33291,0.0754042,2.40915
23 threads per task
2.38823,0.075142,2.46422
2.39942,0.075147,2.47542
2.39903,0.0749089,2.47478
2.30408,0.0750138,2.3799
2.29413,0.0749136,2.36986
2.42695,0.0752706,2.50303
2.29009,0.0748976,2.36584
2.42655,0.0752268,2.50259
2.35354,0.0749558,2.42932
2.33767,0.0753681,2.41385
2.40286,0.0752996,2.47899
2.40689,0.075144,2.48286
2.37199,0.0750764,2.4479
2.30253,0.0753089,2.37865
2.38551,0.0749633,2.46128
2.37565,0.0757114,2.45218
2.33758,0.0754297,2.41382
2.33022,0.074948,2.40599
2.33898,0.0753246,2.41514
2.33186,0.0751947,2.40787
2.28986,0.0752864,2.3659
2.46395,0.074958,2.53973
2.30461,0.0752955,2.38072
2.37079,0.0748499,2.44648
2.3224,0.0749222,2.39814
2.34526,0.0749077,2.421
2.29445,0.0753493,2.37061
2.29956,0.0749699,2.37535
2.28631,0.0751403,2.36231
2.33255,0.0753301,2.40869
2.40884,0.0751047,2.48478
2.30527,0.0751559,2.38124
2.42637,0.0748864,2.5021
2.29543,0.0749626,2.37121
2.39627,0.0761685,2.47326
2.28869,0.0753435,2.36484
2.31714,0.0771929,2.39515
2.34379,0.0748678,2.41949
2.34702,0.0751301,2.42297
2.3897,0.0753849,2.46589
2.40483,0.0750219,2.48068
2.40531,0.075142,2.48126
2.37345,0.0750067,2.44928
2.29145,0.0751498,2.3674
2.29431,0.0753738,2.37053
2.33053,0.0753385,2.40668
2.40893,0.0749348,2.48468
2.3089,0.074884,2.38461
2.33938,0.0752995,2.41551
2.41425,0.0751579,2.49022
2.33109,0.0749406,2.40684
24 threads per task
2.37585,0.0749657,2.45165
2.33805,0.0750134,2.41387
2.34257,0.075106,2.41848
2.30646,0.0750257,2.3823
2.45515,0.0750125,2.53098
2.35106,0.0748564,2.42674
2.28929,0.0752922,2.36539
2.29318,0.0751529,2.36914
2.31911,0.0751325,2.39503
2.35617,0.0749881,2.43198
2.38206,0.0752393,2.45816
2.34246,0.0753361,2.41861
2.33975,0.0752841,2.41584
2.33002,0.0751534,2.40599
2.3367,0.0754745,2.41298
2.3893,0.0748766,2.46498
2.39755,0.0749337,2.4733
2.29762,0.0751628,2.3736
2.35236,0.0749816,2.42816
2.29175,0.0750632,2.36764
2.37235,0.0752973,2.44849
2.33852,0.0752703,2.4146
2.33838,0.075215,2.41445
2.33386,0.0752878,2.40998
2.39176,0.0751443,2.46776
2.28702,0.0750893,2.36293
2.45909,0.0752631,2.53516
2.3074,0.0752825,2.3835
2.39601,0.0750051,2.47182
2.29278,0.0750405,2.36863
2.28988,0.0750102,2.36571
2.29615,0.0751852,2.37214
2.29584,0.0751877,2.37184
2.29578,0.0752072,2.37181
2.29647,0.075231,2.37253
2.39725,0.0750726,2.47313
2.33744,0.0750004,2.41325
2.33033,0.0751494,2.40629
2.32145,0.0752679,2.39753
2.37508,0.0751664,2.45106
2.32941,0.0750263,2.40524
2.33902,0.0749298,2.41476
2.2978,0.075166,2.37382
2.33662,0.075255,2.41269
2.34651,0.0753231,2.42264
2.36593,0.0752583,2.44202
2.31018,0.0750697,2.38606
2.40587,0.0750339,2.48173
2.32962,0.0751668,2.4056
2.38055,0.0754742,2.45684
2.40234,0.0750879,2.47829
25 threads per task
2.37339,0.0752328,2.44947
2.31919,0.0749145,2.39491
2.28678,0.0752155,2.36281
2.29769,0.0751345,2.37363
2.33524,0.0750666,2.41112
2.33893,0.0753109,2.41505
2.33705,0.0750764,2.41295
2.41351,0.0754998,2.48982
2.40121,0.0749307,2.47697
2.3845,0.0751149,2.46042
2.30481,0.075023,2.38065
2.29918,0.0750062,2.37499
2.2936,0.0751253,2.36955
2.36646,0.0751503,2.44237
2.40513,0.0752159,2.48115
2.33915,0.0751671,2.41513
2.2894,0.0749191,2.36513
2.33326,0.0748552,2.40893
2.31288,0.0750683,2.38877
2.29013,0.075315,2.3663
2.44368,0.0751655,2.51965
2.28471,0.0752419,2.36076
2.38996,0.0754319,2.46621
2.28696,0.0750762,2.36285
2.3375,0.0752667,2.41353
2.34216,0.0752867,2.41825
2.32512,0.0754323,2.40136
2.39638,0.07611,2.4733
2.62029,0.0753068,2.6964
2.37425,0.0753241,2.45042
2.47899,0.0751004,2.5549
2.38134,0.0751845,2.45734
2.2931,0.075441,2.36935
2.39652,0.0752642,2.4726
2.29486,0.075068,2.37075
2.30805,0.0749101,2.38377
2.33013,0.075403,2.40634
2.40512,0.075203,2.48114
2.29159,0.0754976,2.3679
2.34061,0.0752117,2.41664
2.29534,0.0752345,2.37138
2.37367,0.0754909,2.44997
2.36107,0.0754807,2.43739
2.33941,0.0751789,2.41539
2.28581,0.0751231,2.36175
2.44568,0.0757103,2.5222
2.37178,0.0749457,2.44754
2.34163,0.0752709,2.41771
2.336,0.0752714,2.41208
2.33601,0.0755615,2.41241
2.37473,0.0751206,2.45066
26 threads per task
2.29672,0.0753304,2.37287
2.30236,0.0749966,2.37818
2.32788,0.0750807,2.40379
2.32979,0.0750269,2.40565
2.29444,0.0748982,2.37014
2.34124,0.0750571,2.41712
2.34,0.075028,2.41585
2.37139,0.0750582,2.4473
2.3696,0.0752953,2.44575
2.28774,0.075073,2.36364
2.33515,0.0758895,2.41187
2.31558,0.0753654,2.39175
2.35034,0.0751663,2.42636
2.28865,0.075208,2.36467
2.34735,0.0749731,2.42313
2.30481,0.075619,2.38126
2.33875,0.0755887,2.41515
2.3668,0.0752809,2.4429
2.37072,0.075005,2.44655
2.37717,0.0749515,2.45293
2.34067,0.0758455,2.41733
2.30359,0.0750292,2.37943
2.40404,0.0751465,2.48003
2.28959,0.0754346,2.36583
2.29262,0.0758957,2.36933
2.39846,0.075139,2.47441
2.35383,0.0752565,2.42992
2.36216,0.0749802,2.438
2.3307,0.0751042,2.40663
2.29216,0.075016,2.368
2.28737,0.0753369,2.36359
2.29108,0.0751241,2.36701
2.29328,0.0754246,2.36951
2.46302,0.0749635,2.5388
2.33293,0.0753384,2.40909
2.42923,0.0749784,2.50501
2.39896,0.0752063,2.47499
2.33674,0.0749523,2.4125
2.39632,0.075029,2.47217
2.34251,0.0753538,2.41868
2.38005,0.0754547,2.45631
2.33502,0.0753174,2.41115
2.38239,0.0751146,2.45832
2.37322,0.0753732,2.4494
2.33312,0.0748785,2.40881
2.28763,0.0755073,2.36395
2.29379,0.0751747,2.36978
2.33078,0.0749529,2.40651
2.33868,0.0750901,2.41458
2.28664,0.075094,2.36254
2.36663,0.0750408,2.44249
27 threads per task
2.46791,0.075129,2.54386
2.33419,0.0749523,2.40994
2.33649,0.0750353,2.41233
2.30245,0.0753303,2.37859
2.29933,0.0749568,2.37508
2.34154,0.0754695,2.41782
2.3143,0.0750689,2.39018
2.34309,0.0750451,2.41894
2.2949,0.075294,2.37102
2.2914,0.0750653,2.36728
2.33404,0.0754421,2.41028
2.35462,0.0753696,2.4308
2.33883,0.0749875,2.41464
2.33486,0.0753904,2.41107
2.45498,0.075223,2.53103
2.37233,0.0751104,2.44825
2.39521,0.0750221,2.47104
2.39789,0.0751016,2.47381
2.29291,0.0749257,2.36865
2.31986,0.0749018,2.39558
2.32871,0.075041,2.40457
2.36318,0.0753493,2.43934
2.39829,0.0751396,2.47425
2.38909,0.0750591,2.46496
2.38443,0.0753091,2.46058
2.34297,0.0750366,2.41882
2.37266,0.0751824,2.44865
2.29033,0.0753,2.36644
2.33422,0.0750404,2.41011
2.33368,0.0752709,2.40977
2.37892,0.0751346,2.45487
2.29185,0.0751074,2.36778
2.47978,0.0751914,2.55577
2.29567,0.0750842,2.37157
2.34044,0.0752921,2.41654
2.28886,0.0751883,2.36487
2.29662,0.0755658,2.373
2.32055,0.0753962,2.39675
2.37458,0.0754455,2.45083
2.37068,0.0749635,2.44646
2.40738,0.0753871,2.48358
2.30191,0.0753047,2.37803
2.44465,0.0750872,2.52054
2.38259,0.0752387,2.45865
2.34996,0.0750685,2.42584
2.33921,0.0754003,2.41543
2.36572,0.0750958,2.44163
2.2901,0.0752285,2.36611
2.32985,0.0749255,2.4056
2.29243,0.0751612,2.36839
2.34846,0.074959,2.42423
28 threads per task
2.28655,0.0751525,2.36252
2.33511,0.0750457,2.41095
2.28986,0.0750913,2.36578
2.33559,0.0753224,2.41172
2.41177,0.0752109,2.4878
2.33129,0.0750944,2.40723
2.38946,0.0752874,2.46556
2.32945,0.0753578,2.40565
2.33793,0.0751409,2.41388
2.43162,0.0755749,2.508
2.28997,0.0751529,2.36593
2.30886,0.0756618,2.38535
2.28786,0.0755374,2.36421
2.30262,0.075508,2.37894
2.2994,0.0751781,2.37537
2.29016,0.075187,2.36619
2.29458,0.0749696,2.37036
2.28852,0.0750892,2.36441
2.469,0.0752978,2.54511
2.32815,0.0755406,2.4045
2.32461,0.0749628,2.40038
2.29145,0.0753049,2.3676
2.39115,0.0753034,2.46724
2.34337,0.0751038,2.41932
2.33767,0.0749681,2.41344
2.36694,0.0751649,2.44292
2.39907,0.0751034,2.47499
2.29492,0.0753073,2.37104
2.32833,0.0752276,2.40437
2.29869,0.0751313,2.37464
2.3417,0.0752577,2.41777
2.32769,0.0754381,2.40394
2.3374,0.0752375,2.41344
2.33944,0.0753706,2.41563
2.32721,0.0751902,2.40321
2.30097,0.0753283,2.37711
2.37121,0.0753614,2.44738
2.28589,0.0751889,2.3619
2.29062,0.0752101,2.36664
2.3359,0.0749241,2.41164
2.35783,0.0749077,2.43354
2.29703,0.075171,2.37302
2.33249,0.0754214,2.40872
2.30277,0.0754304,2.37901
2.29812,0.0752218,2.37415
2.28731,0.0750337,2.36315
2.28706,0.0749615,2.36283
2.28994,0.0750924,2.36585
2.33686,0.0752082,2.41289
2.29231,0.0749264,2.36801
2.29483,0.0754646,2.37112
29 threads per task
2.28835,0.0753624,2.36452
2.29491,0.0751513,2.37088
2.32956,0.0752254,2.40559
2.29109,0.0754437,2.36736
2.43668,0.0754918,2.51295
2.3866,0.0753071,2.46272
2.43004,0.0750731,2.50591
2.47949,0.0754593,2.55575
2.33141,0.0750423,2.40727
2.2952,0.0753339,2.37135
2.31001,0.0751299,2.38597
2.29366,0.0755319,2.37
2.36332,0.0749344,2.43905
2.32995,0.0752284,2.40599
2.40649,0.0752298,2.48254
2.34102,0.0751019,2.41694
2.32671,0.0753169,2.40281
2.33173,0.0751189,2.40768
2.28851,0.0754912,2.36481
2.2986,0.0758581,2.37527
2.34871,0.0752606,2.42478
2.41248,0.0749925,2.48828
2.29638,0.0755118,2.3727
2.33535,0.0754064,2.41156
2.36119,0.075428,2.43743
2.33427,0.0752928,2.41037
2.37612,0.0754456,2.45238
2.29348,0.0752558,2.36955
2.32603,0.0751076,2.40195
2.33061,0.0753323,2.40675
2.29933,0.0754229,2.37556
2.34858,0.0751675,2.42457
2.33935,0.0754703,2.41565
2.28673,0.0754074,2.36295
2.34806,0.0751184,2.424
2.33211,0.0750402,2.40797
2.3221,0.0750274,2.39794
2.33661,0.0750563,2.41247
2.37726,0.0759262,2.45399
2.28655,0.0752324,2.36259
2.28583,0.0751213,2.36177
2.47234,0.0750667,2.54822
2.36336,0.0753723,2.43954
2.38149,0.0752279,2.45755
2.3432,0.075466,2.41947
2.33827,0.075003,2.4141
2.33798,0.0750185,2.41386
2.40994,0.0754025,2.48615
2.29364,0.0755525,2.37001
2.29867,0.0753142,2.37479
2.42545,0.0751034,2.50137
30 threads per task
2.38897,0.0752518,2.46505
2.39454,0.0751994,2.47055
2.40844,0.0749244,2.48418
2.3755,0.0749709,2.45123
2.33035,0.0752616,2.40642
2.40562,0.075361,2.48179
2.35677,0.075393,2.43298
2.37331,0.0755382,2.44966
2.33907,0.0752878,2.41516
2.37963,0.0760425,2.4565
2.33752,0.0753055,2.41364
2.34663,0.0754528,2.4229
2.32982,0.0751659,2.4058
2.37466,0.0760625,2.45153
2.29976,0.0751955,2.37578
2.29312,0.0753642,2.36933
2.42205,0.0750278,2.49787
2.32734,0.075661,2.40385
2.32312,0.0752938,2.39924
2.33143,0.0756457,2.40787
2.28567,0.0750655,2.36155
2.36655,0.0755726,2.44293
2.28856,0.0755678,2.36492
2.40176,0.0752628,2.47783
2.38079,0.0749209,2.45653
2.40792,0.0750119,2.48375
2.34221,0.0752593,2.41828
2.33312,0.0753188,2.40929
3.22019,0.0749451,3.29596
2.3425,0.0755149,2.41882
2.40729,0.0749431,2.48306
2.28625,0.0751216,2.36218
2.36988,0.0749619,2.44566
2.33285,0.0753473,2.409
2.32549,0.0752461,2.40155
2.33452,0.0756604,2.411
2.39791,0.0754218,2.47415
2.38108,0.0752735,2.45716
2.47965,0.074979,2.55544
2.33938,0.0750139,2.4152
2.29452,0.0750945,2.37043
2.32562,0.0750709,2.4015
2.28841,0.075205,2.36447
2.33913,0.0754224,2.41537
2.29434,0.0752772,2.37043
2.34312,0.0752346,2.41916
2.36892,0.0751394,2.44487
2.30333,0.0752259,2.37936
2.29142,0.0749613,2.36719
2.38519,0.0750714,2.46107
2.32874,0.0754668,2.40502
31 threads per task
2.33487,0.0753297,2.41106
2.31725,0.0754737,2.39354
2.33549,0.0755738,2.41187
2.45178,0.0749939,2.52759
2.29034,0.0754568,2.36661
2.28347,0.0752837,2.35956
2.34176,0.0753409,2.41792
2.3753,0.0751843,2.45134
2.33271,0.0761844,2.4097
2.29606,0.0753828,2.37226
2.29887,0.0755321,2.37524
2.33387,0.0751894,2.40989
2.29763,0.0754895,2.37393
2.30278,0.0754234,2.37902
2.28725,0.0753154,2.36341
2.29529,0.0751016,2.37123
2.3075,0.0751714,2.38348
2.39781,0.0754425,2.47408
2.32999,0.0755187,2.40633
2.32199,0.075156,2.39796
2.36308,0.0750878,2.43897
2.28575,0.075433,2.362
2.40839,0.0751385,2.48434
2.29239,0.0754866,2.36872
2.33968,0.075418,2.41591
2.34182,0.0752953,2.41794
2.36797,0.0753283,2.44414
2.32799,0.075326,2.40415
2.29089,0.0753184,2.36703
2.36936,0.0751786,2.44535
2.37736,0.0752802,2.45346
2.34413,0.0751822,2.42011
2.36444,0.0751461,2.44045
2.30631,0.075585,2.3827
2.29616,0.0753601,2.37234
2.36885,0.0755838,2.44527
2.33432,0.0753926,2.41052
2.286,0.0752027,2.36205
2.36817,0.0753528,2.44434
2.3366,0.0756877,2.4131
2.29151,0.0750528,2.36738
2.33121,0.0750083,2.40702
2.29397,0.0753121,2.37009
2.29186,0.0751328,2.36782
2.37791,0.0752445,2.45397
2.34018,0.0754243,2.41642
2.28793,0.0754723,2.36423
2.34208,0.0752951,2.41821
2.28904,0.0753466,2.36522
2.29162,0.0754398,2.36787
2.33061,0.0752788,2.40669
32 threads per task
2.34019,0.0750254,2.41606
2.32995,0.0751438,2.40592
2.28691,0.0749483,2.36269
2.33928,0.0752378,2.41533
2.29656,0.0755401,2.3729
2.29087,0.0750862,2.36677
2.41797,0.075121,2.49391
2.46993,0.075364,2.54611
2.28703,0.0751395,2.36298
2.33598,0.0755295,2.41232
2.37733,0.0754031,2.45354
2.38039,0.0755174,2.45671
2.29988,0.0754098,2.37612
2.29016,0.0753804,2.36635
2.2898,0.0750242,2.36564
2.28983,0.0750997,2.36576
2.28625,0.0753707,2.36247
2.37307,0.0750735,2.44895
2.33092,0.0751123,2.40687
2.40002,0.075113,2.47593
2.28922,0.0749829,2.36503
2.34501,0.0755572,2.42138
2.33271,0.0755235,2.40904
2.28799,0.0751519,2.36396
2.31879,0.0753779,2.39501
2.37358,0.0755108,2.44986
2.34194,0.0756868,2.41846
2.33733,0.0752155,2.41335
2.33775,0.0751461,2.41375
2.29642,0.0751207,2.37236
2.40811,0.0752073,2.48414
2.29489,0.0753132,2.37104
2.38138,0.0753162,2.45755
2.4028,0.0750282,2.47865
2.36818,0.0755418,2.44457
2.43993,0.075262,2.516
2.29405,0.0754803,2.37036
2.30172,0.075145,2.37768
2.32842,0.0753544,2.40458
2.33904,0.0753863,2.41523
2.40665,0.0753704,2.48283
2.33416,0.0750528,2.41002
2.29623,0.075199,2.37224
2.3101,0.075315,2.38623
2.32972,0.0754,2.40594
2.40605,0.075121,2.48199
2.33798,0.0750671,2.41386
2.2916,0.0755093,2.36792
2.33003,0.0755246,2.4064
2.30514,0.0750417,2.38099
2.40966,0.0752225,2.4857
