Bash version 4.2.46(1)-release...
12 tasks per node
1 threads per task
14.8806,0.00341827,0.000549819,16.9685
14.8657,0.00340592,0.000257924,16.9639
14.8735,0.00339379,0.000387233,16.9628
14.8981,0.00340058,0.000572958,16.9886
15.0339,0.00339705,0.000403356,17.1245
14.9505,0.00342147,0.000493107,17.0421
14.9864,0.00340907,0.000449916,17.0768
14.983,0.00340525,0.000505102,17.0754
15.3274,0.0034299,0.000533842,17.416
15.0975,0.00341548,0.000552958,17.1865
15.2849,0.00340646,0.000314183,17.3826
15.0359,0.0034315,0.000597296,17.1244
14.8743,0.00340401,0.000810068,16.9633
14.9607,0.00341311,0.00065408,17.0603
15.0739,0.00410423,0.000408803,17.1737
15.3783,0.00343317,0.000618281,17.472
14.9675,0.0034239,0.000484855,17.0558
14.9633,0.00339408,0.000664154,17.0512
15.1805,0.0034285,0.000650532,17.2726
14.8098,0.00339979,0.000392264,16.9006
14.8958,0.00340854,0.000293184,16.9833
2 threads per task
15.0665,0.0020892,0.00488367,17.1578
14.8875,0.00235603,0.0047256,16.9871
15.0402,0.00414082,0.0028186,17.1334
14.8845,0.00208868,0.00498784,16.9768
14.9712,0.00666153,0.000442401,17.0624
15.2785,0.00421571,0.00203916,17.3759
15.0512,0.007051,0.00813453,17.1532
14.9354,0.00211585,0.00980446,17.0323
14.9482,0.00448733,0.00200209,17.0417
15.0047,0.00666618,0.000382472,17.0974
14.8963,0.00372896,0.00232334,16.9862
14.9552,0.00668533,0.0248792,17.0709
14.8028,0.00419235,0.00265991,16.8937
15.16,0.00499642,0.0101516,17.2585
14.9309,0.00212224,0.00468176,17.022
15.1218,0.0066268,0.000460043,17.2158
15.0385,0.00503286,0.00163018,17.1293
14.9177,0.00687541,0.000358675,17.0092
14.8724,0.0060565,0.0103475,16.9751
15.0896,0.00587874,0.000452274,17.1828
14.9716,0.0020744,0.00471986,17.0631
3 threads per task
15.0941,0.0059332,0.00382635,17.1882
14.9235,0.00692562,0.00355845,17.0208
14.953,0.00153092,0.014494,17.0537
14.7764,0.0014963,0.00985524,16.8714
15.0551,0.00559666,0.00717517,17.1546
14.9676,0.00553295,0.00686338,17.0653
15.0368,0.00658957,0.00656036,17.136
14.944,0.00789517,0.00492961,17.0409
15.4975,0.00316382,0.00971352,17.595
14.8739,0.00919296,0.00187897,16.9732
15.1662,0.00552894,0.00520944,17.2615
14.9497,0.00887974,0.00180227,17.0478
15.0053,0.00584043,0.0048715,17.1038
14.884,0.00553832,0.0235608,16.997
14.8958,0.00554002,0.00652897,16.9983
15.0731,0.0058552,0.00964455,17.1743
14.9332,0.00559792,0.0063927,17.0312
15.104,0.010368,0.000301523,17.2004
15.0783,0.00980768,0.00376029,17.1764
14.8978,0.0058582,0.00576463,16.9961
14.9228,0.00736525,0.00375289,17.0201
4 threads per task
14.8739,0.00914854,0.00771911,16.9759
14.936,0.00919842,0.00709532,17.0364
15.5582,0.012018,0.00607274,17.6618
15.0817,0.0100662,0.00635791,17.1829
14.9191,0.00901648,0.0133142,17.0257
14.8794,0.0108673,0.00876408,16.9881
14.8738,0.0150319,0.0112174,16.9836
14.8427,0.00927303,0.0108375,16.9576
14.8704,0.00905354,0.00989177,16.9751
15.8051,0.00856827,0.00667765,17.9051
14.9406,0.0118403,0.0055911,17.0417
14.9678,0.00667481,0.0104065,17.0722
14.8229,0.0091291,0.00857258,16.9248
14.947,0.00694035,0.0106072,17.061
14.8885,0.00687065,0.00899951,16.9984
15.7819,0.00826825,0.00739416,17.8826
14.8429,0.00683865,0.0194894,16.957
14.86,0.0142862,0.00370363,16.962
14.9199,0.0119282,0.00827367,17.0248
15.3619,0.0105525,0.00572363,17.4644
14.9199,0.0143413,0.00545855,17.0261
5 threads per task
14.9144,0.0103506,0.0147705,17.0258
14.8887,0.0143849,0.0215021,17.0113
14.8584,0.0153098,0.00845304,16.9674
14.8913,0.0103936,0.0139467,17.0027
14.9133,0.00897154,0.0147239,17.0216
14.8378,0.00869156,0.0141108,16.9442
14.9399,0.0137611,0.00821559,17.0462
15.235,0.0120949,0.0137153,17.3465
15.3579,0.0143674,0.0268495,17.4833
14.8665,0.010304,0.0158391,16.9779
14.8931,0.0137506,0.0122411,17.0071
15.1908,0.0162932,0.0135175,17.3054
15.311,0.0145916,0.00773461,17.4216
14.9252,0.0125751,0.0135612,17.0362
15.2331,0.013181,0.0150122,17.3467
15.7998,0.0137489,0.0120384,17.9105
15.0738,0.0103604,0.0118537,17.1903
15.0885,0.0163529,0.00819288,17.2003
14.8531,0.0165347,0.00907957,16.9747
14.8972,0.0103718,0.0153955,17.008
15.1333,0.0149446,0.0166338,17.25
6 threads per task
15.0345,0.0137876,0.0149593,17.1488
14.9316,0.0155843,0.0129846,17.0461
14.9159,0.013744,0.0132504,17.0366
14.9666,0.0137245,0.0173711,17.0823
15.1135,0.0116534,0.0164665,17.2255
14.8892,0.0120975,0.0131782,17.0014
14.8368,0.0167894,0.01243,16.953
15.0549,0.0200047,0.00980935,17.1687
14.9504,0.0240353,0.00350493,17.0617
14.8933,0.00950251,0.0230775,17.0104
14.9271,0.0102023,0.015992,17.0384
16.3786,0.00985406,0.0180415,18.4901
14.9156,0.023505,0.00463915,17.0269
14.8958,0.0152157,0.0120995,17.0102
15.1432,0.0135635,0.128209,17.3692
14.9535,0.0254838,0.0037005,17.0759
15.0106,0.0100481,0.0468433,17.1513
15.0743,0.0192893,0.00791733,17.1862
14.8249,0.0166521,0.0194842,16.9455
14.9062,0.0269751,0.00197232,17.0411
15.4797,0.0173882,0.0102036,17.5913
7 threads per task
14.9231,0.0235651,0.00611301,17.0364
15.0971,0.0173042,0.0214072,17.22
15.0762,0.0273914,0.00657749,17.1949
14.9301,0.0191238,0.0130194,17.0493
14.8922,0.0270121,0.00520311,17.0181
15.5436,0.0156028,0.0357427,17.6819
15.169,0.0151176,0.0179152,17.2908
15.1301,0.00616393,0.0427124,17.2635
15.1317,0.0205555,0.0108778,17.2523
14.9406,0.0130339,0.0590259,17.0983
14.9052,0.0277354,0.00470873,17.0221
14.8731,0.015719,0.0170142,16.9914
14.9078,0.0155017,0.0165048,17.0251
14.9077,0.0233498,0.00834438,17.0243
15.0364,0.0123889,0.0231656,17.1561
14.8369,0.0165225,0.0201246,16.9704
15.0262,0.0149715,0.0197272,17.1446
14.9638,0.025898,0.0073867,17.0819
14.8218,0.0149706,0.0202667,16.9466
14.9761,0.0175857,0.0504194,17.1301
14.9039,0.0223859,0.0140387,17.0348
8 threads per task
14.9051,0.0181014,0.0177132,17.0256
14.905,0.022708,0.0150189,17.0281
14.883,0.0326904,0.00344525,17.0025
15.0493,0.0188184,0.0157899,17.1678
15.0062,0.0174884,0.0185153,17.1301
15.0359,0.0189458,0.0192099,17.1683
15.0933,0.0256871,0.0112135,17.224
14.8621,0.0188441,0.0172968,16.9823
15.1135,0.0218186,0.0849325,17.3081
15.0709,0.020324,0.0194698,17.1955
14.9627,0.0202023,0.0299954,17.0988
15.0001,0.0306361,0.00541515,17.1231
15.0554,0.0283202,0.0167906,17.186
14.8993,0.0164988,0.0186838,17.0213
14.8334,0.015089,0.0211855,16.9541
14.9026,0.0291548,0.00536961,17.0208
14.9736,0.0252061,0.0109864,17.1053
14.9443,0.0173916,0.019931,17.0655
15.1213,0.0166084,0.0178944,17.2412
14.9161,0.0168938,0.0186208,17.0356
14.8848,0.016777,0.0194928,17.0077
