Bash version 4.2.46(1)-release...
2 tasks per node
1 threads per task
9.23153,0.00157729,0.00507593,10.5054
4.99031,0.00152131,0.00487279,6.26309
4.98378,0.00165136,0.00519536,6.23928
5.03421,0.00186304,0.00489926,6.30758
4.958,0.00181761,0.00494561,6.23945
4.96207,0.00181593,0.00508692,6.21739
5.00062,0.00179319,0.00522086,6.28322
5.0877,0.0018331,0.00529649,6.34278
4.9543,0.00160848,0.00500225,6.23186
5.09462,0.0016043,0.00520508,6.35214
4.9305,0.00168173,0.00516885,6.18459
5.0135,0.00186851,0.00521835,6.26721
4.98648,0.00153425,0.00555278,6.26297
4.98927,0.00159456,0.00570113,6.2449
5.12807,0.00152054,0.00528362,6.38218
4.99148,0.00158378,0.00510316,6.24777
5.06895,0.00179547,0.00474286,6.34591
4.98207,0.00185858,0.00466801,6.25765
5.01784,0.00184289,0.00516528,6.30503
4.99932,0.00169763,0.00509569,6.30425
5.01764,0.00156479,0.0054736,6.27213
2 threads per task
4.99782,0.00120228,0.00462952,6.27414
5.12271,0.00121814,0.0047668,6.37762
5.0492,0.000911247,0.00533762,6.30719
5.00842,0.000950627,0.00475578,6.26276
5.00659,0.000912629,0.00484412,6.2592
5.51796,0.00109071,0.00522773,6.77625
4.94499,0.000922562,0.00476566,6.19842
5.00817,0.000976616,0.00516925,6.28951
4.99513,0.00121458,0.00459104,6.25102
4.97654,0.00121032,0.00471529,6.22537
5.00167,0.000899109,0.00512011,6.25828
5.02129,0.000886006,0.00489239,6.27773
5.19765,0.000899383,0.0052239,6.47157
5.0187,0.00094097,0.00525314,6.27374
4.99489,0.000965328,0.00502904,6.25173
4.98846,0.000926344,0.0055539,6.30583
4.98885,0.000975913,0.00486065,6.26939
4.99552,0.00102015,0.00453738,6.25361
4.97943,0.00111644,0.00513608,6.2348
5.0033,0.000893995,0.00479868,6.26326
5.02392,0.00117303,0.00487799,6.27978
3 threads per task
5.00421,0.000979758,0.00494673,6.25835
4.98286,0.000714937,0.00483101,6.23816
5.53532,0.000717547,0.00543605,6.82407
5.00121,0.000929799,0.00532196,6.25856
5.04521,0.000709841,0.00514612,6.32753
5.01311,0.000913905,0.00462513,6.26834
4.98392,0.000910742,0.00478503,6.2432
5.04362,0.000923142,0.00500369,6.29815
5.02575,0.000765509,0.00522708,6.28126
5.0457,0.000821311,0.00474905,6.32412
5.04265,0.000932232,0.00481655,6.31906
4.99971,0.000892976,0.00499765,6.25289
4.98591,0.000798838,0.00484151,6.2405
4.98427,0.000911,0.00470708,6.24174
4.98121,0.000933165,0.00468081,6.23451
5.01572,0.000715587,0.00476908,6.27119
4.95875,0.000978554,0.00461068,6.21286
5.00731,0.000940672,0.00451345,6.26595
5.04271,0.000877317,0.00497689,6.32944
5.00407,0.000734736,0.00547888,6.28834
5.02795,0.00068509,0.00469978,6.28388
4 threads per task
5.01053,0.000741536,0.00484302,6.2665
5.03176,0.000874282,0.00459007,6.28497
5.00139,0.000903712,0.00451327,6.27764
5.06332,0.000684539,0.00491191,6.33596
4.99346,0.000883476,0.00440248,6.27923
5.01018,0.000875375,0.00487203,6.29247
5.01327,0.000628595,0.00457204,6.26668
4.96219,0.000858648,0.00456203,6.24021
5.00448,0.000873538,0.00464805,6.25981
5.0197,0.000859662,0.00454787,6.2737
4.97993,0.000875722,0.00483181,6.23586
5.01691,0.00066034,0.00497706,6.29392
5.00265,0.00062699,0.00505176,6.32014
5.04781,0.00072644,0.00468957,6.30621
5.00188,0.000893894,0.00456525,6.25597
5.00054,0.000850592,0.00469705,6.25448
4.9669,0.000638946,0.00476418,6.22237
5.00443,0.000732114,0.00476144,6.28196
5.02714,0.000879393,0.0044269,6.28288
5.212,0.000879313,0.0046968,6.48997
5.11953,0.000737421,0.00477323,6.37419
5 threads per task
5.03342,0.00062876,0.00474023,6.28953
4.97047,0.000547491,0.00492974,6.22588
4.99025,0.000782542,0.00438153,6.2421
4.99399,0.000792708,0.00448228,6.2678
4.99975,0.000602753,0.0047686,6.25537
4.96079,0.000797119,0.00460614,6.24867
4.96919,0.000546911,0.0044464,6.22335
5.01454,0.000534104,0.00510189,6.2712
5.0012,0.000542505,0.004722,6.25018
5.06066,0.000543269,0.00500287,6.31502
5.01733,0.000788832,0.00444669,6.27751
5.0253,0.000808734,0.00454765,6.27979
5.00663,0.000812705,0.00455045,6.26223
5.00127,0.000675492,0.00441282,6.28105
5.03352,0.000649347,0.00450992,6.28832
4.98723,0.000793522,0.00458962,6.2399
5.0468,0.000692967,0.00458083,6.30258
4.97108,0.000591831,0.00508665,6.25922
4.99691,0.000801399,0.00432067,6.2504
5.03123,0.000546184,0.004596,6.28711
4.99777,0.000545913,0.00505812,6.27748
6 threads per task
5.01111,0.000779479,0.00427061,6.26498
4.92129,0.000763329,0.00448465,6.17928
4.99075,0.000603461,0.00491319,6.24519
5.00638,0.000547362,0.00534242,6.26303
4.9623,0.000747907,0.00515862,6.22014
4.98851,0.000736809,0.00473553,6.273
5.00994,0.000694217,0.00486566,6.27255
5.05312,0.000620747,0.00530113,6.30963
5.01816,0.000713808,0.00446324,6.27389
5.05231,0.000726901,0.00441465,6.30718
4.97867,0.000756278,0.00449331,6.23299
4.9652,0.00049537,0.00507918,6.22224
5.02465,0.000582726,0.00487874,6.30227
4.98421,0.000734956,0.00431975,6.23985
4.99317,0.0007468,0.00452974,6.24926
4.93877,0.000733437,0.0043983,6.19347
4.98683,0.000592026,0.00452024,6.24175
5.05524,0.000731522,0.00454821,6.365
5.03465,0.000751267,0.0048252,6.31666
5.01308,0.000513403,0.00481823,6.30892
5.06361,0.000730597,0.00459923,6.31596
7 threads per task
4.94656,0.000490651,0.00470369,6.20152
5.01833,0.000559399,0.00496879,6.29517
4.99416,0.000684271,0.00438767,6.24883
5.07878,0.000681919,0.00471185,6.34036
5.00533,0.000519665,0.00464852,6.28596
5.04692,0.000460287,0.00497997,6.30956
4.97958,0.000669057,0.00455606,6.23726
5.00847,0.000684367,0.00459668,6.26398
4.97141,0.000470645,0.00478319,6.22854
4.97546,0.000569654,0.00487432,6.26799
5.01605,0.000554698,0.00457924,6.27012
5.00835,0.000548661,0.00489984,6.2664
4.99655,0.000603513,0.00405545,6.25243
5.02648,0.000657818,0.00453956,6.28241
5.02035,0.000515671,0.0050988,6.27623
4.97639,0.000682763,0.00444226,6.23274
5.00931,0.00067529,0.00462261,6.29099
5.01385,0.000681792,0.00488728,6.27277
4.97754,0.000467047,0.00527166,6.25931
5.00605,0.000560723,0.00464664,6.26279
5.00758,0.000667326,0.00459694,6.31274
8 threads per task
4.98323,0.00045428,0.00453659,6.23655
5.16248,0.000622328,0.00466767,6.47085
4.93841,0.000603687,0.00454424,6.19254
5.0172,0.000514333,0.00505022,6.27734
5.02884,0.000467173,0.00466315,6.28449
5.16853,0.000553442,0.00446526,6.42269
5.00647,0.00045012,0.00445784,6.3274
4.99243,0.000613644,0.00426805,6.24612
4.97048,0.000496028,0.00466725,6.2275
5.02234,0.000473955,0.00475293,6.27463
4.96682,0.000635949,0.00433136,6.22095
5.01728,0.000625837,0.00449284,6.27201
4.99773,0.000521609,0.00440543,6.2657
4.94696,0.000619959,0.00464638,6.20281
4.99444,0.000510852,0.00462498,6.27008
5.0134,0.00067032,0.00477782,6.29057
5.00829,0.000623325,0.00453076,6.26791
5.01404,0.000546562,0.00519043,6.27146
4.99328,0.000485175,0.00485203,6.24913
5.00065,0.000477017,0.00496199,6.28946
5.01953,0.000639584,0.0040635,6.27276
