Bash version 4.2.46(1)-release...
14 tasks per node
1 threads per task
9.14605,0.00177137,0.00217417,10.091
5.63126,0.00193734,0.00187405,6.57692
5.62287,0.00188047,0.00200108,6.56914
5.61427,0.00175975,0.00194513,6.55927
5.69896,0.00185719,0.00192679,6.64387
5.63672,0.00188364,0.0021714,6.58162
6.21747,0.00176832,0.00209233,7.16227
5.64714,0.00177258,0.00186009,6.59151
5.60857,0.00187281,0.00161478,6.55268
5.67056,0.00175573,0.00228726,6.612
5.65468,0.0018444,0.00200633,6.59777
5.61456,0.00181787,0.00207666,6.5588
5.64677,0.00176962,0.00200482,6.59274
5.59643,0.00175496,0.00207315,6.5402
5.64212,0.00175899,0.00196075,6.58362
5.63173,0.00176935,0.00198403,6.57737
5.7086,0.00175739,0.00191146,6.66294
5.64496,0.00176366,0.00189345,6.58799
5.64537,0.00177035,0.00211671,6.5898
5.67604,0.00188636,0.00197524,6.61958
5.70957,0.00181841,0.00209665,6.65272
2 threads per task
5.65223,0.00522218,0.00178359,6.59789
5.62777,0.00453647,0.00237774,6.58713
5.67026,0.00096,0.00660104,6.6194
5.63024,0.0121536,0.000544092,6.58433
6.7115,0.0094475,0.00362974,7.66611
5.61599,0.00474548,0.00395459,6.56512
5.65785,0.00496033,0.0093843,6.61671
5.62939,0.00500423,0.00184574,6.5757
5.59532,0.00498957,0.00787657,6.54605
5.64542,0.00106581,0.0175091,6.6156
5.66587,0.00104462,0.0133015,6.62115
5.64662,0.00521096,0.00519383,6.59629
5.69147,0.00531997,0.0309043,6.66744
5.64365,0.000975838,0.00603934,6.59267
5.65938,0.000926064,0.014299,6.61582
5.66641,0.00415839,0.00279062,6.61454
5.5986,0.00102547,0.0111549,6.54908
5.83183,0.000928182,0.0169842,6.79168
5.64624,0.00096851,0.0132437,6.60164
5.71888,0.00509738,0.00491648,6.66909
5.61498,0.00266652,0.0074385,6.56498
3 threads per task
5.63162,0.00252578,0.0195729,6.60379
5.65218,0.00448189,0.0220394,6.62926
5.62868,0.00632114,0.0115256,6.5871
5.67757,0.00623366,0.0118807,6.63564
5.63066,0.0052077,0.0117955,6.58697
5.77417,0.00783949,0.00962639,6.74378
5.71545,0.00453609,0.0163429,6.67746
5.60735,0.00691592,0.00746833,6.5601
5.61617,0.00444543,0.0192642,6.59067
5.61412,0.00446052,0.0110871,6.57259
5.69067,0.00459315,0.0107473,6.64839
5.69212,0.00460088,0.0428986,6.67905
5.59422,0.00775145,0.0132161,6.55586
5.635,0.00861913,0.00692551,6.59154
5.63434,0.00454146,0.0137786,6.59249
5.64364,0.00609161,0.0126854,6.6056
5.63738,0.00831005,0.00861369,6.59733
5.62802,0.00447499,0.0151122,6.58972
5.62932,0.00435862,0.0135512,6.58932
5.63592,0.0121382,0.00738649,6.59731
5.65086,0.0174374,0.00438565,6.61491
4 threads per task
5.66915,0.00903562,0.0207872,6.63917
5.62508,0.0110977,0.011864,6.58938
5.65544,0.017529,0.0103859,6.62413
5.62713,0.0239654,0.00192241,6.59636
5.69625,0.012322,0.0127746,6.6634
5.59973,0.00752966,0.0172727,6.56568
5.61494,0.00741864,0.0171614,6.58089
5.79555,0.0075029,0.0179559,6.76309
5.62134,0.0229144,0.0094243,6.5957
5.82253,0.0144157,0.0128602,6.78934
5.65697,0.0132642,0.0125097,6.62497
5.63392,0.0214645,0.00204703,6.5996
5.6478,0.022931,0.00678202,6.6184
5.65935,0.00743517,0.0199568,6.62715
5.60568,0.0110336,0.0294735,6.59528
5.62126,0.0119514,0.0149717,6.58704
5.63875,0.00864727,0.022778,6.61158
5.64446,0.0114438,0.0199904,6.61747
6.17212,0.00522384,0.0208934,7.13904
5.68727,0.0264336,0.000616122,6.66479
5.65681,0.00944643,0.0139249,6.62106
5 threads per task
5.62082,0.015664,0.0154982,6.59094
5.64512,0.0259131,0.0129271,6.62596
5.64529,0.0123575,0.019955,6.62116
5.6594,0.019687,0.0109321,6.63158
5.62489,0.0086236,0.0268881,6.60155
5.64755,0.0169943,0.0296758,6.63463
5.6856,0.0162546,0.0219744,6.66626
5.66435,0.0157548,0.0201208,6.64172
5.67097,0.0173153,0.0154427,6.64333
5.66349,0.026804,0.00541243,6.63536
5.63845,0.0186351,0.0124197,6.61035
5.75103,0.0107326,0.0203009,6.72398
5.65136,0.00965864,0.0224387,6.62501
5.61217,0.0171023,0.0175084,6.58776
5.62826,0.0124232,0.0165729,6.61056
5.61587,0.0110737,0.0186859,6.58704
5.65214,0.0170466,0.0140867,6.62341
5.78426,0.0129539,0.0217456,6.76053
5.67369,0.0134976,0.0186895,6.65705
5.64612,0.0152821,0.0333464,6.63653
5.79619,0.00917937,0.0212378,6.76586
6 threads per task
5.65047,0.0203531,0.0206501,6.6337
5.66045,0.0144295,0.0285304,6.64312
5.63874,0.0143167,0.021827,6.61697
5.63426,0.0174282,0.0173754,6.60984
5.65665,0.00863685,0.0293632,6.64492
5.62362,0.0243517,0.0124142,6.60236
5.67849,0.0224882,0.106614,6.74988
5.69047,0.0273828,0.0194551,6.67962
5.63279,0.0106069,0.0244136,6.61701
5.70053,0.0207478,0.0146864,6.6764
5.59243,0.0298863,0.0259911,6.59501
5.60164,0.0151439,0.0211134,6.58758
5.64536,0.012397,0.0279234,6.63649
5.64438,0.0141691,0.0305134,6.62794
5.64053,0.0263194,0.00776865,6.61865
5.60517,0.0187273,0.0336986,6.59681
5.60501,0.0203758,0.0496895,6.62732
5.67258,0.0304085,0.017509,6.6623
5.65702,0.0159306,0.0241338,6.63622
5.62484,0.0244791,0.0113636,6.60145
5.60388,0.0198749,0.0208682,6.58704
7 threads per task
5.71642,0.025168,0.101967,6.78529
5.82342,0.0123021,0.0275941,6.80307
5.68371,0.0212945,0.0189941,6.6631
5.64972,0.0158059,0.0302036,6.63624
5.60833,0.0286377,0.0120273,6.59068
5.6195,0.0156339,0.0330746,6.60992
5.70538,0.0234388,0.027165,6.69498
5.62874,0.0161817,0.0231691,6.60822
5.68373,0.0177475,0.0227116,6.66467
5.65543,0.0322414,0.00849809,6.63425
5.58953,0.0301842,0.0137547,6.57274
5.64583,0.0176534,0.02867,6.6326
5.7528,0.0218789,0.0386315,6.75256
5.64353,0.0213825,0.0241103,6.63283
5.63668,0.0199224,0.0272829,6.62569
5.67336,0.0138366,0.0270315,6.6627
5.67924,0.0386142,0.0047181,6.66183
5.6214,0.0158379,0.0244645,6.61269
5.65218,0.020673,0.121867,6.73659
5.62171,0.034631,0.00387553,6.6021
5.61349,0.0137113,0.031132,6.60701
8 threads per task
5.63911,0.00853378,0.0833281,6.66914
5.59992,0.0313762,0.0150246,6.58726
5.61488,0.03156,0.013596,6.59767
5.66479,0.0249062,0.0207351,6.66043
5.64702,0.024794,0.0282444,6.64159
5.63125,0.0381204,0.0159698,6.62447
5.62436,0.0400583,0.00704605,6.61239
5.63278,0.0227079,0.0350397,6.63185
5.61389,0.0417392,0.0124489,6.60833
5.6505,0.034628,0.0179596,6.64411
5.63043,0.0173191,0.0377519,6.62497
5.68047,0.02625,0.0331336,6.68149
5.61637,0.01861,0.0312931,6.60661
5.61587,0.0240309,0.0245165,6.60558
5.62578,0.01734,0.0300956,6.61421
5.64425,0.0374713,0.00993449,6.63206
5.58932,0.0354569,0.0125856,6.57731
5.67262,0.00694043,0.0377701,6.66014
5.6681,0.0224073,0.0396843,6.66869
5.62236,0.010231,0.0393486,6.61173
5.63929,0.0173187,0.025437,6.6325
