10 tasks per node
1 threads per task
15.109,0.00285055,0.00126204,17.4424
14.7638,0.00284263,0.000675168,17.0984
14.79,0.00285047,0.000513069,17.1252
14.8441,0.0031107,0.000249414,17.1757
14.9295,0.00283198,0.000829924,17.2627
14.9033,0.00282871,0.000512527,17.2377
14.9253,0.00313789,0.000182608,17.2582
14.9132,0.00284008,0.000422271,17.246
14.8349,0.00285168,0.000532448,17.1679
14.9709,0.00378306,0.000207257,17.3073
14.9965,0.00284176,0.000395913,17.3298
14.7765,0.00284181,0.000457186,17.1102
14.8298,0.0031437,0.000481699,17.1612
14.811,0.00282021,0.000373568,17.1459
15.0504,0.00283842,0.000460595,17.3823
14.9186,0.00334373,0.000797275,17.2522
14.8114,0.00311427,0.000914233,17.1437
15.0667,0.00312103,0.000330847,17.4004
15.0469,0.0028444,0.000572363,17.3795
14.895,0.00310659,0.000210069,17.2278
14.9363,0.00282994,0.000459256,17.2708
2 threads per task
14.7079,0.00205484,0.00394678,17.0432
14.81,0.00197295,0.00324456,17.1455
14.9184,0.00179582,0.00366303,17.254
14.8533,0.00175862,0.00364077,17.1885
15.224,0.00206255,0.00302066,17.5593
14.9389,0.00177631,0.0032097,17.2757
14.7922,0.00491239,0.000242166,17.1283
14.8151,0.0017961,0.00317652,17.1512
15.6374,0.0018168,0.00374313,17.9752
14.9178,0.00180179,0.00334314,17.2526
14.9447,0.00180908,0.0028802,17.2779
14.8524,0.0017791,0.00246551,17.1873
14.8528,0.00182541,0.00349777,17.1892
14.8436,0.00179445,0.0034414,17.1785
14.8902,0.00181335,0.00317478,17.2252
15.0303,0.00205751,0.00283863,17.3642
14.8705,0.00184425,0.00349704,17.2048
15.0522,0.00462227,0.00101808,17.39
14.8082,0.00470552,0.000851339,17.1452
15.0227,0.00177492,0.00323636,17.3575
14.8102,0.00209038,0.00335382,17.1472
3 threads per task
14.842,0.00516581,0.00258816,17.1789
14.847,0.0031732,0.00502185,17.183
15.2918,0.00756857,0.00138044,17.631
14.9551,0.00298016,0.00494151,17.2941
14.8946,0.00556279,0.00316037,17.2356
14.8638,0.00290434,0.00604885,17.2014
14.9041,0.00546042,0.00427365,17.244
15.0569,0.00292657,0.00776159,17.3966
14.7806,0.00544199,0.00748792,17.1225
14.9195,0.00656386,0.0020804,17.2564
15.0023,0.0121929,0.000220267,17.3465
14.91,0.0030018,0.00573071,17.2482
14.9918,0.00494357,0.00314533,17.3286
14.7493,0.00407508,0.00377093,17.0864
14.9184,0.00545543,0.00201649,17.2549
14.8721,0.00545211,0.155143,17.3643
14.9344,0.00543843,0.00250705,17.2734
14.8258,0.00304059,0.00505199,17.1643
14.8773,0.00495746,0.00278899,17.2136
14.9048,0.00430459,0.00472954,17.2462
16.2713,0.00589204,0.00215236,18.6093
4 threads per task
14.7935,0.00728412,0.00551426,17.1373
14.9341,0.00501455,0.00618809,17.2763
14.8349,0.00605721,0.00650553,17.1773
15.0204,0.00507605,0.00845865,17.3632
14.7558,0.00913796,0.00173007,17.0956
14.804,0.00495962,0.00549723,17.1451
14.7328,0.00586684,0.00521052,17.0739
14.868,0.00493615,0.0153395,17.2184
15.2329,0.0104029,0.00187874,17.5757
15.2966,0.00664208,0.00439105,17.6378
14.8155,0.00488916,0.0074842,17.1572
14.9817,0.00690107,0.00560998,17.3222
14.9042,0.00497423,0.00764393,17.2485
14.9957,0.00398215,0.0077714,17.3378
14.8164,0.00702787,0.0056862,17.1621
14.8141,0.00990847,0.000480177,17.1553
14.7997,0.00842706,0.00289839,17.1399
15.4094,0.010464,0.00152548,17.7514
14.8505,0.00853883,0.00245373,17.1903
15.0052,0.011266,0.000349505,17.3458
15.2694,0.00958996,0.00200096,17.6104
5 threads per task
14.7851,0.0106184,0.0112966,17.142
14.9128,0.00843668,0.00817007,17.2603
14.9167,0.00771868,0.00765172,17.2623
14.7701,0.00828888,0.0151943,17.1221
14.8298,0.00784513,0.0101126,17.1777
15.0354,0.00835897,0.00767938,17.3809
14.8872,0.0108393,0.0128305,17.2423
14.7583,0.0120465,0.00430964,17.1063
14.9964,0.0115308,0.00526443,17.3444
14.8137,0.0083095,0.00712849,17.1571
14.8958,0.00990221,0.00594639,17.2414
14.813,0.009403,0.00661459,17.1582
14.8319,0.0116005,0.004722,17.1815
14.8756,0.0117633,0.00399613,17.22
14.9137,0.00842546,0.0085276,17.2603
14.8923,0.00772724,0.00940302,17.2436
16.1299,0.0074049,0.00858588,18.4764
14.8803,0.00612557,0.0156263,17.2364
15.0602,0.011332,0.00344274,17.404
14.924,0.00803142,0.00953067,17.2712
14.7489,0.00890899,0.00549708,17.0961
6 threads per task
14.9453,0.0118949,0.00848156,17.2956
14.8043,0.0114445,0.00955933,17.1561
14.7922,0.0115002,0.00971075,17.1436
14.8206,0.0134427,0.00714761,17.1708
15.2296,0.0192503,0.000195721,17.5797
14.9621,0.013423,0.0176927,17.3227
14.8083,0.00856575,0.0101062,17.1568
14.7331,0.0132326,0.0160301,17.0946
14.736,0.010888,0.00791922,17.0867
14.8302,0.0136021,0.00773309,17.1807
14.8532,0.0155783,0.0065478,17.207
14.9982,0.0163816,0.00445333,17.3485
14.8288,0.0160198,0.00407719,17.1792
14.7793,0.00915643,0.0129765,17.1346
14.8651,0.0134374,0.00623564,17.215
14.9011,0.0147575,0.00482013,17.2528
14.8427,0.011435,0.0108675,17.195
15.2163,0.00764664,0.0125191,17.5653
14.8895,0.0125661,0.00752296,17.2388
14.8814,0.0130507,0.00664668,17.2341
14.773,0.0117198,0.00905429,17.1264
7 threads per task
14.8861,0.0124167,0.0130749,17.2432
14.9305,0.0132583,0.00848951,17.2808
14.7276,0.0111622,0.0134927,17.0811
14.8993,0.0147055,0.0092691,17.253
14.9798,0.0127746,0.0183525,17.3412
14.9241,0.0201852,0.00585046,17.2805
14.8032,0.0146508,0.00853807,17.156
14.9674,0.0116093,0.012332,17.3201
15.0033,0.0148856,0.00937772,17.3583
15.1132,0.0169556,0.00689405,17.4673
15.0107,0.0114014,0.0119145,17.3653
15.4925,0.0212464,0.00458466,17.8474
15.0085,0.011096,0.0144856,17.3644
14.8576,0.0120635,0.0131484,17.2132
14.8835,0.0135488,0.0105261,17.2369
14.9338,0.0145594,0.0102105,17.2904
15.3984,0.0168133,0.0084079,17.7544
14.8898,0.0128753,0.0122275,17.2449
14.8262,0.0198267,0.00582804,17.1801
14.8727,0.0170441,0.00774995,17.2298
14.8742,0.0146839,0.0114688,17.232
8 threads per task
14.7551,0.0151654,0.0126703,17.112
14.7978,0.0157376,0.012473,17.1558
14.7929,0.0165735,0.0125712,17.1519
14.9628,0.0216541,0.10336,17.4194
14.823,0.0123878,0.0140653,17.1796
14.8226,0.0161456,0.0104516,17.1779
14.927,0.0148194,0.0146731,17.2867
14.9008,0.0166506,0.0125924,17.2605
14.8712,0.019296,0.00824933,17.2295
14.8092,0.0185283,0.0100062,17.165
14.9146,0.0126581,0.0158851,17.2737
14.8162,0.0206139,0.00843099,17.1739
14.925,0.0110182,0.0181799,17.2831
14.9123,0.0109726,0.0166577,17.2691
14.7642,0.0125261,0.0141744,17.1219
14.8203,0.0164215,0.0115693,17.18
15.1108,0.0135423,0.0148306,17.4706
14.9917,0.0184818,0.00990965,17.3516
14.8649,0.0141547,0.0132827,17.2223
14.9338,0.0172771,0.011057,17.2906
14.8412,0.0170369,0.00950597,17.1954
