4 tasks per node
1 threads per task
5.17477,0.00182531,0.00373456,6.45339
5.18437,0.00135645,0.00422378,6.46471
5.16221,0.00139577,0.00416708,6.43483
5.26934,0.00173307,0.00403939,6.54704
5.17005,0.00142755,0.00419299,6.44981
5.25413,0.00139561,0.00418256,6.52237
5.18543,0.0014679,0.00410386,6.47926
5.15771,0.00140585,0.00441956,6.42812
5.16871,0.00174601,0.0037171,6.44566
5.19625,0.00138918,0.00438911,6.47357
5.31037,0.00200339,0.00355109,6.59085
5.16445,0.00135606,0.00433471,6.44283
5.20424,0.00148972,0.00398082,6.48947
5.19715,0.0015128,0.00395208,6.47286
5.17571,0.00143239,0.00437448,6.45099
5.16051,0.0013824,0.00411256,6.42466
5.19588,0.00170146,0.00375059,6.46784
5.18143,0.00179446,0.00398926,6.45869
5.16087,0.00142884,0.00402866,6.44282
5.24364,0.00167397,0.00378904,6.51345
5.12528,0.00169618,0.00393595,6.40763
2 threads per task
5.17612,0.000948282,0.00440911,6.44564
5.22041,0.000847579,0.00446574,6.49152
5.18674,0.00111354,0.00378908,6.47076
5.36804,0.000883725,0.00381786,6.65136
5.20508,0.000884004,0.00474385,6.48466
5.15336,0.000844705,0.00360819,6.43146
5.1923,0.00100586,0.00402527,6.46188
5.18644,0.00110608,0.004099,6.47289
5.24207,0.00135685,0.00449315,6.50971
5.18499,0.000852822,0.00414103,6.45359
5.18732,0.00110563,0.00350911,6.45808
5.25675,0.000849645,0.0037609,6.54353
5.13883,0.000899011,0.00478093,6.41654
5.19554,0.000846113,0.00384004,6.47255
5.15197,0.00109064,0.00391978,6.42743
5.25239,0.00084301,0.00386395,6.5313
5.17133,0.000830272,0.00453729,6.44714
5.25094,0.00113361,0.00363069,6.53247
5.13034,0.000912566,0.00389555,6.40374
5.14135,0.000853498,0.00504178,6.4181
5.11006,0.000874887,0.00371161,6.37389
3 threads per task
5.17102,0.000613221,0.00435777,6.45526
5.1947,0.000848666,0.00449823,6.47209
5.2015,0.00087989,0.0043025,6.47297
5.15161,0.000660707,0.00452412,6.43461
5.1816,0.000636733,0.00369999,6.47223
5.18812,0.00152061,0.00284044,6.45937
5.22629,0.000669352,0.00517339,6.51526
5.22977,0.00064177,0.00375281,6.50428
5.16659,0.000630445,0.00401377,6.43453
5.17898,0.00067453,0.00469393,6.4441
5.24904,0.000690951,0.005081,6.52471
5.20155,0.000861458,0.00370745,6.49944
5.1625,0.000640127,0.00590325,6.44902
5.17754,0.000727126,0.00419681,6.46048
5.31255,0.000864622,0.00470873,6.59013
5.20641,0.000906836,0.00427295,6.47631
5.19211,0.000648511,0.00427717,6.46068
5.35484,0.000854935,0.00362709,6.63228
5.17224,0.000631206,0.00472252,6.45061
5.19969,0.00128129,0.00366348,6.47258
5.22201,0.000846529,0.00422021,6.49856
4 threads per task
5.18357,0.000778279,0.00494038,6.44736
5.18412,0.000498474,0.0051313,6.47005
5.1938,0.000528178,0.00557323,6.47452
5.19727,0.000765556,0.00576615,6.46226
5.23071,0.000782803,0.00576739,6.5164
5.29593,0.000772584,0.00504917,6.56658
5.19816,0.000802061,0.00392919,6.47413
5.16608,0.000774283,0.00491403,6.43072
5.28091,0.000571243,0.00445603,6.55811
5.18165,0.000535494,0.00509045,6.46386
5.10887,0.000617264,0.00534741,6.38543
5.18818,0.000569644,0.00378695,6.45597
5.23928,0.000521782,0.00550199,6.48566
5.17546,0.00085252,0.00424612,6.41682
5.17587,0.000800586,0.00467993,6.45546
5.20711,0.000523577,0.00520933,6.47683
5.19412,0.000759606,0.00433332,6.47865
5.13517,0.00168161,0.0033726,6.4111
5.26411,0.000560567,0.0063498,6.55321
5.19078,0.000544977,0.00724035,6.46098
5.17219,0.000761608,0.00576122,6.44177
5 threads per task
5.19439,0.000564609,0.00693844,6.46607
5.24204,0.0039197,0.00400731,6.52264
5.19813,0.000543809,0.00765707,6.46844
5.20185,0.000526058,0.00855207,6.4721
5.2238,0.00400158,0.00447896,6.50405
5.2213,0.00424625,0.00541946,6.50964
5.1827,0.00363101,0.00391932,6.45735
5.1863,0.00211781,0.00567342,6.48203
5.17698,0.00365365,0.00432238,6.44495
5.1855,0.000770289,0.00691323,6.46409
5.1551,0.00358433,0.00487372,6.43816
5.21135,0.00362413,0.00464486,6.48352
5.16448,0.00286742,0.00640011,6.43727
5.18413,0.00371516,0.00476053,6.46309
5.25566,0.000711387,0.00826441,6.52269
5.2252,0.00397153,0.00421683,6.49747
5.15728,0.00403488,0.00356316,6.42486
5.21142,0.000503386,0.00776935,6.50019
5.19856,0.00504447,0.00328265,6.46827
5.20147,0.000501867,0.00780868,6.48468
5.1505,0.00530592,0.00288738,6.42657
6 threads per task
5.19541,0.00392589,0.0054784,6.48243
5.18248,0.00526642,0.00313622,6.47593
5.21204,0.00362263,0.00552153,6.50135
5.15143,0.00365113,0.00566641,6.43221
5.19535,0.00520158,0.00435128,6.46715
5.21138,0.00205897,0.00679276,6.48739
5.20311,0.00411246,0.00528341,6.48935
5.15237,0.00637116,0.00709195,6.43667
5.19894,0.00205673,0.00732485,6.48167
5.13895,0.00198068,0.00670166,6.42261
5.2266,0.00368062,0.00681936,6.51838
5.10754,0.00523721,0.00403404,6.39289
5.16189,0.00360967,0.00595581,6.44339
5.1863,0.00358794,0.00449147,6.46532
5.20827,0.00540004,0.00380687,6.4789
5.18342,0.00410419,0.00417533,6.45848
5.23827,0.00392244,0.00510069,6.51261
6.09984,0.00419139,0.00469253,7.3818
5.23891,0.00503921,0.00675557,6.53211
5.27239,0.00277059,0.0070485,6.55557
5.19402,0.00361747,0.00478252,6.48653
7 threads per task
5.20082,0.00401362,0.00606291,6.48377
5.23722,0.00389797,0.00620982,6.51023
5.18687,0.00667129,0.00773202,6.47424
5.17136,0.00520672,0.00513862,6.44285
5.2257,0.00542234,0.00426559,6.50769
5.20392,0.00372097,0.00483359,6.47697
5.17583,0.00375851,0.00566406,6.44747
5.17406,0.00357324,0.00617062,6.4554
5.22871,0.00381937,0.00625481,6.52019
5.21571,0.00429888,0.00532232,6.48558
5.19136,0.00379294,0.00560715,6.48196
5.21626,0.0036245,0.00507257,6.49023
5.2188,0.0038023,0.0069858,6.48956
5.1819,0.00364845,0.0059031,6.46412
5.16124,0.00382052,0.00581449,6.43535
5.18036,0.00376736,0.00520886,6.45922
5.15728,0.00376345,0.00588617,6.44159
5.41914,0.00364945,0.00496963,6.70045
5.23539,0.00402249,0.00426722,6.52379
5.37654,0.00519699,0.00441599,6.65149
5.18269,0.00548011,0.00491577,6.45892
8 threads per task
5.29272,0.00375158,0.00447228,6.57624
5.1977,0.00377372,0.00623409,6.47227
5.1663,0.00394909,0.00642235,6.44288
5.15921,0.00392398,0.00679583,6.4427
5.17835,0.00379571,0.00482834,6.46536
5.18453,0.00380536,0.0343148,6.48409
5.10598,0.00388257,0.00578953,6.38906
5.22032,0.00378242,0.00628099,6.49861
5.17812,0.00395823,0.00736801,6.45313
5.16803,0.00378107,0.00434122,6.45757
5.198,0.00383011,0.0059637,6.46822
5.19943,0.00374791,0.0606221,6.5329
5.20596,0.00378725,0.00600962,6.48908
5.20703,0.00388952,0.00740041,6.49237
5.25058,0.00558375,0.00412648,6.51915
5.28737,0.0038279,0.00572853,6.57525
5.16806,0.00381148,0.00638185,6.46058
5.18577,0.0051937,0.00510336,6.47224
5.12526,0.00394607,0.00574822,6.40681
5.28502,0.00397066,0.00664802,6.56104
5.39423,0.00382131,0.0457474,6.71068
