2 tasks per node
1 threads per task
22.8438,0.00294175,0.000464334,25.7587
13.2982,0.00302084,0.000526002,16.1939
13.3368,0.00266736,0.000884017,16.2405
13.2695,0.00267068,0.000826729,16.1546
13.213,0.00266408,0.000905792,16.1098
13.1284,0.00335357,0.000267948,16.0192
13.2079,0.00265697,0.000863293,16.0841
13.2303,0.00266251,0.000985241,16.1145
13.2735,0.00298955,0.000539133,16.1598
13.2345,0.00294369,0.000490762,16.1264
13.2057,0.00308361,0.000682747,16.0892
13.2436,0.00269693,0.000630676,16.1428
13.2703,0.00266208,0.00190048,16.152
13.3062,0.00259395,0.00084143,16.2004
13.1773,0.00265632,0.000844118,16.0765
13.252,0.00327041,0.000713295,16.1379
13.2019,0.00293808,0.0005317,16.0948
13.2001,0.00297171,0.00055773,16.0881
13.2358,0.00267635,0.000623254,16.1306
13.2989,0.00287499,0.000673362,16.1907
13.2464,0.00338032,0.000305003,16.1382
2 threads per task
13.2537,0.00198295,0.000993899,16.1884
13.1847,0.00229748,0.000894544,16.0776
13.2184,0.00204931,0.00114539,16.1409
13.1584,0.00221622,0.000994886,16.0837
13.0556,0.0020087,0.00113631,15.9457
13.1926,0.00196597,0.0012517,16.0802
13.2908,0.00202258,0.00142546,16.1792
13.321,0.00204402,0.00107329,16.2106
13.179,0.00233432,0.000787509,16.078
13.1691,0.00201041,0.00123246,16.082
13.3914,0.00167452,0.0017332,16.2676
17.8418,0.00199634,0.00143327,20.7653
13.25,0.00209344,0.00113588,16.156
13.2328,0.00231025,0.00105627,16.1269
13.1998,0.00205512,0.00130192,16.1236
13.2023,0.00206994,0.00110913,16.1253
13.1626,0.00175239,0.00157362,16.0558
13.1584,0.00226087,0.000949619,16.0436
13.3392,0.00198875,0.00120746,16.2533
13.2486,0.00171219,0.00155221,16.1364
13.2111,0.00199594,0.00114477,16.1184
3 threads per task
13.2227,0.00169958,0.00159173,16.1142
13.4732,0.00191728,0.00136973,16.3832
13.3223,0.00133226,0.0015505,16.2141
13.1206,0.00190302,0.00130124,16.0161
13.2136,0.00162563,0.00167659,16.0838
13.2578,0.00133086,0.00186917,16.15
13.2169,0.00186345,0.00139892,16.1029
13.2013,0.00135531,0.00165328,16.0789
13.3496,0.00164359,0.00156237,16.2308
13.7108,0.00165229,0.00158672,16.6111
13.2308,0.00163386,0.00142189,16.1218
13.2619,0.0015951,0.00171104,16.1439
13.6828,0.00162328,0.00129763,16.6087
13.1812,0.00162651,0.0015467,16.09
13.3932,0.00167267,0.00155836,16.297
13.3098,0.00165244,0.00160133,16.2189
13.2046,0.00159601,0.00162143,16.1079
13.2906,0.00166436,0.00146067,16.1913
13.1945,0.00158157,0.00160154,16.0707
13.3181,0.00131657,0.00188943,16.2344
13.2502,0.00154974,0.00160919,16.1362
4 threads per task
13.2802,0.00143955,0.00150248,16.1896
13.1687,0.00132801,0.00184868,16.0624
13.289,0.00113257,0.00209317,16.1717
13.2438,0.00113215,0.00204184,16.1612
13.8365,0.0016507,0.00148588,16.7473
13.2498,0.00142353,0.00181576,16.1425
13.3032,0.00111351,0.00201007,16.1986
13.1945,0.00113032,0.00215373,16.0838
13.943,0.00161684,0.00149078,16.8543
13.2337,0.0015194,0.00144256,16.1402
13.1316,0.00115866,0.00187702,16.0263
13.2871,0.00141373,0.00187734,16.1745
13.2259,0.00113171,0.0020578,16.1228
13.1726,0.0014093,0.00181206,16.0556
13.1384,0.00142911,0.00192571,16.0216
13.741,0.00164347,0.00169908,16.6366
13.2267,0.00143296,0.00178604,16.1313
13.2622,0.00143189,0.00171108,16.1386
13.3508,0.00117424,0.00187483,16.2366
13.334,0.00143123,0.00159443,16.2576
13.2819,0.00164257,0.00150727,16.1762
5 threads per task
13.2302,0.00123989,0.00177897,16.1518
13.1516,0.00144401,0.00181638,16.0538
13.2694,0.00123996,0.00217939,16.1628
13.353,0.000953524,0.00224521,16.2652
13.2128,0.0011767,0.00196501,16.1089
13.2156,0.00123226,0.00193281,16.1029
13.2154,0.00117446,0.0020379,16.0896
13.1458,0.00124156,0.00190718,16.0516
13.3534,0.00123178,0.0019813,16.2312
13.1153,0.0012338,0.00198438,16.0178
13.7372,0.00124503,0.00198128,16.6396
13.1773,0.00126437,0.00194984,16.0765
13.3086,0.00125317,0.00170739,16.192
13.2054,0.0014007,0.00185867,16.0987
13.1622,0.000974831,0.00218962,16.0498
13.2779,0.00123615,0.00207999,16.1735
13.109,0.0014961,0.00163612,16.0003
13.199,0.000975329,0.00215198,16.1171
13.188,0.00149567,0.00162211,16.082
13.227,0.00124629,0.00205552,16.1109
13.1851,0.00144501,0.00169067,16.0842
6 threads per task
13.1639,0.000880321,0.00245162,16.0804
13.1826,0.00114474,0.00201489,16.0809
13.3822,0.00100282,0.00209061,16.2937
13.1055,0.0011565,0.00177105,15.9942
13.2656,0.00104269,0.00206569,16.1703
13.2435,0.000872525,0.002464,16.1611
13.1716,0.00131283,0.00181175,16.1067
13.2609,0.00114383,0.00224954,16.1568
13.2507,0.000877353,0.00218317,16.1302
13.2256,0.00115956,0.00194464,16.1158
13.2891,0.000874747,0.00219759,16.1833
13.2889,0.00099452,0.00206018,16.1708
13.2094,0.00117117,0.00199859,16.1088
13.2495,0.00132153,0.00179318,16.1408
13.1987,0.00114733,0.00206707,16.1089
13.2281,0.000865921,0.00218286,16.1281
13.2332,0.00114298,0.00210478,16.1032
13.1983,0.00114035,0.00210026,16.0938
13.2653,0.00131988,0.00176925,16.1582
13.267,0.000871557,0.00224075,16.1519
13.2137,0.00115792,0.00202709,16.1086
7 threads per task
13.2851,0.00124807,0.00180292,16.1827
13.2166,0.000786867,0.00230031,16.1201
15.0011,0.00125221,0.00188907,17.8884
13.2771,0.00105049,0.00208451,16.2001
13.1628,0.0012735,0.00182702,16.0477
13.1358,0.00108575,0.00208683,16.0391
13.1838,0.00108,0.00208521,16.0639
13.2011,0.000832148,0.00231766,16.0968
15.1298,0.000812382,0.00228515,18.0198
13.1834,0.000949592,0.00217083,16.0698
13.2532,0.00108555,0.00208528,16.1551
13.2683,0.00126216,0.00207769,16.1944
13.2615,0.00120463,0.00196749,16.1429
13.2308,0.000839716,0.00236257,16.1092
13.2497,0.00130579,0.00169077,16.1321
13.1613,0.0010822,0.00209016,16.059
13.1613,0.000961234,0.00224818,16.0725
13.2126,0.00110708,0.00196771,16.0956
13.2767,0.00128497,0.00185045,16.1687
13.3584,0.00106456,0.00210403,16.2519
13.2768,0.00107802,0.00196301,16.1712
8 threads per task
13.1458,0.000930577,0.00211919,16.0245
13.2544,0.000778819,0.00244776,16.1429
13.2653,0.000908618,0.00215421,16.1532
13.1915,0.000771687,0.00243981,16.0685
13.2035,0.000783307,0.00238253,16.1076
13.2099,0.00106261,0.00194444,16.0895
13.2656,0.00104814,0.00209615,16.1455
13.211,0.00103786,0.00232666,16.0999
13.1619,0.00079727,0.00246295,16.0343
13.1819,0.000975977,0.002221,16.0823
13.1367,0.00107206,0.00207657,16.0192
13.2434,0.000771278,0.00225444,16.1396
13.1629,0.00105239,0.00205937,16.0457
13.2436,0.00104607,0.0021253,16.1371
13.3426,0.000916177,0.00196509,16.2466
13.1637,0.000751455,0.00246906,16.0434
13.254,0.00125768,0.00171436,16.1703
13.1732,0.00101394,0.00229314,16.0646
13.2261,0.00104332,0.00228287,16.133
13.3,0.000886631,0.00231383,16.2143
13.2056,0.00106754,0.0019851,16.1333
