10 tasks per node
 threads per task
4.31168,0.000367288,0.00389686,5.09597
4.30121,0.000377474,0.00406297,5.08614
4.37846,0.000356212,0.00400495,5.16252
4.45571,0.000372333,0.00406455,5.24117
4.30726,0.000368049,0.00412212,5.09264
4.37315,0.000370504,0.00400306,5.16001
4.32763,0.000379696,0.00395463,5.11426
4.33118,0.000496285,0.00361749,5.11758
4.31033,0.000379795,0.00410963,5.09612
4.3265,0.000378978,0.00401256,5.11507
4.29872,0.000377869,0.00404418,5.08371
4.32114,0.000375887,0.00381954,5.10525
4.29929,0.000384899,0.00403505,5.08594
4.36483,0.000364669,0.00371328,5.1489
4.29964,0.000370508,0.00408381,5.08673
4.32261,0.000381419,0.00398694,5.10726
4.31627,0.000372227,0.00402123,5.10233
4.35671,0.000371883,0.00446186,5.14206
4.32067,0.000374489,0.00429894,5.1073
4.30011,0.000367885,0.00397482,5.08785
4.32833,0.000482446,0.00387743,5.11602
 threads per task
4.30937,0.00266286,0.00273468,5.09487
4.3574,0.000268131,0.00472394,5.14244
4.30287,0.000298839,0.00475585,5.08878
4.36095,0.00185948,0.00325395,5.14631
4.28897,0.000295971,0.00469841,5.07481
4.32399,0.00239985,0.00360897,5.11082
4.35397,0.000306016,0.00506007,5.14303
4.29899,0.00184652,0.00365177,5.08538
4.30013,0.00185283,0.00400244,5.08811
4.33707,0.00356794,0.00197774,5.12233
4.41183,0.00192063,0.00271321,5.19832
4.33913,0.000253877,0.0055037,5.1275
4.34573,0.00291589,0.00252843,5.13114
4.36985,0.00284462,0.00246644,5.15765
4.34994,0.00169845,0.00272534,5.14031
4.38774,0.00315183,0.00221704,5.17544
4.3138,0.00364329,0.00202344,5.10034
4.33478,0.00364463,0.0017904,5.12059
4.37416,0.00364463,0.00142094,5.15931
4.30569,0.00174192,0.00250943,5.08961
4.30415,0.00365081,0.00216566,5.0902
 threads per task
4.32283,0.00558932,0.00249232,5.11166
4.30918,0.00355575,0.00488088,5.09977
4.32998,0.00246229,0.00785313,5.12283
4.26974,0.00354218,0.00488627,5.06042
4.30821,0.005229,0.00228954,5.09723
4.34208,0.00363429,0.00462286,5.13011
4.42584,0.00354497,0.0340775,5.24544
4.3092,0.00343485,0.00611878,5.10016
4.30651,0.003519,0.00821482,5.10042
4.35724,0.00357248,0.00649139,5.14752
4.3203,0.00528272,0.00336044,5.11194
4.31878,0.00339833,0.00521077,5.11015
4.31756,0.00352209,0.0101931,5.11282
5.05546,0.00354915,0.00495634,5.84855
4.39578,0.00354708,0.00604771,5.18491
4.30372,0.0035215,0.00651223,5.09428
4.33186,0.00173716,0.198409,5.31849
4.30899,0.00340884,0.00480058,5.09896
4.29976,0.00342983,0.00552765,5.08931
4.33189,0.003513,0.0044763,5.12009
4.30564,0.000235235,0.00831367,5.09734
 threads per task
4.3111,0.00521286,0.00655241,5.10395
4.30951,0.00831102,0.0029166,5.10215
4.3413,0.00669094,0.00412388,5.13181
4.31469,0.00828134,0.00287517,5.10873
4.30767,0.00348168,0.00820815,5.10016
4.33751,0.00980294,0.00202289,5.13097
4.29405,0.00833395,0.00348596,5.08695
4.34894,0.00355644,0.00963893,5.14462
4.3659,0.00678579,0.00412183,5.15661
4.28926,0.00669574,0.00499374,5.08129
4.34922,0.0100657,0.0028227,5.14224
4.3318,0.00999141,0.00204092,5.12662
4.32699,0.00834447,0.00461222,5.11988
4.33471,0.00678553,0.00606424,5.12804
4.31847,0.00646607,0.00544106,5.11276
4.37109,0.00841375,0.00361088,5.16341
4.37363,0.00354942,0.00786728,5.16571
4.32337,0.00989736,0.000204436,5.11593
4.30554,0.00664736,0.00674765,5.10004
4.32989,0.00685484,0.00475454,5.12161
4.33075,0.0052311,0.00687823,5.1231
 threads per task
4.31008,0.013075,0.00218848,5.10532
4.31381,0.00507546,0.00933537,5.11028
4.31831,0.00828341,0.00675795,5.11639
4.3186,0.0165785,0.00184457,5.1183
4.31709,0.00666468,0.0112109,5.11683
4.36439,0.00680701,0.00825772,5.16104
4.37524,0.00990703,0.00472274,5.16986
4.29207,0.00840442,0.00696108,5.09023
4.29958,0.00821937,0.00689241,5.09725
4.3688,0.00672661,0.00862407,5.16625
4.33015,0.00839558,0.00775795,5.12772
4.32928,0.00844019,0.00974643,5.12899
4.33116,0.00665092,0.00840812,5.12541
4.34406,0.0100499,0.00633367,5.14179
4.35792,0.00834766,0.00655535,5.15562
4.33108,0.0100082,0.00590987,5.12838
4.35637,0.0100878,0.00490317,5.15211
4.34392,0.00681959,0.00932057,5.13993
4.32044,0.0101664,0.00612813,5.12031
4.37237,0.0100184,0.00518434,5.17043
4.31062,0.00665913,0.0107352,5.10835
 threads per task
4.30735,0.0163953,0.00394889,5.10896
4.29265,0.0116213,0.00874198,5.09502
4.30163,0.0132632,0.00537496,5.10397
4.37937,0.00998008,0.0100361,5.1821
4.35487,0.0132518,0.00673664,5.15983
4.30728,0.0100496,0.0107362,5.10748
4.30766,0.0131641,0.00659303,5.10737
4.36341,0.0114877,0.0066902,5.16413
4.32861,0.00499774,0.0158776,5.13107
4.35864,0.00988021,0.00991194,5.16058
4.32858,0.00987641,0.0124115,5.13379
4.32546,0.00834936,0.0113828,5.12686
4.31108,0.0115945,0.00787078,5.11165
4.31136,0.00834043,0.0140915,5.11572
4.33441,0.0131956,0.00795483,5.13598
4.3197,0.0116395,0.0155909,5.12792
4.30414,0.00837159,0.0111508,5.10603
4.30823,0.0131785,0.00660651,5.10849
4.29257,0.0114951,0.00940736,5.09461
4.31825,0.0101432,0.0102831,5.12113
4.31726,0.00989638,0.00965141,5.11983
 threads per task
4.31599,0.0132617,0.0176363,5.13609
4.3192,0.00995743,0.0155291,5.12711
4.31318,0.0115808,0.0113628,5.11727
4.29621,0.0197237,0.00462524,5.10099
4.34423,0.0164355,0.00613196,5.14657
4.30968,0.0116395,0.0128072,5.11449
4.3289,0.0195045,0.00447745,5.13601
4.29969,0.0115045,0.0126091,5.10555
4.30853,0.0114202,0.022234,5.12229
4.39711,0.0133351,0.0139541,5.2048
4.29773,0.0098478,0.0157526,5.10335
4.34752,0.0147747,0.00972381,5.15256
4.35022,0.0200194,0.00591452,5.15744
4.28591,0.00999244,0.018884,5.0947
4.30142,0.0115921,0.024249,5.11793
4.30666,0.0161177,0.0068453,5.11133
4.31989,0.0133331,0.00950142,5.12234
4.36545,0.013222,0.0117103,5.17115
4.35076,0.0178952,0.00611729,5.15616
4.33964,0.00843232,0.0154059,5.14328
4.37604,0.011373,0.0156878,5.18794
 threads per task
4.40043,0.0130679,0.0136339,5.20814
4.31311,0.0214086,0.00717703,5.12321
4.34543,0.0181002,0.0105589,5.15458
4.37154,0.0189978,0.0101278,5.18185
4.31055,0.0148205,0.0115618,5.1168
4.31495,0.0147109,0.0115468,5.12299
4.37562,0.0179637,0.010036,5.18417
4.50732,0.00989183,0.0176614,5.31581
4.38865,0.0132847,0.0142231,5.198
4.33583,0.0133159,0.0143539,5.14327
4.32789,0.0115701,0.014572,5.13462
4.31852,0.0178585,0.00922969,5.12668
4.32014,0.0165808,0.00974228,5.12855
4.30702,0.0116985,0.016114,5.11539
4.41891,0.0131448,0.0140895,5.22629
4.30152,0.0181151,0.00838299,5.11031
4.44979,0.0147834,0.0691519,5.31377
4.33318,0.0115117,0.0178522,5.14948
4.32179,0.0148187,0.0101456,5.12735
4.3405,0.016414,0.011426,5.14921
4.32636,0.0164426,0.0114582,5.13588
