1 tasks per node
1 threads per task
8.70519,0.00270197,0.00372384,9.59064
3.89438,0.0029025,0.00334692,4.78013
3.88165,0.00288562,0.00433422,4.76669
3.85243,0.00264469,0.00386623,4.73808
3.86487,0.00288071,0.00356672,4.75098
3.92445,0.00295926,0.00355452,4.81012
3.86961,0.00296579,0.00347367,4.7545
3.82852,0.00293341,0.00430672,4.71327
3.9657,0.00294344,0.00358026,4.85047
3.87387,0.00297389,0.00375553,4.75857
3.85268,0.00330392,0.00316813,4.73807
3.84788,0.00291184,0.00349798,4.73315
3.90277,0.00293076,0.00420238,4.79115
3.85722,0.00290316,0.00385291,4.74379
3.84843,0.00293368,0.00367311,4.73329
3.94639,0.00297104,0.00349871,4.83242
3.8389,0.00291458,0.00374066,4.72378
3.86442,0.00294082,0.00366626,4.7491
3.87825,0.00293867,0.00461919,4.76284
3.85616,0.00289655,0.00340386,4.74174
3.84551,0.00296728,0.00343434,4.73082
2 threads per task
3.8643,0.00165927,0.00403376,4.74832
3.84301,0.00165133,0.00366354,4.72747
3.86122,0.00164938,0.00370611,4.74705
3.84956,0.00165026,0.00514916,4.73781
3.89173,0.00165471,0.00399823,4.7763
3.88099,0.00162219,0.00371948,4.76696
3.86252,0.00165651,0.00390127,4.74899
4.11887,0.00164679,0.00426583,5.00408
3.84494,0.00165255,0.00399999,4.73002
3.86645,0.0016503,0.00405366,4.75085
3.88496,0.00162621,0.00454237,4.77071
3.86997,0.00159228,0.00422722,4.75398
3.87929,0.00165427,0.00365683,4.76437
3.87531,0.00162254,0.00409334,4.75853
3.9031,0.00163021,0.00384591,4.78844
3.88307,0.00165519,0.00372704,4.7674
3.90029,0.00165097,0.00410771,4.78492
3.85303,0.00166106,0.00413194,4.73717
3.84792,0.00163432,0.0038679,4.73559
3.83863,0.0015966,0.00362676,4.72206
3.85085,0.00162455,0.0038112,4.73415
3 threads per task
3.82321,0.0014359,0.00421403,4.70902
3.84857,0.00145395,0.00387113,4.7335
3.91172,0.00145771,0.00404635,4.7937
3.95609,0.00149602,0.00390712,4.84027
3.86462,0.00144353,0.00352107,4.74876
3.91057,0.00142915,0.00413927,4.79714
3.88258,0.0014307,0.00430903,4.7667
3.82977,0.00144895,0.00404003,4.71351
3.89234,0.00143118,0.00374477,4.77597
3.85816,0.00145048,0.00427351,4.74195
4.0048,0.00148209,0.00357595,4.88932
3.8461,0.0014297,0.00382762,4.72953
3.84768,0.00144909,0.0043341,4.73222
3.89966,0.00144999,0.00365035,4.78394
3.83332,0.00142847,0.00360867,4.71724
3.84526,0.00145044,0.00359072,4.72956
3.85712,0.00145053,0.00373814,4.74057
3.81198,0.00147263,0.00408344,4.69829
4.26174,0.00144422,0.00357397,5.14501
3.85666,0.00150853,0.00394707,4.74224
3.82278,0.00145208,0.00384961,4.70845
4 threads per task
3.84074,0.0012188,0.0038918,4.72574
3.85007,0.00168202,0.00368062,4.73333
3.839,0.00122365,0.00408091,4.72287
3.85514,0.00124829,0.00376987,4.74035
3.86574,0.00120774,0.003997,4.74947
3.85321,0.00122313,0.00418998,4.73646
3.86242,0.00118879,0.0045261,4.74734
3.85832,0.00122576,0.00423893,4.74324
3.91747,0.00121045,0.00378052,4.80178
3.86491,0.00122894,0.00424,4.7495
3.84935,0.00121162,0.00397039,4.73544
3.81818,0.00120912,0.00408583,4.70149
3.85659,0.00120819,0.00439373,4.74038
3.87846,0.00115496,0.00442325,4.76258
3.8643,0.00120841,0.00437652,4.74784
3.84772,0.00122473,0.00377507,4.73433
3.82462,0.00121407,0.00454909,4.70943
3.9079,0.0012339,0.00373599,4.79188
3.90198,0.0012225,0.0036616,4.78553
3.86907,0.00122766,0.00458327,4.75375
3.85155,0.0012265,0.00405253,4.73719
5 threads per task
3.85879,0.000909625,0.00423138,4.74309
3.86275,0.000916182,0.00442313,4.74497
3.8765,0.000905512,0.00384634,4.75991
3.92755,0.000922005,0.00392878,4.81037
3.85299,0.00093383,0.00377262,4.73565
3.84486,0.000915829,0.00449546,4.72868
3.82934,0.000937997,0.00387546,4.71272
3.82959,0.000908629,0.00499958,4.7128
3.85902,0.000903641,0.00403202,4.74201
3.86702,0.000933768,0.00369525,4.75159
3.98635,0.000926495,0.00393503,4.87036
3.87979,0.000926819,0.00389139,4.76268
3.83926,0.000927884,0.0041506,4.72455
3.85153,0.000928101,0.00384524,4.73383
3.82666,0.00094288,0.0040806,4.70925
3.8591,0.000923705,0.00401948,4.74333
3.84525,0.000939618,0.0039249,4.72902
3.90158,0.000918085,0.00440292,4.78563
3.86358,0.000913037,0.00374496,4.74705
3.84171,0.000911084,0.0045143,4.72626
3.86479,0.000926738,0.00389591,4.74787
6 threads per task
3.8712,0.000915009,0.00443484,4.75392
3.81771,0.00159412,0.00328617,4.7013
3.87599,0.000888576,0.00426572,4.76127
3.84975,0.000894199,0.00398227,4.734
3.86276,0.000917243,0.00451151,4.74723
3.83424,0.000895916,0.00458519,4.71797
3.89083,0.00163151,0.00329024,4.77419
3.8483,0.000894952,0.0038256,4.73046
3.84668,0.0009049,0.00447185,4.72974
3.84146,0.000893902,0.0042611,4.72544
3.86071,0.000894523,0.004054,4.74294
3.86078,0.000899711,0.0039972,4.74596
3.89416,0.000913734,0.00430153,4.77808
3.85055,0.000914953,0.0039423,4.73326
3.86413,0.000909979,0.00413414,4.74835
3.95194,0.000899718,0.00420258,4.83769
3.85163,0.000892797,0.00371569,4.7348
3.85622,0.000896664,0.00407554,4.73862
3.86128,0.000891644,0.00422544,4.74396
3.83704,0.000918473,0.00399633,4.72359
3.8421,0.000898017,0.00464614,4.72625
7 threads per task
3.83831,0.000934256,0.0039512,4.72254
3.83511,0.000874587,0.00446388,4.72144
3.85399,0.000920658,0.0037953,4.73986
3.90313,0.000897902,0.00377802,4.78702
3.84366,0.00090362,0.00464464,4.72792
3.84613,0.000920287,0.00408024,4.73037
3.92493,0.000884776,0.004037,4.80767
3.86927,0.000895451,0.00451806,4.75285
3.88037,0.000890153,0.00392681,4.76429
3.89098,0.000899086,0.00439926,4.77406
3.86288,0.000909907,0.00428237,4.74768
3.87504,0.000906872,0.00413282,4.7595
3.84692,0.000891269,0.00391809,4.73028
3.89649,0.000899883,0.0040592,4.77993
3.84669,0.000912741,0.00379765,4.72997
3.84671,0.000892977,0.00395363,4.73002
3.85098,0.000883826,0.00420124,4.73354
3.95069,0.00087666,0.00406816,4.83412
3.91839,0.000890956,0.00421234,4.80258
3.95305,0.000903437,0.00412463,4.83653
3.87236,0.000893586,0.00408498,4.75673
8 threads per task
3.85033,0.000813735,0.00438897,4.73385
3.89684,0.000798418,0.00421035,4.78284
3.85423,0.000809382,0.00406227,4.73914
3.84465,0.000809099,0.00470028,4.7294
3.85965,0.000822716,0.00388731,4.74308
3.85825,0.000801984,0.00401804,4.74221
3.85316,0.000816025,0.00416843,4.73782
3.85923,0.000812897,0.00447804,4.74449
3.8094,0.000805947,0.00422193,4.69199
3.87432,0.000889242,0.00385813,4.7572
3.86089,0.000839705,0.00438418,4.74509
3.83147,0.000811559,0.00407737,4.71547
3.88176,0.000815683,0.00398126,4.76608
3.89082,0.000799878,0.00416964,4.77685
3.88597,0.000802664,0.00447785,4.77026
3.83826,0.000813493,0.0037239,4.7227
3.85407,0.00177432,0.00349514,4.73797
3.89575,0.000815387,0.00398198,4.77982
3.8456,0.000820745,0.00426675,4.73031
3.86379,0.000795097,0.00417158,4.74707
3.87175,0.000820322,0.00492172,4.75487
2 tasks per node
1 threads per task
6.72019,0.00277298,0.00406639,7.57678
3.93837,0.00306287,0.00291575,4.79446
3.97183,0.0028545,0.00346143,4.82732
3.81463,0.00268724,0.00397493,4.67122
3.89262,0.00294108,0.00313524,4.74748
3.88179,0.00272252,0.00424395,4.73882
3.84527,0.00269303,0.00313748,4.70073
3.80517,0.00270834,0.00392158,4.66228
3.83249,0.00268983,0.00309033,4.68894
3.79935,0.00269566,0.00350186,4.65677
3.8132,0.00296902,0.0032282,4.66896
3.81241,0.00269288,0.00420852,4.66869
3.76187,0.00270168,0.00335344,4.61905
3.87323,0.00294231,0.00313022,4.73025
3.83976,0.00269375,0.00330166,4.6972
3.81431,0.00265611,0.00367184,4.66991
3.82927,0.00269114,0.00408736,4.68661
3.80765,0.00269015,0.00392,4.66427
3.93676,0.0027795,0.00327808,4.79247
3.81221,0.00306061,0.00336868,4.66928
3.80191,0.00268627,0.0040604,4.6594
2 threads per task
3.92841,0.00157691,0.00324808,4.7844
3.87646,0.00192392,0.0031581,4.73275
3.86134,0.00163092,0.00351979,4.71693
3.79457,0.00157215,0.00328472,4.64891
3.8192,0.0016351,0.00331663,4.67479
3.79025,0.00159264,0.00336326,4.64534
3.79964,0.00162397,0.00338088,4.65627
3.82856,0.00166728,0.00319814,4.68405
3.80806,0.0016106,0.00331944,4.66345
3.84355,0.00161042,0.00333278,4.70045
3.92946,0.00159718,0.0037469,4.78523
3.8578,0.00166487,0.00336037,4.71473
3.8125,0.00168235,0.00323558,4.66738
3.82081,0.00168577,0.00401796,4.67678
3.87781,0.00167763,0.00389471,4.7336
3.82854,0.00159485,0.00363383,4.68417
3.8058,0.00160032,0.00354009,4.65996
3.79637,0.00163686,0.00304948,4.65114
3.79846,0.00160037,0.00328685,4.65226
3.8621,0.00167997,0.0033072,4.71632
3.824,0.00159452,0.00370771,4.68048
3 threads per task
3.79773,0.00154752,0.00328864,4.65326
3.79031,0.00118317,0.00349195,4.64606
3.80357,0.00121089,0.00336094,4.65838
3.80927,0.00121442,0.00325831,4.664
3.80565,0.0012314,0.00337468,4.66044
3.83785,0.00120612,0.00353737,4.69267
3.82043,0.00123419,0.00352621,4.67741
3.85964,0.00119448,0.00373893,4.71509
3.80828,0.00123446,0.0035532,4.66483
3.84171,0.0015384,0.00403835,4.69651
3.80566,0.00123401,0.00354769,4.66196
3.803,0.0012355,0.00381126,4.65939
3.85118,0.00122625,0.00354643,4.70658
3.79859,0.00123451,0.00339072,4.65144
3.79953,0.00146073,0.00319633,4.65517
3.80571,0.0012201,0.00357633,4.66088
3.79115,0.00122591,0.00352918,4.64621
3.81435,0.00152055,0.00365605,4.67162
3.81073,0.00121474,0.00419744,4.66678
3.843,0.00121178,0.00380827,4.699
3.82081,0.00119058,0.00337086,4.67635
4 threads per task
3.81038,0.00117506,0.00324281,4.66525
3.79492,0.00116143,0.00325655,4.64969
3.81506,0.00116045,0.00349818,4.66901
3.82761,0.00127979,0.00346445,4.68264
3.84957,0.00117476,0.00352281,4.70591
3.78458,0.00118075,0.00376496,4.6399
3.85982,0.00118687,0.0036155,4.71573
3.81275,0.00116996,0.00347205,4.66778
3.82782,0.00119133,0.00378196,4.68266
3.8032,0.00118278,0.00355096,4.6575
4.22826,0.00114017,0.00341547,5.08311
3.79377,0.0011755,0.00329782,4.64747
3.81341,0.0011841,0.00349571,4.66761
3.82044,0.00117911,0.00349345,4.67517
3.8127,0.00118249,0.00381791,4.6679
3.88855,0.00123507,0.00340796,4.74334
3.86523,0.0015439,0.00293703,4.71996
3.78835,0.00117523,0.00338187,4.64365
3.85633,0.00119364,0.0035012,4.71215
3.81517,0.00117327,0.00403334,4.67179
3.76358,0.00116689,0.00328928,4.61827
5 threads per task
3.80663,0.000901688,0.0032558,4.66153
3.90334,0.000924522,0.00322028,4.75769
3.81479,0.000932872,0.00373714,4.66917
3.79759,0.000909587,0.00351576,4.65285
3.8065,0.000957452,0.00344103,4.66251
3.82445,0.000939248,0.00355065,4.68038
3.81837,0.000922337,0.00335879,4.6744
3.86899,0.000944903,0.00352386,4.72541
3.82962,0.000903537,0.00427601,4.6853
3.82571,0.000913344,0.00323269,4.68089
3.82206,0.000943003,0.00394272,4.67735
3.80594,0.000940153,0.0033946,4.66135
3.82028,0.000906872,0.00352408,4.67631
3.8811,0.00093744,0.00360607,4.73463
3.82655,0.000902636,0.00331876,4.68214
3.84247,0.000910094,0.00364407,4.69721
3.88751,0.000914888,0.00369693,4.74311
3.82436,0.000944218,0.00394253,4.68006
3.81981,0.000950312,0.00403565,4.67627
3.87637,0.000939291,0.0036863,4.7324
3.82363,0.00094378,0.00339283,4.68014
6 threads per task
3.85891,0.000899918,0.00343455,4.71517
3.80073,0.000919376,0.00404958,4.65611
3.79484,0.000890026,0.00332629,4.6505
3.85916,0.000931296,0.00308807,4.71447
3.80787,0.000896217,0.0030532,4.663
3.83554,0.000921177,0.00356905,4.69088
3.89584,0.000919152,0.00336325,4.75145
3.80415,0.000916535,0.00326348,4.6589
3.82245,0.000895029,0.00382423,4.6776
3.79774,0.000940671,0.00457987,4.65362
3.83294,0.000929099,0.00341037,4.68789
3.80503,0.00093453,0.00377397,4.66066
3.82279,0.000930572,0.00305806,4.67786
3.80969,0.000946801,0.00345135,4.66496
3.79844,0.000899684,0.00343836,4.65175
3.8669,0.000945618,0.0040149,4.72265
3.84668,0.000920054,0.00334182,4.70142
3.85551,0.00092694,0.00405706,4.71074
3.8103,0.00092547,0.00409548,4.66705
3.81948,0.000890698,0.00329806,4.67482
3.85343,0.000900226,0.00345833,4.7077
7 threads per task
3.82671,0.000936475,0.00318793,4.6818
3.79587,0.000941582,0.00343392,4.65053
3.79817,0.000917958,0.00361256,4.65272
3.88772,0.000943307,0.00373382,4.74415
3.8408,0.000914801,0.00428325,4.6964
3.7937,0.000944503,0.00395615,4.65012
3.83264,0.00092994,0.00411528,4.68852
3.80521,0.000934307,0.00348788,4.66098
3.81944,0.00130256,0.00382885,4.67423
3.83268,0.000906687,0.00308869,4.68736
3.81355,0.000900878,0.00334241,4.66898
3.82995,0.000937453,0.00331303,4.68528
3.80203,0.000907522,0.0036145,4.65886
3.80587,0.000909787,0.00405285,4.6623
3.81782,0.000904847,0.00326582,4.6737
3.92051,0.000933159,0.00335536,4.77547
3.84646,0.000922205,0.00376599,4.70142
3.81212,0.000933321,0.00352728,4.66855
4.00383,0.000945603,0.00357669,4.85922
3.82067,0.000922348,0.00426986,4.67553
3.81592,0.000950152,0.00342091,4.67157
8 threads per task
3.83149,0.000805097,0.00356292,4.68727
3.85801,0.000821317,0.00344493,4.71306
3.8277,0.000803426,0.00358786,4.68318
3.81614,0.000829414,0.00366573,4.67233
3.82745,0.000836918,0.00408127,4.68283
3.8378,0.000820044,0.00359765,4.6914
3.82243,0.00080514,0.00322141,4.67756
3.87504,0.000805968,0.00352342,4.72966
3.82904,0.00129293,0.00287978,4.68354
3.92222,0.000840554,0.00360528,4.7786
3.85553,0.000785492,0.00340122,4.71037
3.79894,0.000801235,0.00420284,4.65549
3.79467,0.000850532,0.00421614,4.65247
3.8265,0.000821885,0.00357374,4.68117
3.78902,0.000816302,0.0039376,4.64514
3.86281,0.000813656,0.00359688,4.71837
3.96004,0.00086684,0.00352144,4.81652
3.80045,0.000835123,0.00358689,4.65533
3.80088,0.000809468,0.00344251,4.65681
3.76093,0.000812892,0.00376411,4.61599
3.81559,0.000813525,0.00340352,4.67271
3 tasks per node
1 threads per task
6.94386,0.00274337,0.000594214,7.55523
3.99929,0.00304754,0.00041764,4.61077
3.90169,0.002746,0.000543792,4.51287
3.94331,0.00301971,0.000395456,4.55432
3.94395,0.0027789,0.000404513,4.55453
3.97152,0.0030729,0.000426257,4.58288
3.98056,0.00298032,0.000432957,4.59232
3.95268,0.00286847,0.000458904,4.56388
3.90997,0.0027366,0.000520876,4.52106
4.08085,0.00303487,0.000397217,4.69114
3.98845,0.00304416,0.000461338,4.60068
3.94875,0.00285307,0.000390068,4.56034
3.99369,0.00283734,0.000417428,4.60478
3.9249,0.00283604,0.000438545,4.53741
3.96508,0.00275399,0.000583271,4.57581
3.91765,0.00284867,0.00165897,4.52897
3.98203,0.00304786,0.00038786,4.59388
3.98421,0.00306798,0.000396267,4.59685
3.96029,0.00287364,0.000427023,4.5724
3.98573,0.00303196,0.000436362,4.59729
3.93613,0.0031921,0.000404883,4.54746
2 threads per task
4.02702,0.00170616,0.000476697,4.63821
4.01317,0.00171292,0.000471231,4.62293
3.93265,0.0016693,0.000465833,4.5424
3.96025,0.00179866,0.000439556,4.57102
3.96378,0.00170536,0.000455389,4.57431
3.9905,0.00177367,0.000430301,4.60199
3.93706,0.00177646,0.000505785,4.54758
3.94965,0.00173233,0.000430772,4.55899
3.94428,0.00170139,0.000428345,4.55345
3.94382,0.0017934,0.000419948,4.55308
3.9478,0.0017907,0.000425031,4.55856
3.98296,0.00178074,0.000400934,4.59234
3.93479,0.00167435,0.000431426,4.54403
3.9581,0.00171055,0.000448631,4.56943
4.02732,0.00172691,0.000397932,4.63751
3.98654,0.00182756,0.000465056,4.59727
3.92205,0.0016664,0.000507502,4.53279
3.9246,0.00255105,0.000414947,4.53613
3.92641,0.00167052,0.000414815,4.53527
3.95072,0.00173111,0.000400901,4.5609
3.94145,0.00168481,0.000450559,4.55061
3 threads per task
3.96878,0.00152328,0.000417517,4.57952
3.94403,0.00127898,0.00104067,4.55514
3.96022,0.00119142,0.000447569,4.57086
3.977,0.00137925,0.000407731,4.58701
3.94366,0.00152434,0.000424812,4.55186
3.9845,0.00151789,0.00041822,4.59406
4.01441,0.00152156,0.000432804,4.62572
3.97192,0.00153928,0.000422811,4.5809
3.98915,0.0014655,0.000433486,4.59899
3.93038,0.00218478,0.000418799,4.54202
4.00283,0.00153048,0.000431068,4.61299
3.92924,0.00144847,0.000417741,4.53828
3.96417,0.00146291,0.000424603,4.57376
3.93373,0.00145008,0.000412924,4.54403
3.94981,0.00156642,0.000416452,4.55931
3.92928,0.00124479,0.000471227,4.53784
3.93813,0.00125799,0.00134816,4.54923
4.01963,0.00149086,0.000471389,4.6299
3.95513,0.00124107,0.000449672,4.56436
4.0008,0.00125806,0.000837034,4.60961
3.97126,0.00133091,0.0009048,4.58074
4 threads per task
3.90098,0.00116991,0.000420522,4.50942
3.99309,0.00121731,0.000472147,4.60436
3.92025,0.00117041,0.00133121,4.53078
3.9154,0.00150378,0.00157652,4.526
3.92316,0.00116409,0.00190382,4.53499
4.39766,0.00120499,0.00047436,5.00667
4.04285,0.00125826,0.000572724,4.65316
3.96936,0.00121558,0.000417219,4.57844
3.93238,0.0011721,0.0004222,4.54324
3.94289,0.00124585,0.000436341,4.55149
3.94564,0.00120944,0.000824111,4.55488
3.95287,0.0012526,0.00149155,4.56481
3.95689,0.00129856,0.000415379,4.56654
3.92725,0.00118112,0.000437979,4.53688
3.94388,0.00120512,0.000723956,4.55342
3.93313,0.00117283,0.00193175,4.54355
3.97897,0.00124389,0.000479117,4.58864
4.02471,0.00118811,0.002295,4.63479
3.93511,0.00119202,0.000478098,4.54373
3.94805,0.00124238,0.00076762,4.55899
3.94152,0.00120776,0.0004768,4.55113
5 threads per task
3.93557,0.00612623,0.000413904,4.55075
3.92613,0.00455089,0.000564763,4.53806
3.97155,0.00456952,0.00232687,4.58715
3.92916,0.00248896,0.00240394,4.54127
3.98979,0.00472112,0.0019169,4.6032
3.93894,0.00483306,0.000417175,4.55233
3.988,0.00617015,0.000456158,4.60298
3.95871,0.00457323,0.00064517,4.57145
3.99232,0.00251577,0.01453,4.61694
3.92819,0.00464641,0.00148377,4.54187
3.9273,0.00469745,0.000437217,4.53976
3.98296,0.00468658,0.000400554,4.59588
3.94954,0.00469112,0.000496872,4.56297
3.93479,0.00474729,0.000757173,4.54801
3.95738,0.00614374,0.000448581,4.57177
3.93653,0.000921588,0.00358507,4.54854
3.96142,0.000927927,0.0045897,4.57451
3.96515,0.00249788,0.0024268,4.57785
3.94904,0.000941472,0.00391071,4.56074
3.9579,0.00235445,0.00280015,4.57175
3.9525,0.00465644,0.000581883,4.56533
6 threads per task
3.95073,0.00427641,0.00100726,4.56367
3.95974,0.00501114,0.00115948,4.57565
3.93924,0.00445781,0.0132577,4.56357
3.94249,0.00505146,0.000431266,4.55586
3.92906,0.00463612,0.000405731,4.54182
3.96217,0.00557927,0.000679361,4.57707
3.92685,0.00465473,0.00102356,4.54003
3.93623,0.00466181,0.000717159,4.54963
3.94317,0.0058917,0.000416787,4.55789
3.96338,0.0046029,0.000424257,4.57624
3.91783,0.00456591,0.0019665,4.53115
3.94591,0.00444998,0.00194809,4.56
3.96888,0.00250505,0.00263325,4.58198
3.93863,0.00433725,0.00190582,4.5532
3.94852,0.00633448,0.000412097,4.56395
3.97701,0.00419106,0.000870671,4.59031
3.92739,0.00234522,0.00272853,4.54139
3.96232,0.00448384,0.00055147,4.5753
3.96462,0.00234973,0.00422553,4.58017
3.91668,0.0060936,0.000394056,4.53026
3.96891,0.00420213,0.000723379,4.58211
7 threads per task
3.98237,0.00583532,0.000433566,4.59723
3.94894,0.00594741,0.000519333,4.56327
3.93845,0.00222724,0.0042246,4.55245
4.01285,0.00255549,0.00310678,4.62544
4.07992,0.00428047,0.00226903,4.69453
3.91427,0.0060856,0.00045641,4.52859
4.58588,0.000934212,0.0151551,5.21054
3.96055,0.00252714,0.00418871,4.57706
3.94029,0.00489247,0.000452563,4.55314
3.96716,0.00254986,0.00270119,4.58024
3.9492,0.00650861,0.0004611,4.56466
3.96321,0.0043902,0.00198139,4.57842
3.9436,0.00252867,0.00235991,4.5568
3.95319,0.00584868,0.000390464,4.56834
3.91883,0.00608731,0.000450801,4.53257
3.95437,0.00616212,0.00126337,4.56924
3.94324,0.00426277,0.000770573,4.55592
3.92527,0.0041862,0.00222304,4.53897
4.35816,0.00626708,0.000410696,4.97189
3.96161,0.00423899,0.000506625,4.57386
4.04086,0.00234671,0.00431452,4.65604
8 threads per task
3.98693,0.00450155,0.000399074,4.60008
3.93499,0.00441739,0.000403864,4.54853
3.96549,0.00429917,0.000889052,4.57963
3.98255,0.00465101,0.00259997,4.5987
3.92692,0.00444837,0.00181433,4.54004
3.92165,0.00429996,0.00204069,4.53451
4.01044,0.00465069,0.00115044,4.62299
3.98914,0.0044629,0.000394752,4.60178
3.95448,0.00433733,0.000440486,4.56646
4.03363,0.00432705,0.000435989,4.64708
3.91632,0.00442234,0.000400696,4.531
3.9555,0.00446293,0.00131556,4.57028
3.94382,0.00604276,0.000406047,4.55766
3.97057,0.00444398,0.000421805,4.58338
3.92711,0.0044025,0.000427919,4.54033
3.94559,0.0044886,0.000438904,4.5592
3.99935,0.00434798,0.00137659,4.61229
3.95178,0.00444436,0.000397632,4.56451
3.94381,0.00450583,0.000450907,4.5573
3.9798,0.00434192,0.000467356,4.59189
3.92533,0.00423229,0.00183129,4.54026
4 tasks per node
1 threads per task
6.72932,0.00158687,0.00508135,7.31643
3.98751,0.0019026,0.00417631,4.57583
3.96838,0.00164918,0.00501503,4.55728
3.98031,0.00173829,0.00490039,4.56861
3.98275,0.00163933,0.00565529,4.57144
3.96951,0.00164632,0.00482134,4.55758
3.96283,0.00160939,0.00510252,4.55065
3.9878,0.00191486,0.00431462,4.57592
3.95488,0.00164829,0.00480951,4.54294
4.04648,0.00189873,0.00475567,4.63405
3.9756,0.00159888,0.00529228,4.56485
3.99114,0.00189122,0.00483448,4.5797
3.92608,0.00159882,0.00508122,4.51335
4.01682,0.00190108,0.00478365,4.60566
3.94355,0.00163847,0.00493881,4.53163
3.97703,0.00188783,0.0046962,4.5659
3.93771,0.00158603,0.00493642,4.52494
3.98813,0.00189667,0.00469181,4.57662
4.00582,0.00193058,0.00503486,4.59389
3.97049,0.0016411,0.00490503,4.55984
3.98712,0.001942,0.00521376,4.57561
2 threads per task
3.98683,0.00120719,0.00462954,4.57281
3.98125,0.00121816,0.00422396,4.568
3.9798,0.00120569,0.00442255,4.56714
3.96092,0.00109962,0.00473392,4.54983
4.0447,0.00106328,0.00411638,4.63212
3.95952,0.00106389,0.00413342,4.54597
3.98487,0.0011974,0.00468619,4.57159
3.97867,0.00121412,0.00421104,4.56446
4.06639,0.00121691,0.00414568,4.65372
3.95529,0.00105149,0.00444832,4.54256
3.96393,0.00105572,0.00414685,4.55024
4.04177,0.00110085,0.00440933,4.6286
4.01564,0.0010856,0.0042623,4.60153
3.95211,0.00104488,0.00409407,4.53889
3.97418,0.00106993,0.00436157,4.56128
3.93872,0.00105192,0.00432408,4.52561
3.98093,0.00122347,0.00417809,4.56741
3.9772,0.00105363,0.00424403,4.56399
4.05231,0.0010622,0.00450207,4.63993
3.99817,0.00120517,0.00417632,4.58349
3.93874,0.00104948,0.00491691,4.5266
3 threads per task
3.98864,0.00102555,0.00461976,4.57442
3.98568,0.000848024,0.00419654,4.57194
3.99609,0.00105853,0.00417545,4.58314
3.97458,0.00106555,0.00406398,4.5623
4.02534,0.000997779,0.00368431,4.61244
3.93455,0.000783733,0.00428044,4.52124
4.15187,0.00106986,0.00492554,4.73838
3.9519,0.000824417,0.00427768,4.53787
3.94175,0.000809159,0.00471375,4.52876
3.99309,0.00107262,0.00388208,4.57994
3.98949,0.00105377,0.00386969,4.57557
3.95411,0.000830256,0.00399642,4.53971
3.97972,0.00234003,0.00257369,4.56747
3.96079,0.000825291,0.00393566,4.54612
4.03476,0.000826188,0.00424047,4.62204
3.9587,0.000766077,0.00470263,4.54479
3.99398,0.00106987,0.00415049,4.58085
4.02337,0.00107963,0.00464018,4.6098
3.95159,0.000784951,0.00430324,4.53866
3.95103,0.000828219,0.00416766,4.53846
3.94866,0.000802859,0.00513366,4.53586
4 threads per task
3.94969,0.000886526,0.00403483,4.53649
3.98206,0.000935673,0.00382507,4.5684
4.05154,0.00089839,0.00396898,4.63857
4.01447,0.000895552,0.00454265,4.60222
3.97045,0.000742988,0.00361828,4.55834
3.99659,0.000784723,0.0047229,4.58396
3.95597,0.000784347,0.00411939,4.54038
4.02324,0.000955,0.00396831,4.61043
3.94097,0.000793926,0.00405169,4.52715
3.96443,0.000828132,0.00432195,4.5508
4.00742,0.000837986,0.003923,4.59398
3.95193,0.000835674,0.00427335,4.53838
3.94795,0.000806546,0.00386627,4.53445
3.94453,0.000795345,0.00529658,4.53098
3.9924,0.000895393,0.00473135,4.58066
3.93091,0.000780569,0.00466459,4.51785
3.94859,0.000754834,0.00409131,4.53436
3.94644,0.00122995,0.00366657,4.53338
4.01865,0.0011971,0.00341637,4.60515
3.97603,0.000823678,0.00475194,4.56396
3.95573,0.000954439,0.00402346,4.54183
5 threads per task
3.95814,0.00418596,0.00273756,4.54596
4.00147,0.0042174,0.00504908,4.5919
3.97008,0.00414167,0.00352982,4.55978
4.01477,0.00421071,0.00358324,4.60304
3.98624,0.00225939,0.00606641,4.577
3.98107,0.000631347,0.00668186,4.56934
3.96997,0.00101017,0.0074699,4.56048
3.97901,0.000679537,0.00834895,4.56881
3.95758,0.000623317,0.00663544,4.54589
3.97041,0.00287131,0.00502636,4.56046
3.93471,0.00436325,0.00331628,4.52447
3.97708,0.00408897,0.00349417,4.56664
3.98216,0.00418641,0.00315011,4.57055
3.97636,0.00419523,0.00352629,4.56573
4.02631,0.00422443,0.00347584,4.6158
3.94793,0.00222042,0.00515021,4.53735
4.01036,0.00224746,0.00683056,4.59984
4.04754,0.000693709,0.0067355,4.63633
3.97302,0.000642588,0.00800826,4.56348
4.01093,0.00408151,0.00337527,4.60055
3.98778,0.00227593,0.0054369,4.57638
6 threads per task
4.00542,0.00405786,0.00490972,4.59691
4.09582,0.00550573,0.00177998,4.6837
3.95593,0.00440694,0.00316286,4.54532
3.97579,0.002146,0.00446212,4.56397
3.94509,0.00227702,0.00651988,4.53433
3.95988,0.00379825,0.00344245,4.5489
3.97197,0.00200169,0.00535102,4.56262
3.98795,0.00388935,0.00493877,4.57866
3.94367,0.00394582,0.00333227,4.53216
3.93673,0.00496865,0.00349228,4.52581
3.94604,0.00404122,0.00407141,4.53528
3.99607,0.00403963,0.00554117,4.58557
4.00619,0.00385487,0.00518902,4.59593
3.96373,0.0022575,0.00483653,4.55198
4.00567,0.00435921,0.00185005,4.59234
3.93356,0.00380439,0.00513486,4.52295
3.98439,0.00556686,0.00187953,4.57336
3.95631,0.00416465,0.00319421,4.54402
4.00842,0.0030725,0.00585864,4.59882
3.94652,0.00249399,0.00480404,4.53504
3.987,0.00410751,0.00313171,4.57443
7 threads per task
3.94818,0.00388989,0.00426602,4.53838
3.99703,0.00409923,0.00487737,4.58765
3.94521,0.00416717,0.00376881,4.53412
3.95851,0.00566549,0.00150309,4.54697
3.96395,0.00585843,0.00146482,4.55285
4.00022,0.0040577,0.00456608,4.58922
4.01049,0.00552713,0.00330473,4.60144
4.00933,0.00409588,0.00408069,4.59934
4.02025,0.0055288,0.00248228,4.61073
4.01501,0.0058488,0.00284339,4.60395
3.96831,0.0056998,0.00235172,4.55838
4.01389,0.00554383,0.00238656,4.60361
3.94093,0.00610519,0.00375956,4.53241
3.94838,0.00443297,0.00339525,4.53717
3.95568,0.00567696,0.00259697,4.54607
4.01299,0.00569296,0.00221426,4.60333
3.94858,0.00564658,0.00294216,4.53856
3.93161,0.00574095,0.00289846,4.52182
4.05837,0.00429172,0.00280361,4.64752
3.97087,0.00390321,0.00452402,4.56148
3.98264,0.00571418,0.0014718,4.57179
8 threads per task
3.95192,0.00413021,0.00318182,4.54071
4.01317,0.00408295,0.00344505,4.6023
3.96232,0.00412172,0.00525409,4.55279
3.98903,0.00404879,0.0036593,4.57863
3.99017,0.00407426,0.00309548,4.57853
3.96021,0.00405741,0.00480137,4.55093
3.99176,0.00401901,0.0052779,4.58316
4.0234,0.0041654,0.00319672,4.61181
4.03267,0.0040016,0.00312713,4.61965
3.97585,0.00395274,0.003234,4.56481
3.99176,0.00400747,0.00679121,4.5842
3.96685,0.00405726,0.00351042,4.55633
4.0412,0.00416854,0.00456047,4.63231
4.02415,0.00419602,0.00299662,4.61254
3.9354,0.00419296,0.00480978,4.52418
4.00076,0.00397174,0.00324673,4.58888
3.97343,0.0039249,0.00325064,4.56246
3.96526,0.00401301,0.0035494,4.55512
3.9561,0.00406928,0.00329689,4.54525
3.9528,0.00405208,0.00353355,4.5422
3.94427,0.00400561,0.00381106,4.5339
5 tasks per node
1 threads per task
6.9937,0.00173203,0.00252412,7.43651
4.22467,0.00198061,0.0026759,4.66683
4.24601,0.0020052,0.00238083,4.6882
4.17905,0.00198681,0.00225376,4.62205
4.27892,0.00196005,0.00252297,4.72268
4.18902,0.00184628,0.00313204,4.63296
4.11933,0.00198239,0.00234447,4.56262
4.19608,0.00191441,0.00231454,4.6385
4.18956,0.00199232,0.00265808,4.63204
4.12594,0.0018475,0.00260212,4.56855
4.1733,0.00199799,0.0023798,4.61565
4.17357,0.00194977,0.00261631,4.61578
4.21892,0.00206042,0.00224979,4.66149
4.22951,0.0019746,0.00240983,4.67175
4.2189,0.00199942,0.00251646,4.66191
4.10463,0.00199894,0.00242158,4.54746
4.26913,0.00199087,0.00218584,4.71205
4.07075,0.00196911,0.00329987,4.51403
4.26461,0.00199116,0.00228363,4.70721
4.14856,0.0017278,0.00322901,4.59146
4.22336,0.00190357,0.00249089,4.66581
2 threads per task
4.21034,0.00119687,0.00314557,4.65262
4.24371,0.00108853,0.00262879,4.68679
4.06229,0.00149112,0.0026171,4.50541
4.08589,0.00121335,0.00272814,4.52812
4.19652,0.00124425,0.00286516,4.63875
4.09103,0.0012505,0.0026718,4.53343
4.18982,0.00201272,0.0017871,4.63191
4.20341,0.00122684,0.00259416,4.64505
4.11949,0.00121634,0.00284677,4.5617
4.21683,0.0012208,0.00268109,4.65876
4.22292,0.00123423,0.00264662,4.66556
4.51099,0.00122214,0.00272673,4.9528
4.08913,0.00120526,0.00262711,4.53174
4.16006,0.00123941,0.00279249,4.60243
4.12513,0.00121557,0.00269653,4.56792
4.14033,0.00119242,0.00273461,4.58209
4.09834,0.00125773,0.00253593,4.54017
4.095,0.00108956,0.00271563,4.53761
4.15502,0.00114889,0.00271125,4.59735
4.21316,0.00120825,0.00257759,4.65485
4.19507,0.00189171,0.00197154,4.63682
3 threads per task
4.08007,0.000978152,0.00606507,4.52671
4.09164,0.00104554,0.00405532,4.53522
4.22988,0.00087838,0.00324141,4.67202
4.24702,0.0106965,0.000382405,4.69595
4.09192,0.000806833,0.00449643,4.53535
4.07456,0.0010552,0.00332608,4.51719
4.18399,0.000900141,0.00440505,4.62848
4.18591,0.00103932,0.00418758,4.62963
4.19455,0.000972551,0.00599628,4.63959
4.19495,0.000878065,0.00440871,4.63767
4.11277,0.00129469,0.00335859,4.55544
4.23131,0.00447361,0.000366356,4.67418
4.2165,0.000911981,0.00473188,4.65934
4.18403,0.000834764,0.0050721,4.62774
4.14625,0.00103758,0.00495168,4.59089
4.20119,0.00102971,0.00584689,4.64643
4.07578,0.00282558,0.00078137,4.51764
4.17623,0.00449597,0.000360347,4.61945
4.19557,0.000958163,0.00609097,4.64078
4.09757,0.00169722,0.00391757,4.54061
4.17301,0.00106268,0.00510169,4.6174
4 threads per task
4.12075,0.00443053,0.00250964,4.56659
4.26008,0.00615462,0.0012591,4.70509
4.09384,0.00457377,0.00285565,4.53902
4.19335,0.00333599,0.00395565,4.63855
4.11813,0.00467089,0.00160905,4.56193
4.19534,0.000907352,0.00479274,4.63941
4.1799,0.00452176,0.0018913,4.62424
4.21637,0.00443995,0.00191631,4.66044
4.19023,0.00456214,0.00253835,4.63566
4.09313,0.00438523,0.00214847,4.53843
4.08303,0.00431852,0.00218796,4.52727
4.21638,0.00440239,0.00199373,4.66153
4.08668,0.000854934,0.00469033,4.53055
4.10159,0.0045345,0.000381175,4.54463
4.2157,0.00445376,0.00224144,4.66023
4.19538,0.00443193,0.00163918,4.63947
4.2125,0.00991441,0.00182234,4.66272
4.08723,0.00461685,0.00174761,4.53327
4.10419,0.00340302,0.00390389,4.54947
4.19998,0.00085463,0.00364809,4.64279
4.18813,0.00340232,0.00196503,4.63077
5 threads per task
4.09223,0.0042348,0.00275986,4.53786
4.0714,0.00444615,0.00193554,4.51715
4.06666,0.00438007,0.00231205,4.51136
4.26229,0.0043761,0.00202934,4.70705
4.23395,0.013953,0.000396026,4.6863
4.11106,0.00426045,0.00250807,4.55524
4.16349,0.00426144,0.00238265,4.60792
4.07231,0.00415772,0.00445008,4.51882
4.2231,0.00431893,0.00301427,4.66963
4.28509,0.00600425,0.00219148,4.73161
4.21981,0.00292897,0.0036816,4.66462
4.09582,0.00922654,0.000381649,4.54349
4.07358,0.00435675,0.00681965,4.52258
4.18595,0.00423126,0.142458,4.77004
4.22229,0.00613339,0.00323759,4.6708
4.07244,0.00440216,0.00206174,4.51701
4.22113,0.00421646,0.00200364,4.66595
4.11468,0.00422228,0.00251074,4.55868
4.06945,0.00439752,0.00215256,4.5135
4.20895,0.00432123,0.00358701,4.65532
4.18835,0.00427817,0.00210863,4.63409
6 threads per task
4.07539,0.00415176,0.00599318,4.52366
4.24102,0.00990676,0.000372462,4.68882
4.20159,0.00412997,0.00538321,4.64883
4.24284,0.00611248,0.0023305,4.68879
4.07435,0.00642498,0.00211746,4.52057
4.18928,0.00615341,0.0153389,4.64835
4.18773,0.00585929,0.00229087,4.63346
4.13152,0.00639544,0.00520002,4.58153
4.0914,0.0061624,0.0031468,4.53888
4.28246,0.00668307,0.00308698,4.73009
4.08251,0.00432694,0.00394591,4.52972
4.0609,0.00391272,0.00577073,4.50824
4.25885,0.00376632,0.00732298,4.70795
4.17424,0.00787749,0.00229403,4.6222
4.17891,0.0057568,0.00395678,4.62649
4.0632,0.00588693,0.00225237,4.5095
4.11735,0.00822554,0.00127112,4.56501
4.13763,0.0108846,0.000555985,4.5868
4.06853,0.00424546,0.00417508,4.51535
4.09633,0.00637685,0.00178009,4.54239
4.19994,0.00418488,0.00584144,4.64868
7 threads per task
4.09727,0.00946247,0.00249814,4.54717
4.10378,0.00614226,0.00494089,4.55378
4.12865,0.00557302,0.00454813,4.577
4.11063,0.00736791,0.00399942,4.55978
4.18796,0.0105065,0.000419865,4.63706
4.2415,0.00937933,0.000350251,4.68949
4.17999,0.0040382,0.00766331,4.62955
4.18798,0.00755482,0.00409156,4.63924
4.13359,0.00722647,0.00450575,4.58346
4.08796,0.0107883,0.000384222,4.5366
4.11664,0.0105914,0.000391865,4.56555
4.22034,0.00411907,0.00681562,4.66903
4.07365,0.00781346,0.00232118,4.52184
4.15566,0.00421913,0.00830277,4.60579
4.18754,0.0075701,0.00402113,4.63674
4.08199,0.00427323,0.00719293,4.5314
4.14215,0.00430964,0.0061192,4.59081
4.10112,0.00745089,0.00542096,4.55237
4.18313,0.00917925,0.00210051,4.63241
4.3722,0.00408895,0.00839856,4.82289
4.12443,0.00931598,0.00192838,4.57328
8 threads per task
4.07228,0.00913755,0.000504792,4.5201
4.08353,0.00419107,0.00789068,4.53383
4.21587,0.00745869,0.00488072,4.66675
4.13475,0.00770255,0.00308362,4.58393
4.09713,0.00762757,0.00543184,4.54934
4.11473,0.0126801,0.000378247,4.56634
4.08691,0.00895459,0.00585364,4.53966
4.06914,0.00763198,0.00572339,4.52059
4.23051,0.0123943,0.000377386,4.68169
4.07879,0.0107823,0.000414878,4.52837
4.08068,0.00762858,0.0070487,4.53346
4.0832,0.00929493,0.000564458,4.53068
4.17223,0.00919303,0.00368578,4.62292
4.08471,0.0109259,0.00099224,4.53384
4.06108,0.00937717,0.00230889,4.51025
4.08062,0.00741402,0.00568129,4.53213
4.08383,0.00750289,0.00241181,4.53141
4.12971,0.0108661,0.000369358,4.57957
4.12467,0.00839758,0.00632677,4.57717
4.06109,0.0076022,0.00394161,4.51171
4.09362,0.00755548,0.00579073,4.54549
6 tasks per node
1 threads per task
4.20425,0.00202369,0.00122254,4.58563
4.20552,0.0020471,0.00121896,4.58754
4.53151,0.00204701,0.0012204,4.91262
4.19458,0.00173652,0.00174371,4.57718
4.07202,0.00200808,0.0012256,4.45432
4.11844,0.00200924,0.00123581,4.50155
4.07552,0.00198296,0.00129699,4.45767
4.45456,0.00203726,0.00126036,4.83629
4.24245,0.00201316,0.00123257,4.62428
4.31842,0.00201406,0.00125348,4.7004
4.08548,0.00206048,0.00118529,4.46729
4.0932,0.00200118,0.00156229,4.47566
4.14101,0.00199436,0.00126256,4.52389
4.24198,0.00201347,0.00140896,4.6241
4.08977,0.00175512,0.00175628,4.47192
4.07648,0.0016652,0.00157275,4.45893
4.11408,0.00186295,0.00256074,4.49781
4.08671,0.00198875,0.00129441,4.46942
4.17288,0.00197867,0.00125678,4.55416
4.08105,0.00199723,0.00123648,4.46282
4.15961,0.00195372,0.00137339,4.54177
2 threads per task
4.19582,0.00124231,0.000864203,4.57674
4.20998,0.0012303,0.000831912,4.59022
4.24901,0.00111622,0.000927227,4.62981
4.18023,0.00121346,0.000843588,4.56092
4.06368,0.00123682,0.00080664,4.44424
4.09976,0.00126364,0.000897841,4.48037
4.12068,0.00114453,0.000807366,4.50213
4.18112,0.0012382,0.000853707,4.56148
4.17639,0.00126238,0.000835177,4.55695
4.13185,0.0012441,0.000772908,4.51304
4.227,0.00111271,0.000969534,4.60781
4.09047,0.00110987,0.000793603,4.47125
4.15581,0.00122829,0.00100812,4.53674
4.24532,0.00123011,0.00206188,4.6272
4.15285,0.00124721,0.000735172,4.53249
4.07843,0.0011244,0.000939325,4.45944
4.11188,0.00112077,0.0009048,4.49267
4.21219,0.00124168,0.000767731,4.5941
4.11736,0.00122856,0.000783996,4.49952
4.18229,0.00124423,0.00073428,4.56284
4.07335,0.00126117,0.00149593,4.45484
3 threads per task
4.21809,0.0032164,0.000349663,4.60061
4.08652,0.000804995,0.0033097,4.47001
4.19207,0.00105548,0.00352149,4.57551
4.20192,0.00100115,0.00333895,4.58514
4.25572,0.00105572,0.00332613,4.63911
4.08013,0.000782677,0.00303585,4.46206
4.06874,0.000818984,0.00303751,4.45134
4.09325,0.00468845,0.000320153,4.47781
4.0887,0.000796852,0.00310322,4.47139
4.13462,0.000814262,0.00313754,4.51778
4.07632,0.00104764,0.0033076,4.45968
4.10481,0.000807913,0.00305354,4.48904
4.21664,0.00324616,0.000356763,4.59886
4.10509,0.00297983,0.00034881,4.4873
4.16409,0.00101282,0.00284614,4.54675
4.08959,0.000956192,0.00289455,4.47211
4.20941,0.00106571,0.00282494,4.59228
4.12963,0.00103195,0.00284023,4.51226
4.11737,0.000809698,0.00412668,4.50126
4.16012,0.00343216,0.000351077,4.54298
4.13365,0.00104759,0.00283564,4.51635
4 threads per task
4.296,0.000850768,0.00571308,4.68077
4.07503,0.00429143,0.000893736,4.45888
4.08538,0.00371753,0.00284678,4.47117
4.14994,0.00435628,0.0024393,4.53521
4.09729,0.00463366,0.000617403,4.48064
4.07913,0.00286889,0.00283318,4.46298
4.11797,0.00427192,0.000812893,4.50227
4.25699,0.00452035,0.000837079,4.64125
4.07227,0.00427751,0.000881277,4.45653
4.04197,0.00430243,0.00143892,4.42619
4.0878,0.00300732,0.00278177,4.4726
4.19119,0.00432436,0.000863194,4.57565
4.12663,0.00441602,0.00126809,4.51158
4.22242,0.00430566,0.00255504,4.60783
4.13003,0.00251007,0.0028963,4.51602
4.20411,0.00437966,0.00158936,4.58855
4.0901,0.00308592,0.0023347,4.4752
4.07511,0.00296623,0.00346922,4.4611
4.15009,0.00312991,0.00235646,4.53386
4.27809,0.00439808,0.00210212,4.66408
4.09313,0.00291185,0.00306956,4.47818
5 threads per task
4.16585,0.00424141,0.00189903,4.55044
4.28094,0.00422729,0.0031875,4.66798
4.09924,0.00424788,0.00259491,4.48468
4.1525,0.00420907,0.00232241,4.5379
4.07982,0.00432356,0.00250018,4.46556
4.26074,0.00422538,0.00295568,4.64684
4.06794,0.00423974,0.00190936,4.45248
4.2877,0.00457871,0.00128684,4.67228
4.10858,0.00602392,0.000351595,4.49521
4.07836,0.00419588,0.00181684,4.46298
4.08344,0.00397226,0.000876704,4.46726
4.12269,0.00582256,0.00770322,4.5155
4.12887,0.00432744,0.00209366,4.51418
4.07071,0.00424507,0.0015146,4.45564
4.24422,0.00421747,0.00312376,4.63049
4.10208,0.00416454,0.00205894,4.48745
4.08272,0.00411115,0.00305803,4.46872
4.21961,0.00638941,0.000346504,4.60559
4.20382,0.00423095,0.00302865,4.58936
4.15366,0.00430467,0.00246371,4.53902
4.08838,0.00684856,0.000344831,4.47471
6 threads per task
4.08865,0.00825095,0.000346625,4.47623
4.07703,0.00762994,0.000362575,4.46299
4.26254,0.00404329,0.00430433,4.64935
4.10335,0.00730317,0.000344442,4.48997
4.08213,0.00426462,0.00422497,4.46958
4.22471,0.00578979,0.00246256,4.61221
4.10022,0.00405797,0.00405388,4.48689
4.16233,0.00415566,0.00701105,4.55258
4.08884,0.00600669,0.00188521,4.47565
4.11729,0.0073869,0.00153621,4.50501
4.10302,0.00404585,0.00424538,4.48976
4.18356,0.00594382,0.00269573,4.5713
4.09418,0.00766614,0.00127523,4.48152
4.09016,0.00662241,0.00314313,4.47934
4.09197,0.00415447,0.00401735,4.47992
4.19275,0.00409281,0.00424737,4.58027
4.09436,0.00416079,0.00411877,4.48161
4.20936,0.00600267,0.000941221,4.59515
4.10624,0.00740033,0.00231025,4.49501
4.18766,0.00753848,0.00034427,4.57406
4.20221,0.00753405,0.00128862,4.58997
7 threads per task
4.23946,0.0124691,0.000341841,4.63135
4.10898,0.011056,0.000341417,4.5
4.11555,0.00744231,0.00166395,4.50331
4.14518,0.00772958,0.00131168,4.53257
4.24359,0.0109377,0.000342879,4.63381
4.10193,0.00742205,0.00453936,4.49209
4.08812,0.00753185,0.0019584,4.47705
4.16293,0.00763378,0.00414836,4.55292
4.12225,0.00565115,0.00631136,4.51318
4.09207,0.00727459,0.00577067,4.48391
4.1068,0.00760687,0.00209602,4.49548
4.13394,0.00727449,0.00326251,4.52312
4.09888,0.00748556,0.00429368,4.48997
4.128,0.0108516,0.000366795,4.51772
4.10542,0.00748914,0.00348514,4.49528
4.25348,0.00814921,0.00268406,4.64298
4.22444,0.0122824,0.000342699,4.61618
4.08999,0.00772692,0.0033788,4.48072
4.27871,0.00721045,0.00330305,4.66765
4.29995,0.00768375,0.00121675,4.68676
4.09127,0.00774363,0.00352383,4.48386
8 threads per task
4.13185,0.00916853,0.00624382,4.52669
4.19734,0.00746794,0.00388026,4.58711
4.22969,0.00751736,0.003497,4.61998
4.14649,0.0108014,0.000361647,4.53607
4.35313,0.00918655,0.00224451,4.74327
4.11177,0.011071,0.000335126,4.50167
4.22266,0.0123922,0.000345609,4.61476
4.12393,0.00952918,0.00300609,4.51512
4.06221,0.00749705,0.00384826,4.45265
4.13757,0.00885476,0.0039145,4.53077
4.06933,0.00747972,0.00587235,4.46115
4.11272,0.00745381,0.00348375,4.50248
4.3788,0.00908904,0.00293783,4.7706
4.2249,0.0108622,0.000343054,4.61563
4.1442,0.0107137,0.000600709,4.53624
4.10022,0.0107191,0.00227061,4.49216
4.20414,0.00913865,0.00178833,4.59403
4.26273,0.00896679,0.00556703,4.65599
4.08739,0.0074915,0.00403662,4.47707
4.11382,0.0074926,0.00512909,4.50651
4.15449,0.00965743,0.000336943,4.54254
7 tasks per node
1 threads per task
4.26646,0.00200117,0.00367361,4.5343
4.16653,0.00193611,0.00375953,4.4355
4.18115,0.00185219,0.00374781,4.44938
4.17249,0.00199993,0.00367262,4.44074
4.22074,0.00208086,0.00353156,4.48938
4.19578,0.001851,0.00382703,4.46399
4.16734,0.00179178,0.00381014,4.43592
4.15753,0.0017332,0.00544633,4.42794
4.1639,0.00208405,0.00348397,4.43276
4.1612,0.00174048,0.00401682,4.43
4.18647,0.00188411,0.00373926,4.4552
4.17772,0.00210539,0.00350236,4.4464
4.16595,0.00180151,0.0038918,4.43426
4.23562,0.00200939,0.00385315,4.50407
4.24185,0.00187926,0.00403069,4.51148
4.18288,0.00207809,0.00354265,4.45114
4.24468,0.00187119,0.00368572,4.51366
4.16376,0.00209492,0.00343826,4.43266
4.21508,0.00210281,0.00346514,4.48281
4.21231,0.00208245,0.00361467,4.48059
4.16065,0.00200769,0.00472014,4.43115
2 threads per task
4.19875,0.00127412,0.00337077,4.4672
4.16625,0.00113307,0.003352,4.43352
4.20284,0.00122247,0.00360632,4.4703
4.17648,0.00121512,0.00313025,4.44431
4.17536,0.00125225,0.00328067,4.44236
4.1514,0.00203304,0.00300494,4.41875
4.16809,0.00126489,0.00467683,4.43732
4.18239,0.00130374,0.00323064,4.45049
4.20634,0.0012919,0.00303362,4.47426
4.16676,0.00116649,0.00347851,4.43344
4.16692,0.00130826,0.0030507,4.43484
4.18098,0.00127648,0.00373478,4.44876
4.18569,0.00130152,0.00303524,4.45257
4.15853,0.00124167,0.00382805,4.42689
4.15651,0.0011675,0.0032909,4.42336
4.15256,0.00116414,0.00336455,4.42013
4.18548,0.00126697,0.00886543,4.45855
4.17426,0.00128921,0.00327907,4.44118
4.19994,0.00112536,0.00338452,4.46738
4.17598,0.00122807,0.0045694,4.44468
4.18872,0.00126234,0.00313333,4.45655
3 threads per task
4.17756,0.00313871,0.00283482,4.44558
4.17594,0.00335267,0.00350874,4.44399
4.21173,0.004719,0.00178502,4.48098
4.18109,0.00461219,0.00205707,4.45084
4.17496,0.00367264,0.00313931,4.44521
4.17801,0.00163607,0.00426822,4.44682
4.25172,0.00549379,0.000347555,4.52049
4.17337,0.00256153,0.0043308,4.44255
4.17338,0.00935784,0.000347454,4.44636
4.19406,0.00473398,0.00496069,4.46669
4.15942,0.00447622,0.00671583,4.43373
4.16291,0.00359872,0.00703071,4.43621
4.15718,0.00304356,0.00246638,4.42569
4.19926,0.00444927,0.00173322,4.46878
4.1889,0.00523546,0.00135693,4.45836
4.18629,0.00463757,0.00278663,4.45673
4.20716,0.00470236,0.00184487,4.4767
4.22201,0.00314517,0.00276792,4.49072
4.17354,0.00343383,0.00418385,4.44369
4.1675,0.00460443,0.00127896,4.43662
4.17269,0.00324443,0.00485548,4.44346
4 threads per task
4.2022,0.00427239,0.00280904,4.47311
4.21203,0.00459768,0.00335248,4.48273
4.18742,0.00464968,0.00245549,4.45646
4.18964,0.00487124,0.0015851,4.45897
4.17681,0.00500346,0.000585057,4.44576
4.15851,0.00443755,0.00236491,4.42798
4.16476,0.0047783,0.00284516,4.43568
4.17326,0.00446695,0.00179183,4.44261
4.18136,0.00433287,0.00512666,4.45374
4.24062,0.0046406,0.0019925,4.5106
4.16565,0.0168732,0.00033192,4.44675
4.16179,0.00472943,0.000939257,4.43048
4.17082,0.00450281,0.00187014,4.44003
4.18469,0.00452035,0.00609936,4.45757
4.18872,0.00459258,0.00279815,4.45926
4.21876,0.00640583,0.00225605,4.48999
4.16509,0.00417652,0.00239852,4.43439
4.29317,0.00481013,0.00409926,4.56563
4.22537,0.00422772,0.00247362,4.49451
4.23414,0.00656184,0.000334159,4.50429
4.17552,0.00482705,0.00341256,4.44661
5 threads per task
4.25792,0.00874566,0.000353094,4.52981
4.1752,0.00776525,0.00224425,4.44848
4.15758,0.00794445,0.000332622,4.42849
4.2016,0.00430117,0.00406587,4.47302
4.16837,0.00640469,0.00198032,4.43964
4.19834,0.00648648,0.00467218,4.47256
4.17479,0.0081469,0.00160757,4.44745
4.17893,0.00669518,0.00171455,4.45062
4.17444,0.00768831,0.00226127,4.44718
4.20987,0.00818723,0.000847938,4.4821
4.17388,0.00840743,0.00217939,4.44719
4.16238,0.00747252,0.00418029,4.4372
4.14994,0.00766068,0.00315996,4.42352
4.25474,0.00436217,0.00692589,4.52947
4.17638,0.00434453,0.00401456,4.44728
4.19513,0.00967357,0.000330601,4.46788
4.28726,0.00831158,0.000345992,4.55905
4.17601,0.0064302,0.00384319,4.44942
4.17719,0.00436498,0.00450235,4.44827
4.14502,0.00428877,0.0039553,4.41675
4.18893,0.00790896,0.0051621,4.46478
6 threads per task
4.15074,0.00783064,0.00613669,4.42712
4.19386,0.00626882,0.00479773,4.46718
4.18721,0.0112689,0.00371414,4.46575
4.17466,0.00929199,0.00893969,4.45781
4.91144,0.0114018,0.000322256,5.1863
4.16816,0.013322,0.000344632,4.44437
4.17781,0.00814593,0.00204402,4.45072
4.12874,0.00643625,0.00726743,4.40605
4.16112,0.0133508,0.000326104,4.43796
4.17444,0.0134618,0.000379533,4.4515
4.17585,0.010234,0.00117345,4.4508
4.17527,0.00736619,0.0059782,4.45134
4.22957,0.0106958,0.00410079,4.50739
4.21542,0.00764519,0.00920665,4.49493
4.21642,0.00779247,0.00754756,4.49459
4.14954,0.00792932,0.00548183,4.42636
4.16683,0.00639823,0.00573456,4.44241
4.19299,0.00960281,0.00374748,4.46896
4.18093,0.00977088,0.00341466,4.45754
4.22951,0.00922809,0.00397856,4.50586
4.16555,0.0113225,0.000342194,4.44075
7 threads per task
4.18667,0.0126809,0.00364894,4.46558
4.17189,0.015182,0.000343515,4.45045
4.21717,0.016771,0.000353636,4.49712
4.19907,0.0095666,0.00422396,4.47573
4.16564,0.0125501,0.00575482,4.44668
4.17078,0.0115481,0.0429333,4.48847
4.22594,0.00946355,0.0039292,4.50179
4.18749,0.0116819,0.00052057,4.46344
4.1764,0.0146737,0.000336841,4.45455
4.22562,0.00766625,0.0085915,4.50422
4.19349,0.00779367,0.0074871,4.47143
4.16939,0.00939077,0.00964909,4.45104
4.17373,0.00924842,0.00878605,4.45405
4.16784,0.00778279,0.00544457,4.44382
4.22253,0.0107237,0.00450566,4.50066
4.19817,0.0109531,0.00589244,4.47804
4.15892,0.0159372,0.00402252,4.44198
4.17369,0.012731,0.00556273,4.45508
4.2066,0.00793268,0.00781929,4.48539
4.17873,0.010741,0.0141103,4.46577
4.22814,0.0142748,0.000350282,4.50552
8 threads per task
4.15647,0.0127671,0.00358262,4.43612
4.2146,0.0125879,0.00218265,4.49224
4.26662,0.0132761,0.00757968,4.55044
4.20548,0.0146498,0.00295685,4.48585
4.16217,0.0141156,0.0020203,4.44222
4.2097,0.0148605,0.00328094,4.49071
4.16404,0.0157486,0.00125572,4.44464
4.15381,0.0106524,0.00746891,4.4354
4.16232,0.0126716,0.00193808,4.44022
4.17844,0.0110418,0.00522826,4.45789
4.14859,0.0143395,0.00182485,4.42794
4.19116,0.0111772,0.00674008,4.47252
4.11908,0.0160937,0.000344364,4.3994
4.17487,0.012581,0.00362683,4.45384
4.15406,0.0127093,0.00207176,4.4313
4.16458,0.0209703,0.00339785,4.45132
4.2886,0.0125309,0.00545103,4.56963
4.18272,0.0162144,0.000325358,4.46231
4.16777,0.0109116,0.0051112,4.44632
4.23964,0.0127087,0.00404008,4.51928
4.16792,0.0110698,0.00625454,4.44834
8 tasks per node
1 threads per task
7.08447,0.00181158,0.00397738,7.30879
4.19111,0.00211287,0.00371469,4.41559
4.15644,0.00181584,0.00400365,4.38123
4.16785,0.00177913,0.00394095,4.39239
4.16788,0.00179726,0.00391395,4.39252
4.22928,0.00203397,0.00390728,4.45463
4.26549,0.00209534,0.00462706,4.49067
4.18302,0.00208228,0.00385443,4.40675
4.20654,0.00207319,0.00385017,4.43082
4.19153,0.00210633,0.00477896,4.41775
4.1546,0.00211678,0.00374,4.38003
4.1767,0.00207504,0.00365535,4.40111
4.25938,0.00205714,0.00362952,4.4848
4.15788,0.002089,0.00374765,4.38285
4.1632,0.00178458,0.0038284,4.3883
4.16882,0.00210087,0.00374183,4.39312
4.235,0.00209989,0.0037565,4.45927
4.18112,0.00208384,0.00377386,4.40565
4.16375,0.00210149,0.00382283,4.38885
4.14352,0.00198004,0.00375106,4.36836
4.16952,0.0018753,0.00412928,4.39448
2 threads per task
4.25388,0.00259611,0.00193355,4.47715
4.22126,0.00117689,0.00327073,4.44493
4.36116,0.00131423,0.00336126,4.58382
4.18282,0.0019504,0.00269073,4.40637
4.24011,0.0011241,0.00376393,4.46384
4.34538,0.00124466,0.00344541,4.56908
4.2105,0.00115151,0.00356475,4.47339
4.10917,0.00124365,0.00337691,4.33352
4.17781,0.00126497,0.00322412,4.40133
4.16217,0.00117546,0.00426857,4.38632
4.33211,0.00125897,0.00336549,4.55515
4.17247,0.00123779,0.00345404,4.39543
4.17132,0.00132433,0.00313461,4.39388
4.1956,0.00126227,0.00336995,4.41933
4.17628,0.00126907,0.00450202,4.40107
4.31495,0.00126088,0.00333928,4.53925
4.17338,0.00113679,0.0033837,4.3964
4.2116,0.00126792,0.00356638,4.43497
4.22638,0.00132509,0.00337481,4.4497
4.17521,0.00124711,0.00437546,4.40008
4.19049,0.00122711,0.00352815,4.41372
3 threads per task
4.17571,0.00495714,0.00111795,4.40071
4.24708,0.00407218,0.00120691,4.47103
4.16908,0.0010115,0.00592103,4.39561
4.14354,0.00077313,0.00510599,4.36848
4.16146,0.00325086,0.00340686,4.38717
4.16599,0.0031423,0.00294126,4.39058
4.2056,0.00573454,0.000371678,4.43009
4.15757,0.00341552,0.00192789,4.38181
4.17057,0.00478258,0.0015426,4.39529
4.16261,0.00326884,0.00279675,4.38788
4.18236,0.00485195,0.0016385,4.40755
4.24817,0.00478372,0.00079174,4.47279
4.22016,0.00478072,0.00214146,4.44512
4.17037,0.00345116,0.00257487,4.39529
4.17638,0.00100117,0.00532369,4.4015
4.19638,0.0052712,0.000391157,4.42096
4.26558,0.00378888,0.00317067,4.49168
4.20654,0.00325797,0.00293156,4.43136
4.17591,0.00443437,0.00259964,4.40162
4.10167,0.00333112,0.00225556,4.327
4.24541,0.00485639,0.000657918,4.46876
4 threads per task
4.2132,0.00437404,0.00334269,4.44006
4.17281,0.00446362,0.0019585,4.39791
4.19351,0.00781986,0.00038613,4.42101
4.19891,0.00443967,0.00144262,4.42407
4.17111,0.00470199,0.00272846,4.3966
4.18142,0.00440589,0.00162676,4.40677
4.20524,0.00622456,0.00216233,4.43289
4.22681,0.00709782,0.000483813,4.45331
4.23958,0.00465622,0.00409041,4.46757
4.19979,0.00631078,0.00256144,4.42684
4.15391,0.00780608,0.00166585,4.38284
4.20679,0.00450574,0.00296163,4.43287
4.17487,0.00444405,0.00225085,4.39986
4.23315,0.0047137,0.0013858,4.45811
4.23176,0.00683116,0.000376813,4.45749
4.19134,0.00443836,0.00304114,4.41781
4.17152,0.00445857,0.00288763,4.39791
4.20212,0.00463399,0.00116558,4.42675
4.16175,0.00491164,0.000370536,4.38615
4.21706,0.00494244,0.0012072,4.4415
4.2299,0.00447111,0.0012853,4.4541
5 threads per task
4.1709,0.00425332,0.005484,4.39901
4.58777,0.00463856,0.0056276,4.81684
4.24661,0.00938461,0.000478797,4.47509
4.17666,0.00417641,0.00672772,4.40601
4.26287,0.00411676,0.00790509,4.4933
4.16745,0.0042339,0.00768196,4.39818
4.19173,0.0078753,0.00254075,4.42101
4.20392,0.0081541,0.00100246,4.43203
4.16242,0.00419912,0.00609288,4.3919
4.19697,0.00629597,0.00453359,4.42705
4.19031,0.00797026,0.00134988,4.41822
4.20133,0.00587307,0.0062977,4.43225
4.15601,0.00767344,0.00551086,4.38766
4.18053,0.00690527,0.00401049,4.41039
4.18291,0.00590421,0.00415975,4.41122
4.21847,0.00973822,0.000795584,4.44819
4.18399,0.00805517,0.00323542,4.41365
4.17768,0.00870201,0.00211736,4.40726
4.17362,0.00587734,0.00411389,4.4013
4.16019,0.00633343,0.0056304,4.39044
4.25563,0.00778249,0.00217825,4.48433
6 threads per task
4.19437,0.00769478,0.00466889,4.42549
4.16153,0.00950735,0.00397046,4.39363
4.23186,0.00754848,0.00562981,4.46405
4.13848,0.00772459,0.00545108,4.37082
4.17344,0.00772571,0.00410874,4.40387
4.15637,0.00960185,0.00378726,4.3898
4.17861,0.00773208,0.00603275,4.41105
4.18543,0.0075013,0.00436202,4.41613
4.17007,0.0100941,0.00395579,4.40217
4.18995,0.00783532,0.00478408,4.42077
4.16454,0.00765592,0.00651518,4.39766
4.1635,0.00922001,0.00413134,4.39542
4.3155,0.007798,0.00436835,4.5469
4.16214,0.00935302,0.00154506,4.3917
4.20867,0.00749387,0.00688054,4.4409
4.2459,0.00954247,0.00460154,4.47841
4.19525,0.00995409,0.00259681,4.42635
4.1967,0.00773536,0.00397894,4.42764
4.16892,0.009428,0.00139425,4.39906
4.18718,0.00793128,0.0037586,4.41774
4.1626,0.00750723,0.00550216,4.39361
7 threads per task
4.17693,0.0108129,0.00461284,4.4119
4.17916,0.0107728,0.00353866,4.41228
4.17614,0.00761958,0.00889868,4.41138
4.17131,0.0162657,0.00039243,4.40785
4.16643,0.00750548,0.0114547,4.40462
4.2031,0.00756955,0.00941545,4.4384
4.11854,0.00769712,0.00911974,4.35467
4.16346,0.00907436,0.0068041,4.39895
4.18405,0.00748177,0.0081912,4.41885
4.25722,0.0173311,0.000381924,4.49446
4.16822,0.0125073,0.00406322,4.40385
4.17294,0.0128305,0.000830263,4.40506
4.16681,0.00747033,0.00698319,4.39974
4.24481,0.0135319,0.000755623,4.47826
4.19862,0.00915719,0.0073227,4.43374
4.16728,0.00934279,0.00542763,4.40158
4.15568,0.0076193,0.00900406,4.39086
4.20248,0.0152389,0.000843955,4.4367
4.23343,0.00748256,0.0101998,4.47048
4.20429,0.00579605,0.00818144,4.43754
4.18296,0.00950017,0.00880915,4.41941
8 threads per task
4.16065,0.0146871,0.00130533,4.39551
4.31888,0.0109965,0.0069801,4.5558
4.20761,0.0140909,0.00061377,4.44052
4.18416,0.0108853,0.00447451,4.41771
4.17055,0.0124328,0.00362567,4.40571
4.2494,0.0142558,0.000385212,4.48318
4.18817,0.014356,0.00215499,4.42287
4.18865,0.012505,0.00460703,4.4248
4.17878,0.0141041,0.00527873,4.41614
4.21815,0.0127148,0.00275443,4.45232
4.17269,0.0111745,0.00518152,4.40751
4.14869,0.0143294,0.00752765,4.38996
4.17449,0.0127347,0.00423145,4.41002
4.202,0.0149434,0.000378596,4.43622
4.15098,0.0147685,0.00617025,4.39038
4.15755,0.014401,0.00223194,4.39332
4.18247,0.0171362,0.000371112,4.41858
4.18562,0.0106093,0.00588693,4.4209
4.09375,0.0161915,0.000389144,4.33209
4.21727,0.0143975,0.000386728,4.45041
4.24345,0.0125318,0.00680048,4.48263
9 tasks per node
1 threads per task
6.96876,0.00191976,0.00148515,7.01883
4.34304,0.002218,0.00120434,4.39233
4.30828,0.0019599,0.00139611,4.35744
4.30113,0.00218385,0.00122081,4.35034
4.33378,0.00201647,0.00136109,4.38336
4.3724,0.00218496,0.00122361,4.42162
4.32687,0.00218047,0.00122932,4.37564
4.2962,0.00217858,0.00138537,4.34516
4.31834,0.00194411,0.00147708,4.36757
4.30409,0.00214488,0.00126964,4.35325
4.29656,0.00219403,0.00119088,4.34622
4.37846,0.00209186,0.00130742,4.42728
4.35814,0.00215593,0.00219475,4.40865
4.30866,0.00217417,0.00120607,4.35808
4.30693,0.00204348,0.00136142,4.36135
4.3111,0.00218448,0.00140302,4.3606
4.33445,0.00210613,0.00128312,4.38375
4.29152,0.00216275,0.00122503,4.34087
4.29192,0.00183902,0.00155735,4.3415
4.39061,0.00193686,0.00143266,4.43987
4.47448,0.00218989,0.00118706,4.52404
2 threads per task
4.29521,0.00131225,0.00361465,4.34668
4.36097,0.00129209,0.00426017,4.41259
4.39183,0.00409563,0.000374625,4.44218
4.31345,0.00122077,0.00348437,4.3644
4.34986,0.0042268,0.000351088,4.40088
4.32627,0.00133921,0.00311199,4.37658
4.33356,0.00129499,0.00398193,4.38451
4.31405,0.00354117,0.00144592,4.36557
4.34893,0.00392571,0.00103173,4.40036
4.35394,0.0026269,0.00233332,4.40502
4.30019,0.00127946,0.00537084,4.35269
4.28869,0.00533112,0.00036783,4.34039
4.30693,0.00122151,0.00347276,4.35811
4.28719,0.0013434,0.0066218,4.34157
4.34129,0.00116476,0.00354996,4.39231
4.45953,0.00132053,0.0053667,4.51219
4.36045,0.00129656,0.00320769,4.41097
4.34037,0.00111805,0.0040444,4.39134
4.3013,0.00439105,0.000326376,4.3525
4.30782,0.0181889,0.102868,4.47564
4.28624,0.00268296,0.00227314,4.33736
3 threads per task
4.36981,0.0049966,0.00333996,4.42438
4.33087,0.00559885,0.00350672,4.38632
4.28402,0.0064659,0.00149668,4.33842
4.32049,0.00489855,0.00319484,4.37462
4.37084,0.0053726,0.00349321,4.42596
4.30258,0.00464549,0.00592839,4.35909
4.3158,0.00688946,0.00223398,4.37135
4.3499,0.0049939,0.00557171,4.40666
4.32654,0.007191,0.000574786,4.39196
4.31931,0.00489494,0.00347767,4.37405
4.29974,0.00266108,0.00712411,4.35601
4.32921,0.00473806,0.00521698,4.38502
4.28203,0.00478926,0.00295909,4.33587
4.38705,0.00396169,0.0025853,4.43993
4.35034,0.00485459,0.0024869,4.40366
4.31138,0.00488557,0.00280766,4.36526
4.34278,0.00693901,0.00173905,4.39752
4.29238,0.00470602,0.00562747,4.35048
4.33228,0.00473495,0.00278278,4.38609
4.29526,0.00502533,0.000784472,4.3472
4.32668,0.00486366,0.00178804,4.3794
4 threads per task
4.31033,0.00821169,0.00348283,4.3682
4.29326,0.00634537,0.120385,4.46635
4.37749,0.0103793,0.000364268,4.43427
4.45872,0.00445095,0.00735095,4.52096
4.28751,0.004406,0.00464394,4.34233
4.35099,0.00460196,0.00562083,4.40741
4.29504,0.00799794,0.00304334,4.35206
4.33422,0.00813707,0.000900673,4.38952
4.32617,0.00993702,0.000312425,4.38256
4.4626,0.0067935,0.00233831,4.51876
4.3498,0.00920154,0.00235329,4.40776
4.35763,0.0062905,0.00345659,4.41684
4.33107,0.00778797,0.00128242,4.38647
4.29622,0.00828348,0.000747608,4.35128
4.28715,0.00823468,0.00331086,4.34488
4.29616,0.0087464,0.0106783,4.36345
4.3053,0.00816003,0.00554567,4.36497
4.38085,0.00824384,0.00075045,4.43618
4.29348,0.00655144,0.00363511,4.35009
4.30413,0.0140817,0.000343705,4.36422
4.3176,0.00830583,0.000752052,4.37301
5 threads per task
4.3339,0.0113104,0.000737904,4.39235
4.3365,0.00605271,0.00935514,4.39791
4.29842,0.0079819,0.00422717,4.35688
4.32122,0.00761781,0.00454677,4.37938
4.29385,0.0079001,0.00691174,4.35486
4.31398,0.0116442,0.000655053,4.37213
4.37985,0.007849,0.00586977,4.4397
4.30392,0.00783717,0.00384162,4.36181
4.33276,0.00968378,0.00311233,4.39146
4.30774,0.00768224,0.00435989,4.36687
4.31098,0.0112721,0.000351295,4.36893
4.32052,0.00784639,0.00909201,4.38399
4.32237,0.00783441,0.00440845,4.38228
4.2915,0.00787404,0.00429231,4.35166
4.29637,0.0134064,0.000345582,4.35626
4.2946,0.00780189,0.00933082,4.35785
4.33764,0.00795478,0.00256151,4.39392
4.2887,0.0116872,0.00945199,4.35734
4.29221,0.00771352,0.00392305,4.34992
4.3121,0.0115887,0.000343759,4.37036
4.2792,0.00815045,0.00248007,4.33708
6 threads per task
4.34849,0.0158993,0.000337455,4.41282
4.30722,0.0128745,0.00249208,4.36967
4.30365,0.0146831,0.000357673,4.36513
4.30005,0.0111875,0.00452763,4.36195
4.32108,0.0147606,0.00553275,4.38757
4.31363,0.0112716,0.00992617,4.38081
4.32298,0.0112597,0.00983868,4.39023
4.36166,0.0112624,0.00116817,4.42181
4.34632,0.0127662,0.00201614,4.4085
4.35853,0.0114196,0.0101363,4.4261
4.38687,0.00941283,0.00664773,4.45071
4.34692,0.00950262,0.0120802,4.41429
4.29593,0.0144466,0.000353031,4.3565
4.3454,0.0113159,0.00514677,4.40757
4.37253,0.0116486,0.002725,4.43314
4.29873,0.0166278,0.00486249,4.3662
4.28352,0.0112829,0.00558451,4.34823
4.28278,0.0117034,0.00490837,4.34539
4.31992,0.0149176,0.00327978,4.38379
4.34977,0.00952195,0.00679163,4.4124
4.30833,0.0129719,0.00294066,4.37012
7 threads per task
4.31658,0.0183009,0.000344364,4.3811
4.27917,0.0179027,0.00177065,4.34646
4.34932,0.016165,0.000351463,4.41179
4.51717,0.0162549,0.00496725,4.58556
4.29489,0.0143555,0.00259061,4.35936
4.2849,0.0161553,0.000350455,4.34719
4.28555,0.0180938,0.000341317,4.35016
4.30342,0.0130029,0.0042431,4.36674
4.36702,0.0140339,0.0141426,4.44128
4.32171,0.0126567,0.00393141,4.38449
4.31206,0.011085,0.00842594,4.38141
4.33477,0.0109093,0.0124655,4.40935
4.35059,0.0129871,0.00895503,4.42132
4.30774,0.016281,0.000353983,4.37066
4.28823,0.0147217,0.00372753,4.3551
4.33634,0.0229565,0.000339357,4.40655
4.32931,0.0108792,0.00889427,4.39492
4.30921,0.014533,0.000787461,4.37046
4.36765,0.0125454,0.00545192,4.43181
4.38607,0.0127351,0.0125653,4.45753
4.31362,0.0109674,0.00997819,4.38215
8 threads per task
4.33916,0.014425,0.00644389,4.40691
4.30238,0.0143121,0.00598929,4.36885
4.28723,0.0167327,0.00342094,4.35299
4.3946,0.0162827,0.0153781,4.47288
4.29642,0.0196737,0.000316324,4.36456
4.29245,0.0158288,0.012718,4.36739
4.31226,0.0147786,0.00342409,4.37779
4.36231,0.0178737,0.0019857,4.4285
4.38718,0.0143223,0.00463557,4.452
4.27832,0.0221194,0.00164162,4.35239
4.33751,0.014344,0.00703491,4.40744
4.32431,0.0178897,0.00340254,4.39353
4.34795,0.0195936,0.000352142,4.41532
4.27363,0.0147062,0.00618291,4.35215
4.33844,0.0144549,0.00405317,4.40422
5.01455,0.0142573,0.00804895,5.08482
4.36445,0.0162521,0.00221664,4.42836
4.35494,0.0195034,0.000340311,4.42181
4.2911,0.0159421,0.00245696,4.35576
4.29678,0.0178175,0.000339286,4.36063
4.32193,0.0250337,0.000344034,4.39424
task end