1 tasks per node
1 threads per task
11.0401,0.00898227,0.00805172,12.2476
5.08094,0.00455808,0.01055,6.28704
5.0412,0.00438526,0.0104806,6.24653
5.05324,0.00418554,0.0107569,6.25981
5.08285,0.00471513,0.0111664,6.29026
5.04066,0.00464677,0.0111156,6.24888
5.09641,0.00413996,0.0117096,6.30245
5.08333,0.00389111,0.0123192,6.29127
5.05834,0.00420656,0.0112891,6.26522
5.11105,0.00384331,0.0116276,6.31657
5.03135,0.00416194,0.0116243,6.23813
5.05352,0.00393528,0.0122389,6.26209
5.02214,0.00414903,0.0118834,6.2292
5.04285,0.00393807,0.0120147,6.25198
5.03118,0.00424033,0.012261,6.23924
5.0973,0.00389773,0.0118946,6.3051
5.02354,0.00417161,0.0121368,6.2302
5.03751,0.00394102,0.0128308,6.24451
4.98217,0.00392569,0.0122324,6.18866
5.02524,0.0041439,0.0115649,6.23383
5.05169,0.00419662,0.0114682,6.24929
2 threads per task
5.02696,0.00244665,0.0108106,6.23168
5.01339,0.00216255,0.0110291,6.21937
5.10771,0.00241648,0.0110509,6.31181
5.04983,0.00246827,0.0110335,6.2566
5.06623,0.00245023,0.0111588,6.27172
5.02913,0.00241462,0.0116025,6.23397
5.09526,0.00215027,0.010981,6.2987
5.19968,0.00215196,0.0110128,6.40283
5.02136,0.00243391,0.0116979,6.22643
5.03539,0.00217565,0.010947,6.2417
5.10846,0.00243213,0.0114375,6.31458
5.1223,0.00217272,0.0112896,6.32598
5.03271,0.00217844,0.01145,6.2377
5.0518,0.00215754,0.0115011,6.25649
5.00988,0.00214824,0.011267,6.21552
5.04218,0.00217239,0.0111339,6.24729
5.04014,0.0021585,0.0112036,6.24305
5.07667,0.00244044,0.0107535,6.28176
5.55753,0.00217594,0.0114145,6.76435
5.04811,0.0021512,0.0117824,6.25563
5.10612,0.00242361,0.0107472,6.31116
3 threads per task
5.08882,0.0018882,0.011753,6.29389
5.2609,0.00189737,0.0107881,6.46526
5.0703,0.00162259,0.0107829,6.27221
5.02933,0.00189033,0.0105832,6.23501
5.07705,0.0018914,0.0113388,6.28098
5.14273,0.001908,0.0105069,6.34654
5.07286,0.00162159,0.0113916,6.27782
5.04517,0.0016369,0.0112384,6.24984
5.0236,0.00189041,0.010732,6.22724
5.11256,0.00162914,0.011013,6.31592
5.00627,0.00192424,0.0105141,6.21021
5.01303,0.00187401,0.0104329,6.21813
5.02016,0.00187856,0.0110896,6.22628
4.99399,0.00189262,0.0107235,6.19733
4.98903,0.00188776,0.010675,6.19203
5.0399,0.00161446,0.0110634,6.24431
4.99133,0.0018985,0.0122268,6.1966
5.0246,0.00168215,0.0108676,6.22943
5.04352,0.00189502,0.0112519,6.24732
5.01965,0.00160464,0.0110585,6.22399
5.03509,0.0016287,0.0106907,6.23857
4 threads per task
5.08433,0.00160808,0.0107215,6.28904
5.03868,0.00161008,0.0111953,6.24469
4.99581,0.00159883,0.0110123,6.20018
5.03632,0.0013045,0.0115546,6.24172
5.01331,0.00136359,0.0116068,6.21695
5.02759,0.00134239,0.0108932,6.23161
5.06658,0.00131801,0.0104581,6.271
5.0188,0.00131905,0.0110924,6.22184
5.05248,0.00133862,0.0106394,6.25475
5.01951,0.00131796,0.0107137,6.22232
5.04466,0.00133512,0.0108287,6.24973
5.04622,0.00160196,0.0100069,6.24855
5.09391,0.00131809,0.0120516,6.29701
5.04046,0.00131776,0.0106173,6.24475
5.0207,0.0015924,0.0103167,6.22449
5.0294,0.00133045,0.0108612,6.23393
5.10966,0.00162664,0.0116704,6.31442
5.02111,0.00158359,0.0106986,6.22445
5.11653,0.00133655,0.0106081,6.32075
5.06052,0.00160706,0.0113243,6.26415
5.04373,0.00133193,0.0104875,6.24767
5 threads per task
5.21965,0.00112625,0.0109923,6.42175
5.06651,0.00115909,0.0103254,6.26898
5.03753,0.00111714,0.0120412,6.24095
5.04223,0.00112478,0.0105148,6.24454
5.0299,0.00138642,0.0110562,6.23545
5.03599,0.00113118,0.0105856,6.23887
5.02596,0.00139982,0.0115436,6.22986
5.02101,0.0011153,0.0108194,6.22518
5.03793,0.0011238,0.0107634,6.24043
5.03727,0.00112134,0.0103129,6.24015
5.03617,0.00111149,0.0103452,6.2377
5.02913,0.00113034,0.0106094,6.2314
5.01707,0.00139332,0.010038,6.22012
5.04287,0.00139025,0.0104127,6.24591
5.10528,0.00141059,0.0102679,6.30807
5.0265,0.00111432,0.0104907,6.23105
5.02947,0.00113429,0.0101478,6.23174
5.01617,0.00111374,0.0102263,6.22043
5.06091,0.0014054,0.0101654,6.26307
5.02388,0.00111975,0.0114496,6.22668
5.05385,0.00139317,0.0102812,6.25675
6 threads per task
5.02031,0.00099872,0.0102403,6.2216
4.99167,0.00102655,0.010544,6.19423
5.06675,0.00124909,0.00997093,6.26923
5.02368,0.00100182,0.0100106,6.22497
5.00731,0.000981033,0.0103075,6.20938
5.04735,0.00100413,0.010571,6.25095
5.01715,0.000995526,0.0104299,6.22136
5.08405,0.000977786,0.0109493,6.28655
5.02607,0.00125354,0.0106767,6.22973
5.05482,0.000985553,0.0116523,6.25951
5.00304,0.000984739,0.0103764,6.20562
5.02401,0.00128238,0.0108049,6.22782
5.07584,0.000975103,0.01037,6.27973
4.99856,0.0010063,0.0102151,6.20136
5.04034,0.0010077,0.0108389,6.24394
5.07716,0.000994389,0.0111037,6.28167
5.03328,0.000996269,0.0106676,6.2386
5.06259,0.00125211,0.0104791,6.26846
5.23857,0.000986968,0.0112883,6.44348
6.44505,0.000980644,0.0109546,7.64911
5.03471,0.000986371,0.0100127,6.23922
7 threads per task
5.01492,0.00116085,0.00997997,6.2162
5.04309,0.000949576,0.0102561,6.2454
5.15821,0.000950632,0.0103204,6.36295
5.06409,0.00116678,0.0102478,6.26579
5.04261,0.000945158,0.0104716,6.24489
5.06361,0.0011808,0.00983567,6.26534
5.06935,0.000962373,0.0100369,6.2713
5.0335,0.000935817,0.0111882,6.2395
5.04653,0.00115626,0.0105925,6.24791
5.08288,0.000939771,0.0103644,6.28507
5.13173,0.00117053,0.0101265,6.33326
5.09524,0.00119274,0.010266,6.29897
5.0431,0.000968703,0.011239,6.24678
5.01448,0.000944134,0.0101585,6.2159
5.05827,0.00117531,0.0100901,6.25994
5.06424,0.00096306,0.0103183,6.26739
5.11981,0.00119756,0.00971232,6.32308
5.10314,0.000936283,0.0101428,6.30682
5.06366,0.00094505,0.0104944,6.26733
5.02089,0.00118104,0.0115358,6.22542
5.04829,0.00116476,0.00984791,6.2513
8 threads per task
5.04374,0.0011045,0.00996568,6.24606
5.02844,0.000888411,0.0106804,6.23123
5.0876,0.000892454,0.0105088,6.29153
5.09783,0.00110087,0.0104353,6.30114
5.04625,0.000885791,0.010651,6.24843
5.03452,0.00109011,0.00973716,6.23767
5.04135,0.000865207,0.0100632,6.24225
5.07262,0.00110152,0.0103425,6.27675
5.06024,0.00108665,0.00976337,6.2638
5.06341,0.000914919,0.010717,6.2661
5.03758,0.000936237,0.0108983,6.24162
5.00599,0.000885243,0.0105431,6.20905
5.53463,0.00107858,0.00996142,6.7362
5.06392,0.000882204,0.011302,6.26858
5.16392,0.000885584,0.010345,6.36553
5.04595,0.000880815,0.0104494,6.24867
5.06822,0.00114753,0.0102432,6.27219
5.03617,0.000902568,0.0107992,6.2381
5.02366,0.00110465,0.00984408,6.22548
5.00617,0.000927106,0.0102686,6.20699
5.0345,0.00108413,0.0103193,6.23703
2 tasks per node
1 threads per task
8.83866,0.004223,0.0104058,10.0027
5.29721,0.00403405,0.0105859,6.45133
5.05497,0.00422703,0.00975537,6.21815
5.19461,0.00420526,0.0109413,6.35894
4.96655,0.00429143,0.0105608,6.13202
5.0187,0.00396401,0.0105765,6.18211
5.00833,0.00392284,0.0109572,6.17265
4.98156,0.0041755,0.010597,6.14589
4.96587,0.00419972,0.0116012,6.13097
4.98042,0.00395515,0.0109065,6.14464
4.97726,0.00439557,0.0103071,6.13954
4.96723,0.00396112,0.0121253,6.12121
5.05363,0.0042074,0.0107244,6.20921
5.07511,0.00417742,0.0115428,6.23874
4.97217,0.00392982,0.0108121,6.12687
4.97261,0.00419044,0.0109762,6.13714
4.97044,0.0041639,0.0114415,6.13199
4.99204,0.00414961,0.0114026,6.15588
4.9944,0.00420812,0.0110171,6.15935
4.97431,0.00418555,0.0109047,6.13532
4.98804,0.00422901,0.0111617,6.15333
2 threads per task
4.9442,0.00251272,0.00942076,6.10601
4.99262,0.00251758,0.00927946,6.15219
5.12495,0.00250391,0.00976669,6.28573
5.03148,0.00223546,0.010468,6.19052
5.04661,0.00248676,0.0107538,6.21089
5.02791,0.00247804,0.00987544,6.18859
4.98451,0.00221077,0.0106043,6.14471
4.96269,0.00240073,0.0100275,6.12467
4.99803,0.00248861,0.00925204,6.15858
4.967,0.00248194,0.0103921,6.12917
4.99351,0.00218819,0.0105183,6.15384
4.97037,0.00247265,0.00901672,6.12813
5.00066,0.00249536,0.0102241,6.16325
4.97661,0.0022007,0.0107695,6.14074
4.95904,0.00239424,0.0109357,6.11769
5.00655,0.00248298,0.0115595,6.15937
5.03151,0.00253565,0.0106601,6.19438
5.00789,0.00248399,0.00962824,6.16261
4.97405,0.00272689,0.0100651,6.13585
5.03351,0.00217412,0.0104401,6.19433
4.95608,0.00247067,0.0095139,6.11854
3 threads per task
4.97642,0.00191209,0.0108383,6.13973
4.98699,0.00197017,0.00935712,6.14449
5.06263,0.00167104,0.0092527,6.22231
4.95875,0.00185219,0.0102961,6.12215
5.04608,0.00191524,0.0103256,6.20734
5.13661,0.00167753,0.0100019,6.29712
4.95634,0.00193216,0.00975252,6.11555
4.98678,0.00191522,0.0103303,6.14876
4.98535,0.00194827,0.00986472,6.14605
5.08403,0.00186645,0.00930814,6.24217
4.94333,0.00193744,0.008699,6.10409
4.99681,0.00191484,0.00981383,6.15992
5.00759,0.0019594,0.00898338,6.16451
5.02811,0.00167741,0.00994411,6.18934
4.97443,0.00193445,0.0102618,6.1349
4.98301,0.00218299,0.00959972,6.14439
5.03033,0.00193995,0.00985353,6.18953
4.9837,0.00197554,0.00948553,6.1435
4.96479,0.00191691,0.00937892,6.12657
4.99334,0.00191177,0.00954723,6.15374
5.01716,0.00168427,0.0092586,6.17548
4 threads per task
4.98907,0.00155993,0.00991403,6.15049
4.94268,0.00132773,0.00936278,6.1025
4.9917,0.00133465,0.0110102,6.15298
4.97355,0.00162841,0.00914425,6.1345
4.98197,0.00161405,0.00959361,6.14393
4.97162,0.00162519,0.00893926,6.13
5.01223,0.00162614,0.00974579,6.17123
4.97732,0.00136149,0.0106277,6.1363
4.95002,0.00164967,0.00897432,6.10685
5.00087,0.00135711,0.0118293,6.16439
5.01299,0.00135974,0.00939258,6.16676
4.9582,0.00133435,0.010044,6.11852
4.96056,0.00161379,0.00990358,6.12224
5.05342,0.0016246,0.0114087,6.21356
4.9945,0.00162981,0.00912456,6.15611
5.0053,0.00135848,0.00938226,6.16651
5.00941,0.00164015,0.00939549,6.16931
5.00066,0.00161259,0.00906547,6.16146
4.98073,0.00161143,0.00882102,6.11845
4.99388,0.00135799,0.00943714,6.15545
4.98629,0.0015981,0.00888271,6.13592
5 threads per task
5.00212,0.00141639,0.0088206,6.15868
4.97124,0.0014002,0.00941199,6.12875
4.99709,0.00163361,0.0102144,6.15904
4.98936,0.00140929,0.00967325,6.14946
4.99455,0.00114726,0.0100159,6.12079
5.04039,0.00116712,0.00943306,6.19836
4.95491,0.00141849,0.00999049,6.09757
5.03316,0.00141356,0.0102218,6.18836
5.01483,0.00162491,0.00907288,6.16482
4.99785,0.00113561,0.00909302,6.15628
4.96796,0.00142956,0.00888324,6.12772
4.99044,0.00142839,0.0090397,6.14818
5.1541,0.00140932,0.00948098,6.31498
4.99411,0.00139635,0.00902178,6.14055
4.97454,0.00166172,0.00897492,6.13458
4.97223,0.00140741,0.00937499,6.13222
4.96979,0.00140581,0.0099265,6.12858
5.03666,0.00139904,0.00925921,6.197
4.98851,0.00140311,0.00946065,6.14513
4.9742,0.00116408,0.00988009,6.1345
5.02349,0.00159274,0.0094931,6.18383
6 threads per task
4.96122,0.00104486,0.00886843,6.11986
5.43722,0.00126604,0.00898063,6.59768
5.01605,0.00128442,0.0092873,6.17619
4.95449,0.00127655,0.00946531,6.11453
4.97892,0.00105454,0.00853109,6.1366
5.00025,0.00103362,0.010002,6.16096
5.01016,0.00102558,0.00985566,6.17045
5.13051,0.00104236,0.00962774,6.28919
4.9959,0.00104805,0.0113982,6.15759
4.98281,0.00127722,0.00912971,6.14076
4.9942,0.00120297,0.00927462,6.15369
4.99922,0.0012811,0.00941402,6.15608
4.97999,0.00100962,0.00963052,6.13868
5.04902,0.00128036,0.00938307,6.2084
4.95248,0.00129318,0.00984479,6.11298
4.99087,0.00129472,0.00894528,6.14617
4.96666,0.00128469,0.00913489,6.12693
4.95512,0.00128346,0.00847479,6.11269
4.93521,0.00128999,0.00865344,6.09505
4.99548,0.00105044,0.00938031,6.15619
4.98086,0.00130285,0.00895037,6.13925
7 threads per task
4.9664,0.00118994,0.00908971,6.12665
5.02953,0.00121424,0.00851712,6.19086
4.95483,0.000978706,0.0100255,6.11443
4.95652,0.000989137,0.00915643,6.10887
5.12748,0.000998691,0.0088771,6.28361
5.00727,0.00121345,0.00979645,6.16585
5.03596,0.00118608,0.00920623,6.19505
5.54316,0.00138862,0.00880701,6.69904
4.98122,0.000993969,0.00887505,6.14063
5.04109,0.00119416,0.00913514,6.19481
4.96722,0.00124407,0.00885474,6.12842
4.94423,0.00120366,0.00963488,6.10454
4.96773,0.00118815,0.0121394,6.12817
4.97308,0.0012015,0.00890266,6.13426
4.97078,0.00117105,0.0087387,6.13039
4.96454,0.00100893,0.00970796,6.12426
4.95836,0.00119328,0.00960694,6.11961
4.99738,0.00121654,0.0112271,6.15703
5.05996,0.000977613,0.00928373,6.2193
4.96273,0.00120763,0.0110002,6.12353
5.07004,0.00120629,0.00949144,6.21205
8 threads per task
5.02976,0.0011375,0.00968247,6.18747
5.04229,0.00114991,0.00909487,6.20254
5.01415,0.00113707,0.0090826,6.17143
5.00764,0.00134971,0.0093066,6.16776
4.98635,0.00115344,0.00916842,6.13642
5.05097,0.00117021,0.00860344,6.20787
4.96581,0.00102929,0.00942142,6.12581
4.99518,0.00107546,0.00953797,6.15276
5.00272,0.00105572,0.00986397,6.16148
4.97842,0.00108577,0.00904257,6.14115
5.03686,0.00105031,0.00897082,6.19648
5.00425,0.00114655,0.00889808,6.1641
4.96906,0.0011291,0.00884435,6.12688
4.97614,0.00112185,0.00965904,6.13701
4.96781,0.00104402,0.00971017,6.12898
4.98684,0.00114239,0.00935277,6.14436
4.9551,0.00102666,0.00988052,6.10421
5.12834,0.00113375,0.00878966,6.28809
5.04436,0.00114246,0.00906914,6.20611
4.99582,0.00104197,0.0100936,6.15825
4.98301,0.0011417,0.00957483,6.14356
3 tasks per node
1 threads per task
10.7222,0.00411577,0.00276515,11.5619
5.16269,0.00404304,0.00276574,6.00445
5.25277,0.00402224,0.00293346,6.09319
5.1572,0.00448002,0.00236428,5.99573
5.20378,0.0043268,0.00246375,6.0449
5.29179,0.00436846,0.00243521,6.13329
5.17443,0.00430413,0.00247954,6.01513
5.13873,0.00399209,0.00280622,5.97975
5.13452,0.00427563,0.00268157,5.97403
5.16303,0.00442339,0.00240917,6.00359
5.2991,0.00423088,0.00256706,6.13769
5.1251,0.00431233,0.00246756,5.96511
5.13402,0.00406694,0.00281288,5.97591
5.16916,0.00445134,0.00250384,6.00975
5.2662,0.00443401,0.00244754,6.10581
5.14137,0.00429526,0.00252767,5.98157
5.13127,0.00395247,0.00304505,5.97231
5.16637,0.0041297,0.0028481,6.00725
5.12207,0.00406446,0.00378999,5.96483
5.1413,0.00403096,0.00276254,5.98101
5.12977,0.00431255,0.0025543,5.97139
2 threads per task
5.1779,0.0025894,0.00161366,6.01603
5.1141,0.00252461,0.00161802,5.95349
5.15535,0.00231005,0.00184049,5.99293
5.12745,0.00228836,0.00187595,5.9655
5.14894,0.00260015,0.00159888,5.98771
5.28061,0.00261254,0.00152203,6.11922
5.19952,0.00231144,0.00183916,6.03828
5.19708,0.00255679,0.00158776,6.03456
5.14637,0.00260591,0.00154173,5.98519
5.17764,0.00261905,0.00150318,6.01533
5.17217,0.00255282,0.00148694,6.01285
5.14577,0.0025923,0.00163056,5.98337
5.20945,0.00257707,0.00151658,6.04695
5.14107,0.00259941,0.00152149,5.9786
5.17733,0.00235765,0.00176921,6.01565
5.15543,0.00249489,0.0016427,5.99237
5.13781,0.00262031,0.00161174,5.97565
5.22496,0.00259157,0.00164672,6.06367
5.17596,0.00259458,0.00152528,6.01427
5.18211,0.00254825,0.00217731,6.02063
5.31709,0.00231197,0.00184688,6.15586
3 threads per task
5.1164,0.00194894,0.0024273,5.95296
5.1775,0.00170745,0.00140039,6.01353
5.1324,0.00167399,0.00142265,5.96782
5.21858,0.0026506,0.000600526,6.05473
5.20749,0.00166618,0.00150144,6.04451
5.16961,0.00197118,0.00116161,6.007
5.11687,0.00198786,0.00157918,5.95678
5.19527,0.0016559,0.00140113,6.03313
5.17092,0.00169927,0.00139837,6.00858
5.11637,0.00166474,0.00163293,5.95524
5.60395,0.00192235,0.00122849,6.44038
5.2032,0.00197593,0.00147238,6.03894
5.12796,0.00197165,0.00119771,5.96476
5.18228,0.00195931,0.0019487,6.01956
5.11229,0.0019671,0.00119039,5.94826
5.17652,0.00168245,0.00141204,6.01302
5.14587,0.00169124,0.001428,5.9814
5.15041,0.00165812,0.00145122,5.98852
5.17546,0.00195016,0.0012294,6.01067
5.17319,0.00193069,0.00121166,6.00937
5.16723,0.0019751,0.00124332,6.00514
4 threads per task
5.10739,0.0016102,0.001119,5.94528
5.15241,0.00280643,0.000634767,5.99095
5.18132,0.00162015,0.00106743,6.01711
5.13055,0.00212875,0.000968078,5.96695
5.20647,0.00161977,0.000978576,6.04226
5.13898,0.00133933,0.00133844,5.9773
5.13549,0.00134232,0.00171925,5.97371
5.15374,0.00128382,0.00251641,5.99144
5.15484,0.00163317,0.00113166,5.99154
5.74674,0.00178509,0.000956427,6.58397
5.18929,0.00132401,0.00280408,6.02846
5.20321,0.00162675,0.00102245,6.03899
5.11762,0.00134511,0.00137482,5.95361
5.18769,0.00160838,0.00097201,6.02429
5.19117,0.00164743,0.00100904,6.02804
5.1888,0.00131813,0.0012818,6.02678
5.11715,0.0013617,0.00128409,5.95392
5.12729,0.00163684,0.00100559,5.96341
5.11291,0.0016026,0.00102617,5.94837
5.21227,0.00134442,0.00129323,6.04887
5.15846,0.00161269,0.001077,5.99496
5 threads per task
5.15458,0.00139092,0.00397788,5.99333
5.19097,0.00425177,0.00220695,6.03238
5.12352,0.00300201,0.0111172,5.97158
5.12829,0.00139981,0.00469807,5.96706
5.19054,0.00114026,0.00496059,6.03199
5.13685,0.00118129,0.00533129,5.97712
5.21548,0.00216628,0.00255446,6.05377
5.1476,0.00113644,0.00583747,5.98879
5.13326,0.00309691,0.00322205,5.97325
5.1267,0.00298422,0.00328859,5.96623
5.1634,0.00138888,0.00507515,6.00254
5.14541,0.0051419,0.00112725,5.98538
5.12593,0.0042945,0.0119711,5.97589
6.89302,0.00419382,0.00237646,7.73458
5.14262,0.00140306,0.00515323,5.98268
5.1722,0.00427598,0.0020989,6.01247
5.19952,0.00455408,0.00195224,6.03991
5.1467,0.0043671,0.00178223,5.98708
5.15163,0.00300144,0.0136634,6.00149
5.15868,0.00423508,0.00216803,5.9982
5.10947,0.00264235,0.00366614,5.94972
6 threads per task
5.13944,0.00261228,0.00973689,5.98554
5.1925,0.00491887,0.00276086,6.03485
5.15494,0.00416888,0.00368799,5.99667
5.15602,0.0042727,0.0018993,5.9972
5.16624,0.00415018,0.0021641,6.00603
5.17251,0.00414458,0.00149393,6.01264
5.1538,0.00513713,0.00150487,5.99376
5.19592,0.00487003,0.0013763,6.03508
5.27834,0.00508826,0.000865383,6.11817
5.14915,0.00516174,0.000978792,5.9896
5.22614,0.00511383,0.00132967,6.06565
5.15993,0.00408777,0.00234372,6.00083
5.15942,0.00412312,0.00212621,5.99996
5.10871,0.00511784,0.00061441,5.94856
5.1958,0.00255878,0.00344818,6.03578
5.16365,0.00656066,0.00062,6.00465
5.22024,0.00589308,0.0010733,6.05989
5.13356,0.00418452,0.0019939,5.97484
5.18901,0.00512453,0.00102505,6.02889
5.11916,0.00524347,0.00120256,5.95852
5.38049,0.00489461,0.000817709,6.2209
7 threads per task
5.14755,0.00635203,0.000601184,5.98807
5.1695,0.00497922,0.00164856,6.00963
6.87734,0.00621402,0.00102186,7.71914
5.1213,0.00498584,0.00123287,5.96055
5.12369,0.00626293,0.0122113,5.97477
5.16618,0.00469495,0.000631206,6.00477
5.19418,0.00463386,0.00114579,6.0337
5.10408,0.00488367,0.00130412,5.94362
5.14927,0.00466146,0.0012984,5.98881
5.27239,0.00572843,0.00216369,6.11353
5.1459,0.00476352,0.00160877,5.98588
5.20012,0.00250879,0.0133179,6.04985
5.14487,0.00471785,0.00130658,5.98397
5.14677,0.00251675,0.00327895,5.98597
5.13788,0.0063188,0.000914328,5.9783
5.15643,0.00465266,0.00344424,5.99818
5.16123,0.00474044,0.000671173,6.00009
5.16627,0.00669724,0.00121108,6.00709
5.11788,0.005108,0.00118673,5.95835
5.11679,0.00496433,0.00245672,5.95862
5.15477,0.0050646,0.00128219,5.99739
8 threads per task
5.11686,0.00454024,0.00172821,5.95663
5.12151,0.00451602,0.00284166,5.96284
5.33222,0.00458423,0.00106755,6.17211
5.13465,0.00454178,0.00107208,5.97515
5.13225,0.00615984,0.00060802,5.9718
5.1242,0.00458654,0.00176071,5.96542
5.15759,0.00484141,0.000808293,5.99585
5.14107,0.00481905,0.00126113,5.98076
5.14429,0.00482755,0.00160014,5.9843
5.15844,0.00460025,0.00161723,5.99893
5.14078,0.00560824,0.00061748,5.9805
5.18899,0.00483826,0.00217674,6.02914
5.13921,0.00485992,0.000849001,5.97915
5.14554,0.00451686,0.00114468,5.98429
5.14565,0.00483149,0.000861499,5.9835
5.12999,0.00482111,0.0015313,5.97053
5.16471,0.00454877,0.00118953,6.00349
5.11223,0.00475322,0.0025431,5.95214
5.16177,0.00483419,0.00184872,6.00411
5.14868,0.00484127,0.00143119,5.98878
5.16064,0.00449623,0.00121022,6.00103
4 tasks per node
1 threads per task
5.13143,0.00400187,0.0113226,5.95562
5.10853,0.00401128,0.0116595,5.93292
5.19604,0.00427954,0.0103226,6.02011
5.18398,0.00426305,0.0105488,6.00698
5.17626,0.0042993,0.0104315,6.00125
5.14006,0.00419371,0.0105363,5.9617
5.14193,0.00427316,0.0112026,5.96609
5.13182,0.00427884,0.00999386,5.95487
5.11324,0.00426492,0.00994592,5.93641
5.13619,0.00429573,0.0101651,5.95985
5.12145,0.00400402,0.00980361,5.94417
5.14075,0.00402082,0.0105634,5.96315
5.11553,0.00401711,0.0105369,5.93642
5.1341,0.00433557,0.00968171,5.95439
5.14247,0.00427258,0.0105281,5.96544
5.16475,0.00401662,0.0105571,5.98805
5.11324,0.00426536,0.0104866,5.93751
5.15858,0.00426131,0.01033,5.98142
5.13653,0.00432709,0.0129953,5.96222
5.15556,0.00404359,0.0105026,5.97754
5.11614,0.00416736,0.0105723,5.93889
2 threads per task
6.0395,0.00258727,0.0108933,6.86117
5.15474,0.00229712,0.0111063,5.97641
5.12193,0.0025779,0.0103478,5.94391
5.14275,0.00259413,0.00984523,5.96386
5.12384,0.00232708,0.0115475,5.94466
5.16712,0.00233732,0.00970114,5.98476
5.11554,0.00229711,0.009865,5.93499
5.13502,0.00258855,0.00958461,5.95278
5.14468,0.00222551,0.010741,5.9654
5.17154,0.00261112,0.00984571,5.99344
5.15328,0.00234596,0.00939631,5.97215
5.20905,0.00256927,0.00954293,6.02762
5.13197,0.00257202,0.0102923,5.95235
5.15117,0.00257783,0.00952293,5.97104
5.14805,0.00230939,0.00971062,5.96805
5.17511,0.00231496,0.0094738,5.99666
5.13471,0.00260358,0.011913,5.95733
5.13317,0.0025525,0.0100776,5.9523
5.16384,0.00256951,0.011004,5.98621
5.1286,0.00254256,0.00956438,5.94997
5.19114,0.00259284,0.0109635,6.01322
3 threads per task
5.14404,0.00189858,0.00969627,5.96327
5.13855,0.00193138,0.0099679,5.95878
5.20029,0.00188787,0.00946381,6.02101
5.19986,0.00200162,0.0109454,6.02093
5.19301,0.00199639,0.00845263,6.01167
5.14379,0.00187213,0.00965965,5.96358
5.1375,0.00192644,0.00915243,5.95551
5.13825,0.00163298,0.00999698,5.95773
5.13585,0.00187315,0.00947582,5.95478
5.20462,0.00181972,0.00996098,6.02509
5.16976,0.00189663,0.00947365,5.9892
5.27258,0.00171115,0.0108367,6.09374
5.148,0.0016634,0.00983486,5.96748
5.12124,0.00189297,0.00970593,5.94083
5.13803,0.00192656,0.0102435,5.95956
5.15136,0.00168943,0.00937801,5.96856
5.13623,0.0017055,0.00998669,5.95455
5.17122,0.00169077,0.0101889,5.98928
5.14473,0.00188725,0.0106384,5.96629
5.16931,0.00189503,0.0105222,5.98802
5.16567,0.00163844,0.0105946,5.98652
4 threads per task
5.11566,0.00125155,0.00952823,5.93218
5.10993,0.00312304,0.00790679,5.9304
5.19507,0.0013508,0.00950572,6.01203
5.13895,0.00136126,0.0109622,5.9591
5.12048,0.00132579,0.0101648,5.93963
5.14765,0.00127321,0.00950412,5.96553
5.11485,0.00253844,0.00839368,5.93208
5.15084,0.0012931,0.0112161,5.96958
5.1547,0.00130231,0.00995,5.9729
5.15134,0.00159368,0.00893454,5.97157
5.15298,0.00156767,0.00944623,5.97253
5.14319,0.00219331,0.00869798,5.96194
5.16415,0.00160233,0.0104853,5.98432
5.18534,0.00132416,0.00955928,6.00485
5.16974,0.00132805,0.009499,5.98897
5.12696,0.00152061,0.00941005,5.94541
5.15241,0.0015446,0.00941146,5.97144
5.17624,0.00128959,0.0101954,5.99588
5.16289,0.00161925,0.00931335,5.98281
5.12592,0.00157097,0.0118032,5.94809
5.16474,0.00155803,0.00906612,5.98267
5 threads per task
5.11401,0.00428098,0.00798302,5.93331
5.1346,0.00507916,0.00707561,5.95482
5.1418,0.00140185,0.0112692,5.96312
5.15929,0.00428917,0.00801905,5.97768
5.27877,0.00295173,0.00840223,6.0984
5.11602,0.00424705,0.00902158,5.93775
5.14505,0.00317341,0.00966647,5.96499
5.13448,0.00518388,0.00669254,5.95509
5.13033,0.00454642,0.00970536,5.95142
5.16697,0.00548037,0.00779816,5.98734
5.16413,0.00444756,0.011098,5.98801
5.32075,0.00425866,0.00926269,6.14422
5.13671,0.00431435,0.00796632,5.9579
5.17343,0.00452564,0.00816001,5.99499
5.13183,0.00263902,0.0107077,5.95416
5.16384,0.00345328,0.00903541,5.98441
5.1423,0.00429794,0.00889644,5.96141
5.12848,0.00421921,0.00836612,5.94833
5.12643,0.00515154,0.00662314,5.94676
5.14757,0.00429958,0.00880077,5.96838
5.12013,0.00426107,0.00991166,5.94309
6 threads per task
5.16238,0.00648999,0.00735422,5.98438
5.12609,0.00536124,0.00587297,5.94529
5.13333,0.00410187,0.00846362,5.95388
5.19102,0.00416148,0.0108941,6.01428
5.15829,0.00638995,0.00634898,5.97779
5.19705,0.00401858,0.0105999,6.02183
5.13663,0.00444187,0.00906375,5.95813
5.15548,0.00624331,0.00697291,5.97638
5.15575,0.00514654,0.00793908,5.97733
5.12279,0.00415776,0.00872589,5.94677
5.1458,0.0025942,0.0102961,5.96766
5.14212,0.00569208,0.00776245,5.9619
5.13086,0.00408533,0.0103078,5.95297
5.24945,0.00416792,0.00947705,6.07209
5.14758,0.00417478,0.00946603,5.96883
5.25694,0.00572361,0.00905173,6.0792
5.13984,0.00650924,0.00884252,5.96335
5.21339,0.00572627,0.00937164,6.03527
5.14521,0.00416822,0.00999712,5.96881
5.12302,0.00510252,0.00794687,5.94348
5.1883,0.0052081,0.00691429,6.00808
7 threads per task
5.16625,0.00471647,0.0076397,5.98642
6.02628,0.00571058,0.00952666,6.84783
5.11978,0.00467174,0.00827106,5.94074
5.33683,0.00408465,0.0110726,6.15815
5.13126,0.00655728,0.00582574,5.95189
5.23105,0.00569904,0.00884735,6.05407
5.15764,0.00628423,0.00532783,5.97764
5.29014,0.0041219,0.00980754,6.11195
5.17472,0.00636874,0.00782275,5.99656
5.14698,0.00411273,0.00911282,5.96817
5.14931,0.00413439,0.00986335,5.97145
5.11419,0.00467017,0.0099775,5.93672
5.14002,0.00630164,0.00854456,5.96234
5.14572,0.00493025,0.00928028,5.9682
5.15456,0.00429781,0.0104702,5.97773
5.13864,0.00407245,0.0106598,5.95945
5.15207,0.0046976,0.00809226,5.97063
5.18988,0.00562371,0.00693891,6.0109
5.14402,0.00400143,0.00946341,5.96437
5.15104,0.00466177,0.00782632,5.9717
5.12717,0.00396982,0.0097119,5.9492
8 threads per task
5.12577,0.00480642,0.0101347,5.94831
5.14582,0.00453168,0.0116813,5.9719
5.13592,0.00446686,0.00822883,5.95691
5.147,0.00474327,0.00937912,5.9694
5.11423,0.00483506,0.00955542,5.93625
5.13361,0.00554646,0.00799546,5.95369
5.13591,0.00480358,0.00905616,5.95769
5.21746,0.0045377,0.0100058,6.04086
5.15076,0.0063372,0.00802746,5.97575
5.17559,0.00474837,0.00836242,5.99773
5.15268,0.00479142,0.0103196,5.97644
5.14509,0.00454175,0.00972849,5.9674
5.1492,0.00481174,0.00817366,5.97181
5.3436,0.00645351,0.00890391,6.16742
5.14144,0.00459226,0.00794903,5.96063
5.16452,0.00563216,0.00680904,5.98447
5.19183,0.00723614,0.0073078,6.01315
5.17995,0.00477188,0.01075,6.00324
5.20073,0.00474392,0.00797614,6.02221
5.16901,0.00481509,0.0107204,5.99344
5.24042,0.00482204,0.0103019,6.06419
5 tasks per node
1 threads per task
9.47587,0.00402152,0.00993025,9.93236
5.33859,0.00446539,0.00922776,5.79523
5.37745,0.00421386,0.00995649,5.83556
5.35211,0.00420908,0.00988995,5.80965
5.31702,0.00450586,0.00914953,5.77494
5.51255,0.00424452,0.0100159,5.97163
5.34139,0.00448156,0.00950318,5.79974
5.413,0.00420598,0.00975031,5.87278
5.32394,0.00429222,0.0097782,5.7804
5.43423,0.00423152,0.00980146,5.893
5.46559,0.00423814,0.00950708,5.92246
5.34372,0.00418225,0.00937907,5.801
5.49005,0.00418278,0.0121629,5.95034
5.32447,0.00422841,0.0101807,5.78465
5.40406,0.00421552,0.00973409,5.86158
5.40566,0.00423275,0.011061,5.86447
5.54929,0.00423907,0.00970765,6.01034
5.40641,0.00420676,0.0093627,5.86325
5.45178,0.00433541,0.00951217,5.91039
5.40001,0.00449848,0.00925896,5.85747
5.30659,0.0044725,0.00927186,5.76439
2 threads per task
5.83837,0.00264581,0.00814,6.29163
5.39178,0.00264178,0.00853815,5.84669
5.48152,0.00237232,0.00836362,5.93997
5.26306,0.00272238,0.00846168,5.71736
5.42793,0.00264811,0.00940871,5.88329
5.33794,0.00263613,0.00808039,5.793
5.32364,0.00268117,0.0081487,5.77774
5.31504,0.00235065,0.00820666,5.76923
5.41064,0.00238264,0.00827209,5.86395
5.51959,0.00350784,0.00739107,5.97497
5.32741,0.00237628,0.00832045,5.78123
5.38362,0.00239082,0.0087396,5.83924
5.45578,0.00267138,0.00845489,5.91261
5.40554,0.0023679,0.00836492,5.85969
5.34993,0.00264589,0.00809275,5.80455
5.52009,0.00242556,0.00848581,5.9758
5.51789,0.00237043,0.008294,5.97234
5.33755,0.00267776,0.0079999,5.79189
5.34627,0.00238826,0.00848978,5.80967
5.31365,0.00236047,0.00847233,5.76763
5.41473,0.0026447,0.00798139,5.86906
3 threads per task
5.42999,0.0016753,0.0121832,5.88854
5.28424,0.0019236,0.0116003,5.73977
5.42737,0.00200267,0.00787929,5.88097
5.36329,0.00187943,0.00928085,5.81844
5.35114,0.00337702,0.00658691,5.8041
5.54814,0.00190444,0.0113783,6.00408
5.38198,0.00162918,0.0110294,5.83924
5.31537,0.00442125,0.00516324,5.76837
5.35198,0.0020485,0.00802767,5.80409
5.50984,0.00165657,0.0110988,5.96603
5.41413,0.00188187,0.00926499,5.86854
5.40689,0.00626873,0.00319624,5.86042
5.36411,0.00185473,0.00960467,5.81818
5.38048,0.001981,0.0110281,5.83632
5.39143,0.00192861,0.0120933,5.85273
5.37921,0.00189597,0.0110421,5.8346
5.30787,0.00196132,0.00813437,5.76043
5.37023,0.00191383,0.00968037,5.82495
5.32652,0.00163744,0.0109923,5.7835
5.46437,0.00650743,0.00308264,5.92198
5.42492,0.00176956,0.0103771,5.88244
4 threads per task
5.29751,0.00626746,0.00606143,5.75521
5.32186,0.00602088,0.00466377,5.77554
5.34659,0.0055808,0.00823153,5.80328
5.4158,0.00129688,0.0127595,5.87242
5.41275,0.00633043,0.00753545,5.87518
5.43136,0.00464437,0.00485399,5.88436
5.42132,0.00319697,0.0104598,5.87792
5.31577,0.00323417,0.0106957,5.7722
5.33125,0.00628264,0.00784967,5.7882
5.4117,0.00295711,0.0107198,5.86809
5.29324,0.00302428,0.0076899,5.74743
5.32732,0.00457038,0.00990191,5.7886
5.32984,0.00605218,0.00519526,5.78339
5.29728,0.00592194,0.00753647,5.75374
5.35313,0.00555709,0.00352746,5.80597
5.26979,0.00564505,0.00659986,5.72467
5.46032,0.00727606,0.0033185,5.91944
5.40327,0.00295994,0.0104843,5.86451
5.32953,0.00588478,0.00474804,5.78677
5.45756,0.00518996,0.00879543,5.9153
5.33065,0.0056255,0.00968478,5.78899
5 threads per task
5.34688,0.00574618,0.00756919,5.80367
5.39674,0.00581631,0.00705558,5.85271
5.42312,0.00530963,0.00775956,5.88458
5.43816,0.00571965,0.00892319,5.89707
5.32784,0.00577692,0.00748574,5.78449
5.43772,0.00536883,0.00476079,5.8918
5.32602,0.00546031,0.00947793,5.78746
5.31359,0.00512044,0.0103527,5.77488
5.42137,0.00128785,0.0118595,5.87731
5.40524,0.0060195,0.00698982,5.86144
5.40729,0.00727238,0.00767761,5.86621
5.38924,0.00514996,0.00799688,5.84875
5.49376,0.00575236,0.00772568,5.95091
5.38137,0.00275796,0.0122866,5.841
5.26751,0.0058039,0.00701709,5.72285
5.46222,0.00569095,0.00745262,5.91922
5.35769,0.00539895,0.00777491,5.8132
5.29678,0.00757965,0.00565254,5.7533
5.28041,0.00576751,0.00519461,5.73395
5.32453,0.00568918,0.0073042,5.78053
5.42477,0.00783645,0.00512674,5.8804
6 threads per task
5.41747,0.00933143,0.0117759,5.88168
5.33121,0.00487257,0.0118183,5.79041
5.31711,0.00814242,0.00668515,5.77577
5.28781,0.00906819,0.00535045,5.74495
5.34211,0.00764847,0.0074638,5.80426
5.29339,0.00745737,0.00525083,5.74955
5.41106,0.0051827,0.0132974,5.87596
5.28971,0.00511665,0.0133692,5.75202
5.42241,0.00699992,0.00919367,5.8811
5.29998,0.00725743,0.00170831,5.75277
5.31785,0.00409801,0.0117419,5.77864
5.29938,0.00876265,0.00394827,5.75576
5.30479,0.0049109,0.0132204,5.76636
5.28103,0.00408524,0.0133944,5.74183
5.46769,0.00582765,0.0109688,5.92778
5.41675,0.00930602,0.00774656,5.87711
5.34531,0.00480422,0.0140141,5.8085
5.42978,0.00514899,0.00912278,5.88835
5.23474,0.00744484,0.0099063,5.69437
5.36732,0.0102276,0.00475323,5.82585
5.43502,0.00702163,0.00767871,5.89521
7 threads per task
5.30645,0.0124691,0.00478227,5.76734
5.33475,0.00733451,0.0094315,5.79596
5.30171,0.01086,0.00652351,5.76174
5.30847,0.00794753,0.0100384,5.76896
5.307,0.00888479,0.00788409,5.76774
5.40053,0.0127352,0.00362527,5.86083
5.30208,0.00838186,0.00537677,5.7588
5.40945,0.0109586,0.00150418,5.86685
5.3504,0.020292,0.0192165,5.83653
5.28934,0.00794075,0.00891555,5.75101
5.33723,0.00990926,0.00936418,5.80447
5.33648,0.00791138,0.010356,5.79732
5.49466,0.00921249,0.00736117,5.95705
5.43924,0.00815296,0.00989619,5.89958
5.34249,0.00993944,0.00930056,5.80498
5.38576,0.0112078,0.00297839,5.84231
5.42224,0.00877335,0.00785687,5.88194
5.50459,0.00841512,0.0110355,5.96682
5.41061,0.00815984,0.0109217,5.87299
5.38597,0.0065905,0.0120559,5.84896
5.32748,0.00664164,0.0109342,5.78886
8 threads per task
5.3992,0.00998759,0.00889397,5.86148
5.33017,0.00834336,0.00943558,5.79584
5.33176,0.00929554,0.00655656,5.79085
5.44191,0.00988397,0.00896906,5.90432
5.32649,0.0102117,0.00883473,5.78902
5.45986,0.0101662,0.00995794,5.92246
5.38518,0.00893399,0.00980929,5.84813
5.326,0.00833853,0.0116952,5.78981
5.34606,0.00834674,0.0101143,5.81261
5.34153,0.0109446,0.00515633,5.80741
5.29038,0.00856919,0.0109387,5.75647
5.46443,0.00857504,0.0103802,5.92585
5.4617,0.0102689,0.0038797,5.92004
5.39832,0.00857656,0.0119016,5.86075
5.2774,0.0086409,0.00774068,5.7404
5.26762,0.0083662,0.0122387,5.73202
5.4668,0.0108393,0.00946196,5.93118
5.29942,0.0113547,0.005404,5.75899
5.29013,0.0099386,0.0089381,5.75242
5.41842,0.00830301,0.0108607,5.88159
5.29338,0.00857147,0.0103345,5.75389
6 tasks per node
1 threads per task
5.32045,0.00422293,0.00303543,5.75221
5.37931,0.00451985,0.00286216,5.81
5.42538,0.00422757,0.0031105,5.85613
5.30493,0.00429101,0.00308517,5.73641
5.31173,0.00433698,0.00310306,5.74296
5.31201,0.00424913,0.00322056,5.74391
5.30227,0.00417409,0.0032212,5.73388
5.33624,0.00421987,0.00312162,5.76688
5.3371,0.0045301,0.00280899,5.76875
5.27149,0.00431265,0.00314799,5.70245
5.31781,0.00423191,0.00310361,5.74884
5.34616,0.00450692,0.00305602,5.77767
5.30793,0.00414349,0.00306408,5.73885
5.31336,0.00453861,0.00327287,5.74428
5.31979,0.00421205,0.00315145,5.75148
5.3254,0.0045998,0.00280834,5.75749
5.33276,0.00423456,0.00340575,5.76422
5.334,0.00426193,0.0033148,5.76486
5.32214,0.00425456,0.00335012,5.75373
5.31694,0.00459523,0.0028948,5.74848
5.27737,0.00422216,0.00327087,5.70847
2 threads per task
5.32713,0.00265522,0.00162538,5.7553
5.29829,0.00239747,0.00192666,5.72699
5.30965,0.0026957,0.00166479,5.73793
5.30337,0.00270764,0.0019256,5.73154
5.29004,0.00238392,0.00303809,5.71903
5.34143,0.00240588,0.00192319,5.76958
5.32234,0.00240794,0.00188302,5.75114
5.29363,0.00238183,0.00241718,5.72247
5.35463,0.00268584,0.00160089,5.7824
5.27718,0.00264514,0.00167655,5.70542
5.27768,0.00241364,0.00205512,5.70691
5.33261,0.00240233,0.00236727,5.76086
5.35014,0.0026709,0.00167044,5.77766
5.32266,0.00258697,0.00359126,5.75264
5.41118,0.00240245,0.00196097,5.83956
5.31226,0.00264728,0.0016696,5.74057
5.29739,0.00235039,0.00303391,5.72608
5.31303,0.00240162,0.00249211,5.7415
5.29671,0.00266219,0.00171265,5.72485
5.38992,0.00243544,0.00200577,5.81967
5.29379,0.00237508,0.00238435,5.72365
3 threads per task
5.36139,0.00628633,0.000544593,5.79228
5.28301,0.00176612,0.00209277,5.71009
5.32261,0.0016533,0.0046208,5.7528
5.34846,0.00170539,0.00220488,5.77622
5.32615,0.0019582,0.00228389,5.7545
5.31202,0.00372396,0.00103366,5.74044
5.31224,0.00393647,0.000714405,5.74064
5.54187,0.00194894,0.00438288,5.97167
5.36796,0.00169241,0.00387158,5.79908
5.27546,0.00236271,0.00244371,5.70402
5.32113,0.0020147,0.00186993,5.74832
5.27433,0.00172679,0.00209578,5.70254
5.32739,0.00516453,0.000570735,5.7576
5.32685,0.00192192,0.00154497,5.75505
5.34076,0.00627217,0.000563014,5.77114
5.29493,0.00163951,0.00466942,5.72523
5.3159,0.00197706,0.00223047,5.7442
5.34621,0.00193208,0.00468225,5.77714
5.31043,0.00189574,0.0048303,5.74037
5.30841,0.00189634,0.00344938,5.73774
5.28048,0.00652352,0.000568824,5.71045
4 threads per task
5.34935,0.00557608,0.000570392,5.77954
5.38874,0.006526,0.000548793,5.8194
5.32039,0.00529675,0.00183926,5.75099
5.29973,0.00453025,0.00330829,5.7308
5.2965,0.0019669,0.00377367,5.72597
5.34036,0.00314182,0.00401126,5.77143
5.29504,0.00587282,0.00157036,5.72562
5.37696,0.00301574,0.003354,5.80821
5.32232,0.00332509,0.0044009,5.75394
5.2996,0.00567374,0.00174557,5.73179
5.31643,0.00610724,0.00128816,5.74777
5.29111,0.00491245,0.000567999,5.7208
5.30033,0.00957437,0.000554409,5.73402
5.32512,0.00451148,0.00310343,5.75628
5.24169,0.0044624,0.00294528,5.6723
5.26579,0.00134882,0.00407642,5.69464
5.31108,0.00564467,0.000579806,5.74038
5.31889,0.00479153,0.00218795,5.74988
5.50352,0.00443354,0.00396914,5.93539
5.36355,0.00297187,0.00446982,5.79594
5.48478,0.0058387,0.00155308,5.91624
5 threads per task
5.31661,0.00536508,0.00141106,5.74775
5.30544,0.00524107,0.0104619,5.74502
5.31748,0.00575806,0.00129333,5.74816
5.3315,0.00570648,0.00344768,5.76463
5.34324,0.00281505,0.00533625,5.7747
5.38093,0.00588409,0.00245244,5.81311
5.3118,0.00546475,0.0013261,5.74196
5.29089,0.00521075,0.00409104,5.72349
5.29056,0.00546314,0.00148543,5.72222
5.36491,0.00577153,0.00103018,5.79454
5.32882,0.00543862,0.00322462,5.7615
5.36525,0.00522961,0.00310166,5.79752
5.29713,0.0056124,0.00345017,5.73029
5.31425,0.00518663,0.00161746,5.7457
5.31085,0.00809176,0.000547303,5.7434
5.33473,0.00547018,0.00129815,5.76547
5.2764,0.0052125,0.00155926,5.70655
5.30258,0.00523186,0.00150513,5.73282
5.2948,0.00706363,0.000828877,5.72677
5.29467,0.00547579,0.00128076,5.72512
5.36688,0.0051837,0.00172281,5.79836
6 threads per task
5.30483,0.00746854,0.0034756,5.7391
5.29035,0.00926519,0.00243603,5.7259
5.30414,0.00911839,0.000573784,5.73759
5.30164,0.00901225,0.00662698,5.74107
5.32817,0.0057359,0.00522076,5.76223
5.30245,0.00976248,0.000756003,5.73658
5.33395,0.0101089,0.000567375,5.76831
5.30739,0.00924832,0.000562932,5.74093
5.34745,0.0048704,0.00382486,5.78016
5.33277,0.00522478,0.00355551,5.76574
5.35271,0.00820434,0.00172214,5.7866
5.31439,0.00484211,0.00508055,5.74762
5.31517,0.00679426,0.00290843,5.74888
5.29601,0.00881359,0.000560671,5.72893
5.34195,0.0097261,0.000575507,5.77598
5.30877,0.00818988,0.000545295,5.74154
5.33749,0.00881886,0.000572802,5.77159
5.32591,0.00683771,0.00232668,5.75855
5.29016,0.00667109,0.00347362,5.72383
5.33285,0.00810704,0.00628664,5.77109
5.28465,0.00492433,0.00682278,5.72009
7 threads per task
5.28644,0.00622636,0.00658543,5.72368
5.34458,0.00957706,0.000566954,5.778
5.35691,0.00632758,0.0051266,5.79174
5.30391,0.00795255,0.00426026,5.73954
5.30101,0.00994609,0.00213321,5.73604
5.35676,0.00787358,0.00462125,5.79335
5.31147,0.00790101,0.00285903,5.74639
5.46454,0.0118489,0.000570135,5.90147
5.34049,0.00860336,0.000811452,5.77385
5.33309,0.00973568,0.0023395,5.76872
5.30063,0.00862544,0.00223424,5.73581
5.31002,0.0113928,0.000575241,5.74565
5.3346,0.0106796,0.000568885,5.76987
5.30888,0.00651273,0.00642056,5.74562
5.3173,0.0206927,0.00168638,5.77532
5.35611,0.00483078,0.00632538,5.79163
5.31032,0.0100445,0.000579571,5.7439
5.31298,0.00804852,0.0036773,5.74871
5.29896,0.0084084,0.00828008,5.7394
5.29649,0.0127367,0.000567684,5.73289
5.36412,0.0103477,0.001571,5.79985
8 threads per task
5.33721,0.00844552,0.00158037,5.7707
5.29028,0.00866876,0.00754799,5.73022
5.31941,0.00838815,0.0021935,5.75483
5.3122,0.0104659,0.00120396,5.74854
5.2893,0.00880317,0.00337222,5.7255
5.30147,0.00860253,0.00265637,5.7377
5.33202,0.0083282,0.00545045,5.76956
5.38027,0.0102139,0.00385102,5.81748
5.30942,0.00838737,0.00530096,5.74707
5.30783,0.0115409,0.000575684,5.74377
5.35531,0.00839853,0.0062883,5.79354
5.43387,0.0105126,0.000587206,5.86869
5.34547,0.0109585,0.000560276,5.78134
5.32979,0.00901381,0.00473404,5.7674
5.31079,0.00864339,0.00362588,5.74686
5.27571,0.0103853,0.0017772,5.71186
5.31946,0.0102342,0.00190093,5.75502
5.28802,0.00895844,0.00256043,5.72306
5.31101,0.00838688,0.00541164,5.74934
5.30379,0.00834198,0.00229296,5.73809
5.30499,0.00867101,0.00123544,5.73951
7 tasks per node
1 threads per task
8.16115,0.00463733,0.00822065,8.58166
5.45726,0.00460979,0.0082141,5.87513
5.43851,0.00463199,0.0078635,5.85714
5.46901,0.00461487,0.00834647,5.88773
5.51769,0.00465282,0.00798988,5.93587
5.47821,0.00457847,0.00831219,5.89675
5.46237,0.0046457,0.00827322,5.88051
5.63635,0.00433918,0.00825418,6.05418
5.41897,0.00467677,0.00809369,5.83695
5.45735,0.00464568,0.00819277,5.8758
5.46184,0.004643,0.00854811,5.88027
5.44891,0.00464196,0.00794475,5.86661
5.44647,0.00433407,0.0081377,5.86504
5.45514,0.00465616,0.00787491,5.87259
5.48788,0.00430492,0.00876753,5.90661
5.45533,0.00457659,0.0088779,5.87419
5.47159,0.0046325,0.00804851,5.88954
5.51027,0.00464327,0.00794168,5.92787
5.50025,0.00434518,0.00837649,5.91828
5.45951,0.00434754,0.0100072,5.87917
5.44735,0.00463575,0.00790072,5.86514
2 threads per task
5.4387,0.00236565,0.00873805,5.85537
5.48259,0.00239913,0.00842488,5.89856
5.43375,0.00270131,0.0083559,5.85035
5.43583,0.00264636,0.00777103,5.85228
5.46596,0.00253939,0.00796164,5.88264
5.68559,0.0026627,0.00818326,6.10172
5.43698,0.00240628,0.00803082,5.85275
5.44792,0.00265877,0.00799713,5.86399
5.45018,0.00268104,0.0077826,5.86679
5.48756,0.0023604,0.00836914,5.90418
5.44826,0.00240471,0.00821389,5.86434
5.42645,0.00236594,0.00804799,5.8427
5.45564,0.0041573,0.00650333,5.87177
5.45823,0.00257278,0.00820406,5.87459
5.43075,0.00268373,0.00776342,5.84718
5.45967,0.0026905,0.00804728,5.87667
5.45632,0.00267529,0.00776861,5.87254
5.42204,0.00265808,0.00816008,5.83876
5.43512,0.00239939,0.00805181,5.85156
5.49465,0.00264813,0.00807429,5.91197
5.48815,0.00269306,0.00791121,5.90427
3 threads per task
5.52312,0.00612742,0.00680924,5.94151
5.46432,0.00648125,0.00534479,5.88183
5.43343,0.00359997,0.00681597,5.84917
5.53962,0.00348938,0.00607264,5.95415
5.47037,0.00487426,0.00605073,5.88658
5.45018,0.00487679,0.00477978,5.86564
5.43583,0.00741219,0.0037146,5.85222
5.43588,0.00577808,0.00802622,5.85472
5.45529,0.00356675,0.0237326,5.89857
5.45466,0.00273224,0.00840981,5.8719
5.43059,0.00610065,0.00566158,5.84788
5.47652,0.00484494,0.00577708,5.89258
5.44611,0.00198238,0.0106226,5.8647
5.44515,0.00625334,0.00420359,5.8611
5.45982,0.00627985,0.00445331,5.8769
5.4813,0.00355718,0.00612879,5.89677
5.45738,0.00160068,0.00882582,5.8736
5.44492,0.00190376,0.00878023,5.86104
5.45468,0.00482853,0.0087324,5.87332
5.5035,0.00164619,0.00893358,5.92018
5.44914,0.00330957,0.00625386,5.86524
4 threads per task
5.5118,0.00559084,0.00844478,5.93245
5.49052,0.00585842,0.00630134,5.90781
5.46719,0.00572659,0.00475236,5.88312
5.5809,0.00783136,0.00266675,5.99725
5.48445,0.00586839,0.00630811,5.90237
5.47001,0.00625991,0.00585793,5.88765
5.4623,0.00574174,0.00557937,5.87928
5.41915,0.00559128,0.00516917,5.83574
5.491,0.00327483,0.010367,5.91037
5.42454,0.0055804,0.00490373,5.84129
5.51462,0.00576535,0.00474493,5.93038
5.43169,0.00587616,0.00456855,5.84735
5.46495,0.00751272,0.00300865,5.88087
5.46647,0.00724244,0.00475955,5.88463
5.46483,0.00715202,0.00324363,5.88128
5.46457,0.00580948,0.00486287,5.88051
5.44687,0.00585537,0.0105704,5.86899
5.45931,0.00558414,0.016087,5.89274
5.44828,0.00590323,0.00460754,5.86427
5.43384,0.00624634,0.00538574,5.85073
5.42902,0.00788189,0.00263478,5.84535
5 threads per task
5.51427,0.00924961,0.00461115,5.93499
5.42334,0.00946408,0.00186822,5.84043
5.44695,0.00699014,0.00867865,5.86785
5.47862,0.00968647,0.000650013,5.8963
5.44927,0.00517258,0.00856065,5.86859
5.45932,0.00841442,0.0100752,5.88351
5.44028,0.010711,0.00283332,5.85941
5.4816,0.00541233,0.0097176,5.9024
5.46227,0.00917013,0.00446784,5.88134
5.45872,0.0188331,0.000592051,5.88364
5.47319,0.0106929,0.00316397,5.8923
5.43647,0.00879282,0.00352017,5.85348
5.44548,0.00935424,0.00113924,5.86168
5.41538,0.0108025,0.00295576,5.83533
5.56301,0.00592602,0.00775578,5.98206
5.46614,0.00907519,0.00234573,5.88481
5.47965,0.00512989,0.00704284,5.89695
5.475,0.00674527,0.00982392,5.89829
5.45215,0.00538775,0.00824467,5.8709
5.45823,0.00940276,0.00510369,5.8786
5.44611,0.00664326,0.00746388,5.86588
6 threads per task
5.4559,0.0106326,0.0030759,5.87533
5.44068,0.00867261,0.00651814,5.86056
5.48032,0.00878457,0.00663113,5.90184
5.4966,0.00873987,0.00672428,5.91852
5.46293,0.0106741,0.00720991,5.88603
5.49717,0.0109654,0.00456287,5.91778
5.52674,0.00939316,0.00430862,5.94736
5.4536,0.0081635,0.00804295,5.8762
5.46338,0.0140403,0.00139522,5.8839
5.42154,0.008793,0.00538671,5.84252
5.49294,0.0106121,0.00322152,5.91281
5.59503,0.00928214,0.0074816,6.0171
5.5145,0.00877106,0.00721198,5.93666
5.44952,0.00918554,0.00583079,5.86986
5.50554,0.0090583,0.00466606,5.92447
5.53704,0.00882325,0.00828738,5.96018
5.44081,0.00871176,0.00751938,5.86267
5.48896,0.00908754,0.00463181,5.90833
5.43473,0.00935667,0.00590167,5.85606
5.50942,0.00897325,0.0063062,5.92974
5.41707,0.00998183,0.0085643,5.84158
7 threads per task
5.49584,0.0100656,0.00942881,5.9201
5.49903,0.0145595,0.00200937,5.92062
5.43775,0.0153741,0.0015058,5.85998
5.45384,0.0176382,0.000576604,5.87768
5.51231,0.0143358,0.00421618,5.93634
5.44316,0.0125219,0.0044292,5.8658
5.45938,0.00627857,0.01072,5.88279
5.51751,0.0138492,0.00509649,5.94236
5.45606,0.0107943,0.00760903,5.87957
5.44012,0.0109818,0.00676041,5.86336
5.46146,0.0157288,0.00217395,5.88687
5.59703,0.0148597,0.00630854,6.02434
5.50828,0.0123616,0.0048565,5.93091
5.47352,0.0136969,0.0070643,5.90032
5.48391,0.0133629,0.00592693,5.90897
5.43232,0.0123827,0.0062519,5.85712
5.46218,0.010065,0.00795619,5.88577
5.47087,0.016647,0.000570036,5.89464
5.45212,0.0148078,0.00066964,5.87459
5.42615,0.0119887,0.00660629,5.85113
5.45013,0.00880786,0.0106273,5.87425
8 threads per task
5.45257,0.0123525,0.00746573,5.87845
5.48282,0.0101741,0.0106977,5.90901
5.46866,0.0123405,0.0121304,5.89909
5.42773,0.0120397,0.0100561,5.85559
5.51278,0.0123223,0.0061511,5.93636
5.44936,0.0120942,0.00808945,5.8752
5.44148,0.0139223,0.00616298,5.86841
5.41431,0.0130804,0.00967107,5.84287
5.53392,0.0120133,0.00659629,5.95857
5.48734,0.0123322,0.00687418,5.91354
5.50669,0.0120255,0.00729747,5.93187
5.4689,0.0139019,0.00619865,5.89489
5.50848,0.0123415,0.00810085,5.93478
5.45785,0.0160755,0.00244076,5.88201
5.44221,0.0122954,0.00798978,5.86791
5.4217,0.0124834,0.00678566,5.84605
5.44061,0.0135484,0.00716835,5.8664
5.46358,0.0157983,0.00316344,5.8888
5.43904,0.0119133,0.00802968,5.86402
5.52755,0.0123371,0.00800835,5.9529
5.43823,0.0120815,0.0063778,5.86533
8 tasks per node
1 threads per task
6.71908,0.00432827,0.00923776,7.1208
5.52572,0.00435644,0.00891256,5.9281
5.46852,0.00423592,0.00942714,5.87004
5.43967,0.00434427,0.00969807,5.84164
5.47902,0.00414967,0.00935381,5.88009
5.4465,0.00441664,0.0101597,5.84854
5.51915,0.00438215,0.00987568,5.92242
5.45718,0.00460577,0.010276,5.85907
5.45757,0.00433366,0.00910952,5.85908
5.51789,0.00435585,0.00894564,5.91941
5.46768,0.00435935,0.00960441,5.86991
5.4859,0.00431928,0.00967734,5.88824
5.47978,0.00457485,0.00934695,5.8809
5.46681,0.00432407,0.0100676,5.86895
5.46967,0.00460379,0.00892222,5.87071
5.44997,0.00464068,0.0094278,5.85227
5.44994,0.00426865,0.010386,5.85288
5.43161,0.00432992,0.00897122,5.83253
5.50808,0.00423713,0.00920824,5.9093
5.47728,0.00428323,0.00986194,5.87887
5.58098,0.00465157,0.0109937,5.98457
2 threads per task
5.51118,0.00254955,0.00881052,5.91076
5.45209,0.0026963,0.00890014,5.85119
5.42207,0.00239643,0.00906226,5.82166
5.43753,0.00257565,0.00906574,5.83647
5.61979,0.00238011,0.00952582,6.02014
5.61972,0.00409169,0.00802107,6.01941
5.48113,0.00255544,0.00999,5.88217
5.49535,0.00218435,0.0101494,5.89499
5.4834,0.00235567,0.00908937,5.88297
5.4886,0.00257808,0.00923391,5.8882
5.47649,0.00238397,0.00885829,5.87552
5.45911,0.00432278,0.00716627,5.85804
5.44939,0.00224958,0.00964452,5.84905
5.46138,0.00239686,0.0101657,5.8618
5.44765,0.00262307,0.00849194,5.84706
5.43881,0.002409,0.00881905,5.83798
5.50718,0.00239032,0.00887825,5.90697
5.45526,0.002381,0.00895014,5.85359
5.43524,0.00239129,0.00920781,5.83493
5.60716,0.00302819,0.00852277,6.00687
5.46322,0.00262995,0.00876934,5.86231
3 threads per task
5.46491,0.00514496,0.00631095,5.8647
5.4654,0.00181212,0.00944825,5.86453
5.60345,0.00486932,0.0102597,6.00674
5.51832,0.00481799,0.00671749,5.91767
5.44025,0.00720197,0.00381813,5.83936
5.46235,0.00165077,0.00928427,5.86119
5.54095,0.00324859,0.00822405,5.94126
5.50688,0.00329789,0.0150488,5.91326
5.47733,0.00648474,0.00442045,5.876
5.49479,0.00582818,0.00608775,5.89451
5.47659,0.00652137,0.00383974,5.87511
5.67159,0.00187983,0.00904998,6.07094
5.49777,0.00353471,0.00919291,5.89836
5.45963,0.00490984,0.00886664,5.86202
5.44609,0.00189177,0.0104625,5.84653
5.4757,0.00708495,0.00458812,5.87536
5.58765,0.00474637,0.00660699,5.98652
5.45759,0.00586741,0.00611838,5.85783
5.50365,0.00496362,0.017419,5.91392
5.49682,0.00510089,0.00623479,5.89617
5.43907,0.00627603,0.00508902,5.83783
4 threads per task
5.45859,0.00464755,0.00723107,5.85815
5.55811,0.00583451,0.00571129,5.95732
5.65082,0.00640784,0.00701308,6.05262
5.51254,0.00583042,0.00755239,5.91375
5.45465,0.00625187,0.00561617,5.85443
5.43989,0.00557858,0.00575156,5.83946
5.44011,0.00587962,0.00526699,5.83968
6.02169,0.00559384,0.00924117,6.42422
5.49368,0.00559858,0.00599185,5.89365
5.45428,0.00719304,0.00469441,5.85409
5.43684,0.00559631,0.00629691,5.83682
5.4832,0.00566755,0.00708583,5.88461
5.44762,0.00553699,0.00636044,5.84809
5.43056,0.00554924,0.00908407,5.83292
5.48321,0.00582189,0.00570258,5.8828
5.50561,0.00560189,0.00892193,5.90767
5.47195,0.00586421,0.00600253,5.87203
5.45297,0.00730662,0.00463789,5.8525
5.44335,0.00582003,0.00693937,5.84421
5.42106,0.00559956,0.00553424,5.82052
5.449,0.00562425,0.0079853,5.85145
5 threads per task
5.6237,0.00893383,0.00856765,6.02941
5.45096,0.00943474,0.00753368,5.85608
5.44938,0.00665502,0.00827545,5.85217
5.51742,0.00847936,0.00727685,5.92158
5.46421,0.0128811,0.000552292,5.86575
5.48854,0.0101033,0.00556313,5.89216
5.47709,0.00948654,0.0054147,5.8797
5.47434,0.00845387,0.00865753,5.87881
5.66781,0.0103543,0.00434436,6.07062
5.45337,0.00513692,0.0116636,5.85828
5.47036,0.0109825,0.00583994,5.87553
5.42904,0.0084692,0.00685061,5.8329
5.58312,0.00945812,0.00505506,5.98555
5.45844,0.00920068,0.00694323,5.863
5.42644,0.00670044,0.00853634,5.82923
5.51285,0.0130626,0.00154475,5.91538
5.49116,0.00944041,0.00425854,5.89338
5.44718,0.00995269,0.00475292,5.85022
5.46527,0.00699946,0.00663121,5.86691
5.50014,0.0092255,0.00658804,5.90472
5.45273,0.00701477,0.00628234,5.85344
6 threads per task
5.50034,0.00995187,0.00621222,5.90387
5.45894,0.0106792,0.0086603,5.866
5.43951,0.00881932,0.00892679,5.84532
5.45461,0.0125437,0.00731443,5.86304
5.44348,0.00882912,0.00565693,5.84602
5.45127,0.0090085,0.00894645,5.85742
5.46296,0.0107437,0.00801168,5.86993
5.43342,0.00909066,0.00539691,5.83507
5.46519,0.00883389,0.00840319,5.87088
5.45852,0.00882369,0.00713201,5.8626
5.47016,0.00885453,0.0116112,5.87856
5.43783,0.00904306,0.00595631,5.84068
5.44412,0.00881315,0.00850281,5.84911
5.49022,0.00913384,0.0122558,5.89879
5.44298,0.00885452,0.00567953,5.84576
5.52554,0.0090574,0.0088655,5.9314
5.47387,0.00898284,0.0057731,5.87628
5.45907,0.0113817,0.00551014,5.8639
5.47551,0.00886388,0.00862771,5.88109
5.47325,0.00902925,0.00619321,5.87806
5.43665,0.0223853,0.000522736,5.85907
7 threads per task
5.42058,0.0143506,0.010999,5.83379
5.4537,0.0100727,0.00834331,5.85972
5.47464,0.0100661,0.0098796,5.88352
5.51977,0.0123476,0.00605651,5.92698
5.4279,0.0108872,0.00591731,5.83293
5.44431,0.0111612,0.0134224,5.85623
5.49748,0.0142585,0.00589634,5.90594
5.45288,0.0119593,0.00568538,5.85845
5.4788,0.0176112,0.00132064,5.88552
5.44831,0.0113129,0.00690681,5.85461
5.41813,0.01435,0.0084127,5.82834
5.47925,0.0124725,0.0059345,5.88662
5.46437,0.0142145,0.00981845,5.87644
5.44481,0.0115718,0.0111009,5.85759
5.47574,0.00970731,0.00903365,5.88251
5.44776,0.0115042,0.0113197,5.85837
5.47801,0.00973313,0.0131428,5.88902
5.47503,0.0183372,0.000578319,5.88154
5.45587,0.00793477,0.0120779,5.86394
5.43008,0.0166183,0.00136863,5.83618
5.46433,0.0137496,0.0023144,5.86845
8 threads per task
5.48394,0.010317,0.0143239,5.89713
5.47144,0.0180566,0.000559368,5.87777
5.49032,0.0123067,0.00661307,5.89746
5.46225,0.01015,0.0138694,5.87457
5.43287,0.0139713,0.00908616,5.84418
5.43626,0.0127828,0.00767318,5.84545
5.77648,0.0156978,0.00351721,6.18402
5.45282,0.0121054,0.00836729,5.86166
5.46004,0.0180044,0.00290888,5.86845
5.44081,0.0130184,0.00952036,5.85175
5.43063,0.0120888,0.00791895,5.83831
5.46376,0.0120166,0.00899208,5.8746
5.43972,0.0140512,0.00286316,5.84536
5.50037,0.0123176,0.00768681,5.90842
5.45319,0.016074,0.00559086,5.86276
5.44166,0.012074,0.00814429,5.85004
5.44116,0.0128382,0.00940681,5.85162
5.44518,0.012319,0.00685258,5.85298
5.49599,0.0120461,0.00730889,5.90389
5.45732,0.0131373,0.00631853,5.86429
5.45778,0.0121127,0.00801265,5.86624
9 tasks per node
1 threads per task
9.03335,0.00452742,0.002931,9.10092
5.68,0.00452212,0.00289713,5.74763
5.61383,0.00451154,0.00292382,5.68162
5.61445,0.0044587,0.00294216,5.68336
5.61908,0.00452897,0.00284593,5.68698
5.60075,0.00456417,0.00371351,5.66965
5.64017,0.00448072,0.00295169,5.70829
5.63453,0.00447316,0.00298664,5.70263
5.6619,0.00448118,0.00296643,5.72933
5.94805,0.00476479,0.00264755,6.01568
5.6368,0.00455004,0.00290651,5.70489
5.63148,0.004544,0.00288441,5.69985
5.58157,0.00450853,0.00291094,5.64986
5.65767,0.00478865,0.00263905,5.72551
5.61366,0.00449125,0.0027194,5.68099
5.77181,0.00427449,0.00315727,5.83982
5.64427,0.00454715,0.00286793,5.71271
5.63489,0.00456332,0.00293419,5.70305
5.61194,0.00454422,0.00310651,5.67937
5.61429,0.0047383,0.00271418,5.68201
5.65401,0.00429892,0.00317284,5.72172
2 threads per task
5.59371,0.00272754,0.00557968,5.66289
5.60125,0.00444375,0.000927657,5.66684
5.61716,0.00270241,0.00552806,5.68547
5.77976,0.00256326,0.00223842,5.84495
5.5819,0.00251114,0.00448124,5.64967
5.60488,0.00406416,0.0141944,5.68374
5.57662,0.00275277,0.00293036,5.6428
5.61048,0.0171199,0.000532862,5.69624
5.629,0.00245235,0.00631277,5.69803
5.69411,0.0026306,0.00315645,5.76014
5.58851,0.00266122,0.00287339,5.65469
5.61462,0.00251503,0.00506407,5.68299
5.63521,0.00775156,0.000537196,5.7036
5.62961,0.00275725,0.0038353,5.69705
5.66421,0.00262606,0.00539836,5.73207
5.61187,0.00772844,0.000534784,5.68061
5.5766,0.00278103,0.00302726,5.64353
5.61018,0.00243522,0.00339208,5.67613
5.66635,0.00251352,0.0049084,5.73523
5.63557,0.00237276,0.00235545,5.70019
5.59253,0.00301989,0.00269072,5.65812
3 threads per task
5.62309,0.00659103,0.00179366,5.69198
5.65462,0.00491159,0.0105887,5.73072
5.60961,0.00488282,0.00510893,5.68033
5.613,0.00493427,0.00432505,5.6829
5.67199,0.00497734,0.00342093,5.74122
5.68262,0.00641498,0.00162753,5.75451
5.62279,0.00866861,0.0016429,5.69384
5.62967,0.00664655,0.00560374,5.70227
5.59295,0.00670648,0.00125871,5.66178
5.61791,0.00794439,0.0041281,5.69121
5.64737,0.00625827,0.0039513,5.71825
5.68321,0.00801717,0.000536643,5.75187
5.61308,0.00964871,0.000541802,5.68355
5.68886,0.00481236,0.00489162,5.759
5.61388,0.00869905,0.000544498,5.68388
5.61375,0.00494641,0.00345975,5.68243
5.61151,0.00662563,0.00132106,5.68042
5.64547,0.00653562,0.00187928,5.71486
5.61162,0.00657962,0.0043502,5.68321
5.59084,0.00621143,0.00440674,5.66183
5.57301,0.00338745,0.00506205,5.64183
4 threads per task
5.59793,0.00977358,0.0019915,5.67223
5.67792,0.00625659,0.00428736,5.74905
5.59772,0.0123213,0.000539524,5.67129
5.61572,0.00936059,0.00453047,5.68987
5.67006,0.00887464,0.00197458,5.74186
5.65562,0.0101892,0.00207465,5.72815
5.59832,0.0123767,0.00074908,5.672
5.65445,0.00983592,0.00242198,5.72772
5.58968,0.0101486,0.00214864,5.66197
5.62645,0.0100259,0.00224042,5.69911
5.62459,0.021177,0.00052904,5.70659
5.5899,0.00977525,0.00251263,5.66241
5.62497,0.00785328,0.0150209,5.80618
5.62892,0.00877649,0.00487613,5.70237
5.77743,0.00744781,0.00474215,5.85004
5.6222,0.00993026,0.00283008,5.69478
5.61577,0.0127005,0.000540376,5.68984
6.6835,0.00552239,0.00593784,6.75522
5.6824,0.00984727,0.00234017,5.75494
5.71407,0.00990681,0.00176353,5.78633
5.79118,0.00990658,0.000536054,5.86211
5 threads per task
5.61761,0.011016,0.00330833,5.69263
5.62019,0.0109323,0.00595015,5.69777
5.62201,0.0183187,0.000508018,5.70113
5.64288,0.00930153,0.00414839,5.71893
5.63273,0.0116018,0.00496034,5.71007
5.78226,0.00927506,0.0017767,5.85418
5.63048,0.0231877,0.000520263,5.72638
5.61214,0.00934281,0.00332957,5.68545
5.61551,0.00933067,0.00810938,5.69365
5.64029,0.00939945,0.0010298,5.71152
5.612,0.0118994,0.000816064,5.68523
5.6134,0.00679751,0.00932084,5.69027
5.61452,0.011197,0.00135059,5.68753
5.60399,0.0125916,0.00206535,5.67912
5.81178,0.0232182,0.00177193,5.897
5.62272,0.0134161,0.000536714,5.69826
5.62566,0.0110856,0.00454602,5.70124
5.74805,0.0117031,0.00205138,5.82324
5.62467,0.00993128,0.00141044,5.69825
5.64052,0.0148495,0.000535689,5.71641
5.6102,0.0144223,0.000526519,5.68555
6 threads per task
5.6359,0.0111955,0.0108099,5.72046
5.67012,0.0130757,0.00764472,5.75282
5.76924,0.0127801,0.00675031,5.84986
5.64238,0.0159154,0.00604122,5.72523
5.64567,0.0165282,0.000525964,5.72349
5.62346,0.0129703,0.00202749,5.69934
5.65036,0.0153679,0.000516688,5.72659
5.59908,0.00713442,0.0121033,5.67883
5.61107,0.0131149,0.00682909,5.69243
5.63073,0.0125367,0.00595379,5.70948
5.64339,0.0120465,0.00526123,5.72336
5.61991,0.011821,0.01062,5.70262
5.62882,0.0189533,0.000524286,5.70923
5.68967,0.0127044,0.00554224,5.76937
5.60021,0.0126649,0.00503535,5.6803
5.59607,0.0120768,0.00600585,5.67547
5.64175,0.0133904,0.012348,5.72928
5.63431,0.0128837,0.00213343,5.71145
5.65079,0.0211538,0.000549316,5.73327
5.72926,0.0128025,0.00218264,5.80457
5.5943,0.0131119,0.00275223,5.67038
7 threads per task
5.63678,0.0200287,0.000540022,5.719
5.59147,0.0176478,0.00297211,5.67348
5.6205,0.0144954,0.00888377,5.70432
5.60889,0.0161453,0.00118395,5.688
5.60747,0.0150084,0.00848301,5.69199
5.57541,0.0124481,0.0132713,5.66149
5.66178,0.0125031,0.00514875,5.74162
5.8158,0.0240218,0.000538943,5.90128
5.62384,0.016124,0.00227315,5.70242
5.58919,0.0166069,0.000865703,5.66907
5.62068,0.020691,0.0005357,5.70201
5.69112,0.0190141,0.00829861,5.77866
5.61151,0.0167765,0.00086689,5.69189
5.77544,0.0115931,0.0080437,5.85587
5.59336,0.0124599,0.00771693,5.67353
5.57968,0.0155728,0.00281595,5.66
5.59859,0.018511,0.00209032,5.68383
5.64311,0.0166799,0.000541946,5.72078
5.68647,0.0178198,0.00284569,5.76956
5.69571,0.0157243,0.00679711,5.78231
5.80126,0.0127307,0.00502759,5.8796
8 threads per task
5.63511,0.0158828,0.00445756,5.71769
5.59739,0.0216058,0.000551216,5.67977
5.64762,0.0251244,0.000544654,5.73395
5.59674,0.0174919,0.00507172,5.68029
5.59917,0.0177491,0.10521,5.78238
5.60404,0.016264,0.00825728,5.68951
5.58841,0.0198699,0.00211238,5.67249
5.622,0.01752,0.00122389,5.70279
5.68154,0.0215679,0.00279653,5.76622
5.59739,0.0161267,0.00397048,5.67838
5.62826,0.0157604,0.00992402,5.71453
5.60968,0.0175702,0.00054336,5.6886
5.62473,0.0182337,0.00167697,5.70529
5.61982,0.0182201,0.00793935,5.70587
5.65566,0.0183208,0.00460958,5.74047
5.59871,0.0136607,0.0126545,5.68772
5.61769,0.0186063,0.00217521,5.69957
5.6015,0.0157372,0.00727127,5.69526
5.5879,0.0156827,0.00914435,5.67271
5.63484,0.0174304,0.00624554,5.71952
5.61381,0.0196302,0.00481588,5.69844
task end