Bash version 4.2.46(1)-release...
1 tasks per node
1 threads per task
3.81769,0.0249689,4.5337
2.37073,0.0257101,3.08803
2.37444,0.0256432,3.09104
2.32654,0.0256959,3.04277
2.41871,0.0256662,3.13653
2.32414,0.0256689,3.03894
2.32461,0.0257041,3.04273
2.37596,0.0258249,3.09135
2.38582,0.0255472,3.10235
2.42771,0.025907,3.14323
2.37161,0.0257077,3.0908
2.31187,0.025664,3.02868
2.41005,0.025636,3.12646
2.32262,0.0256838,3.04181
2.37378,0.02596,3.08992
2.404,0.0258221,3.12034
2.4047,0.0256413,3.1227
2.37692,0.025394,3.09241
2.33063,0.0256407,3.04659
2.37893,0.0256258,3.09528
2.38216,0.0257701,3.09924
2.36865,0.0257178,3.08431
2.423,0.0257081,3.13909
2.32118,0.0256162,3.03875
2.39023,0.0256739,3.10536
2.38395,0.0257088,3.09965
2.35879,0.025924,3.07565
2.36714,0.0261511,3.08406
3.21734,0.0256058,3.93367
2.37105,0.025341,3.08598
2.41317,0.0256299,3.12903
2.65319,0.0255942,3.36883
2.39324,0.0255901,3.11033
2.33525,0.0259008,3.05333
2.43745,0.0266459,3.15496
2.33652,0.0256062,3.05319
2.33332,0.0257359,3.05232
2.32734,0.0257529,3.04404
2.36515,0.0256542,3.08164
2.33082,0.025692,3.04841
2.37187,0.0256829,3.08876
2.37587,0.025927,3.09303
2.33865,0.0257191,3.05661
2.36846,0.025749,3.08503
2.32998,0.0256798,3.04736
2.34522,0.025681,3.06526
2.3681,0.0255889,3.08381
2.31365,0.0256687,3.03015
2.60395,0.0255811,3.31867
2.32237,0.025028,3.03848
2.38011,0.0256974,3.09695
2 threads per task
2.32211,0.0148063,3.02883
2.40154,0.0144633,3.10589
2.38149,0.0142121,3.08555
2.38028,0.0145079,3.08474
2.42829,0.0145141,3.13205
2.35682,0.0144961,3.06463
2.34337,0.0142142,3.04737
2.39873,0.014495,3.10333
2.3607,0.014495,3.06607
2.32657,0.0145102,3.03097
2.38843,0.0145312,3.0939
2.38668,0.014458,3.09118
2.37318,0.0145072,3.07732
2.31882,0.0144555,3.0226
2.46561,0.0145763,3.17111
2.41455,0.0144515,3.11965
2.39942,0.0145465,3.10424
2.38817,0.0144744,3.09496
2.32585,0.0144851,3.03583
2.40066,0.0144462,3.10637
2.38347,0.0147509,3.08891
2.36758,0.014476,3.07274
2.43463,0.0145052,3.14121
2.40661,0.0144441,3.11319
2.39997,0.0141229,3.10387
2.38235,0.0145361,3.08717
2.40846,0.0145099,3.11413
2.40054,0.0145081,3.10542
2.31406,0.0145449,3.01846
2.3413,0.014519,3.04707
2.38271,0.014492,3.08875
2.36856,0.0145529,3.07286
2.36781,0.0147876,3.07272
2.42217,0.0145711,3.12851
2.3234,0.0146361,3.03014
2.39592,0.0145041,3.10094
2.56635,0.0144779,3.27042
2.33065,0.0145458,3.03572
2.37129,0.0146351,3.07534
2.39424,0.0145333,3.10083
2.44347,0.0144885,3.1486
2.38069,0.0144959,3.08579
2.40574,0.0145313,3.10992
2.37257,0.0144964,3.07953
2.42362,0.014489,3.12889
2.32064,0.014543,3.02609
2.34206,0.0147401,3.04699
2.32439,0.014502,3.0319
2.34873,0.0143983,3.05521
2.39926,0.0144859,3.1043
2.32732,0.0145461,3.03351
3 threads per task
2.38184,0.0103572,3.08264
2.397,0.01037,3.09951
2.38635,0.0106594,3.08683
2.34656,0.0101303,3.04617
2.33301,0.0106262,3.03428
2.32454,0.0103685,3.02652
2.37208,0.0105334,3.07498
2.30566,0.0104512,3.0071
2.32657,0.0104402,3.02838
2.342,0.0101571,3.0441
2.37931,0.010396,3.08148
2.33299,0.0103584,3.03424
2.37398,0.0103623,3.07691
2.41163,0.0104092,3.11374
2.38006,0.0104352,3.08199
2.32734,0.0105106,3.02828
2.36973,0.0103983,3.07089
2.32532,0.0103686,3.02528
2.44571,0.0103892,3.14677
2.37253,0.0103631,3.07477
2.38767,0.0105234,3.09028
2.38536,0.0104333,3.08719
2.42675,0.0103611,3.12762
2.33051,0.0104031,3.03164
2.41728,0.0103631,3.11734
2.33109,0.0105622,3.03228
2.32429,0.0104021,3.0248
2.32579,0.0104063,3.02655
2.37252,0.0103612,3.07402
2.32862,0.010402,3.02903
2.42467,0.0103924,3.12395
2.32393,0.0103319,3.02441
2.37102,0.0104022,3.07373
2.32469,0.0106184,3.02495
2.43736,0.0104152,3.13981
2.32572,0.0101471,3.02661
2.33906,0.0103712,3.03943
2.42005,0.0104385,3.12055
2.40198,0.010367,3.10332
2.40165,0.0103951,3.10545
2.38994,0.0104082,3.09236
2.38912,0.0104062,3.09089
2.41404,0.0103971,3.11591
2.36687,0.0104292,3.06883
2.36867,0.0103995,3.06973
2.37015,0.0103933,3.07223
2.38495,0.0103693,3.08744
2.38407,0.010402,3.085
2.32858,0.0103912,3.02904
2.46578,0.0106693,3.16941
2.40074,0.0102192,3.1019
4 threads per task
2.31634,0.0082045,3.0154
2.39985,0.00819949,3.10064
2.39667,0.00821333,3.09584
2.39796,0.00826933,3.09555
2.37813,0.00822538,3.07711
2.40407,0.00827039,3.10306
2.37644,0.00826765,3.07595
2.34277,0.008249,3.04132
2.39649,0.00807236,3.0952
2.32484,0.00826427,3.02507
2.36888,0.00823804,3.06912
2.41604,0.00822735,3.11474
2.40963,0.00823325,3.10857
2.41743,0.00823455,3.1165
2.3281,0.0082333,3.02648
2.33685,0.00826835,3.0342
2.40099,0.00823131,3.10208
2.40055,0.00823422,3.10002
2.37071,0.00824013,3.07048
2.42138,0.0082754,3.1209
2.4048,0.00823037,3.10586
2.40588,0.008381,3.10529
2.40888,0.00852709,3.10836
2.31786,0.00820847,3.01847
2.32272,0.00823326,3.02178
2.39693,0.00823061,3.09634
2.33108,0.00806338,3.02959
2.36854,0.00835117,3.06806
2.36868,0.00828423,3.0663
2.3208,0.00825226,3.01999
2.37135,0.00826714,3.07064
2.3185,0.00826344,3.01831
2.39522,0.00827258,3.09415
2.36201,0.00832831,3.05998
2.42357,0.0082734,3.12141
2.33333,0.00820533,3.03099
2.37177,0.00823288,3.07144
2.33103,0.00855178,3.0319
2.40338,0.00823046,3.10255
2.42456,0.00823593,3.1231
2.40293,0.00823849,3.10137
2.43031,0.00823636,3.12842
2.40259,0.00826839,3.10096
2.43563,0.00824634,3.13297
2.45357,0.00827148,3.15229
2.3277,0.00838149,3.02662
2.33172,0.00827853,3.03073
2.34724,0.00828121,3.04754
2.32334,0.00826319,3.02161
2.35423,0.00819928,3.05302
2.37237,0.00823553,3.0728
5 threads per task
2.37225,0.00682324,3.07268
2.40329,0.00688447,3.10337
2.35162,0.0071112,3.04924
2.40576,0.00685142,3.10291
2.39974,0.00684612,3.09999
2.3361,0.00680408,3.03449
2.34348,0.00712721,3.0422
2.31587,0.00710932,3.01501
2.33602,0.0070992,3.03318
2.38503,0.00681647,3.08413
2.30898,0.00685129,3.00858
2.40939,0.00684418,3.10733
2.32538,0.00708025,3.02374
2.38976,0.00709023,3.08726
2.42578,0.00713764,3.12348
2.33635,0.00684084,3.03384
2.44675,0.00685091,3.14593
2.41897,0.00683917,3.11826
2.41257,0.00684839,3.11025
2.37117,0.00685219,3.06909
2.40609,0.00684918,3.10527
2.38096,0.00708729,3.08041
2.34624,0.00685332,3.04375
2.40517,0.00681614,3.1035
2.32238,0.00685727,3.01966
2.3671,0.00685118,3.06405
2.38663,0.00747337,3.08357
2.36332,0.00685021,3.05975
2.32612,0.00685015,3.02278
2.42377,0.00687521,3.12184
2.37696,0.00684753,3.07569
2.36631,0.00691555,3.06493
2.32187,0.00683613,3.02063
2.45251,0.00681664,3.15143
2.42554,0.006863,3.12233
2.32155,0.00681461,3.01878
2.36453,0.00709239,3.06218
2.42453,0.00689174,3.12325
2.32636,0.00684637,3.02468
2.38385,0.00680929,3.08273
2.37246,0.00683292,3.07268
2.32016,0.00683053,3.0199
2.34201,0.00681829,3.03919
2.41112,0.00712339,3.10852
2.39678,0.00709616,3.09586
2.37201,0.00685012,3.06798
2.37549,0.00685859,3.07367
2.34079,0.00681016,3.03849
2.42747,0.00710421,3.12623
2.33228,0.0068491,3.03004
2.40332,0.00711035,3.10029
6 threads per task
2.378,0.00584477,3.07419
2.37516,0.00583076,3.07413
2.4024,0.00585226,3.09834
2.38797,0.00585543,3.08718
2.32238,0.0058571,3.01835
2.33072,0.00583948,3.02717
2.32877,0.00583445,3.0265
2.4197,0.00583423,3.11549
2.39453,0.00615259,3.09339
2.31579,0.00581016,3.01151
2.40233,0.00596223,3.09882
2.41073,0.00585813,3.10822
2.61029,0.0058464,3.30656
2.38963,0.00598144,3.08674
2.38924,0.00601227,3.08588
2.43052,0.00583714,3.12628
2.33971,0.00584239,3.03695
2.35541,0.00581121,3.0516
2.38182,0.00585175,3.07751
2.35585,0.00577922,3.05623
2.40575,0.0058092,3.10138
2.37673,0.00597362,3.07205
2.42142,0.00577632,3.11961
2.34439,0.00584618,3.04049
2.4245,0.0059496,3.11939
2.36844,0.00583037,3.06888
2.33837,0.00581648,3.03496
2.34219,0.00585216,3.03854
2.33641,0.00581614,3.03478
2.33236,0.00580955,3.02811
2.41795,0.00583633,3.11597
2.3898,0.00585213,3.08559
2.37549,0.00579519,3.07074
2.38084,0.00581617,3.07812
2.37226,0.00583536,3.07189
2.32983,0.00598143,3.02568
2.36493,0.0058522,3.06222
2.3834,0.00585639,3.07923
2.36471,0.00581958,3.06332
2.40753,0.00576844,3.10356
2.39633,0.0061302,3.09217
2.32302,0.00585119,3.01961
2.38569,0.00598131,3.0827
2.41265,0.00592823,3.10981
2.41445,0.00581663,3.10934
2.4149,0.00584928,3.11139
2.43013,0.00613997,3.12614
2.40251,0.00581937,3.09963
2.34301,0.00609535,3.04102
2.37512,0.00594644,3.07148
2.43658,0.0059413,3.13338
7 threads per task
2.40753,0.00499437,3.10546
2.35047,0.00501633,3.04751
2.31941,0.00502016,3.01723
2.32016,0.00499612,3.01596
2.34846,0.0049964,3.04354
2.31891,0.00501432,3.01404
2.37191,0.00499732,3.06665
2.33779,0.00499347,3.03139
2.33471,0.00499714,3.02979
2.33256,0.00508169,3.02807
2.32637,0.00503469,3.02143
2.64632,0.00500138,3.34202
2.41661,0.00507674,3.11228
2.36548,0.00503117,3.06192
2.3106,0.0050303,3.00561
2.3735,0.00501793,3.06963
2.3158,0.00499324,3.01086
2.37143,0.0050152,3.06943
2.37323,0.00499326,3.06911
2.31671,0.00501428,3.01361
2.53117,0.00498733,3.22676
2.39638,0.00499035,3.09386
2.40321,0.00527317,3.10051
2.31808,0.00506233,3.01595
2.353,0.00508534,3.04734
2.41411,0.00515231,3.11179
2.40422,0.00501346,3.10037
2.36867,0.00528249,3.06292
2.36059,0.00510547,3.05686
2.4293,0.00526211,3.12461
2.37202,0.00498954,3.06602
2.38669,0.00501632,3.08268
2.33699,0.00498586,3.03475
2.31995,0.00499313,3.01499
2.32436,0.00527127,3.01955
2.33058,0.0050263,3.02653
2.37245,0.00501045,3.0685
2.32204,0.00499522,3.0167
2.37649,0.00499727,3.07147
2.33709,0.00500139,3.0328
2.39028,0.00499732,3.08513
2.34438,0.00504,3.04053
2.32046,0.00502825,3.01825
2.39263,0.0050123,3.08916
2.39388,0.00502912,3.0903
2.37056,0.00502873,3.0652
2.3386,0.00501539,3.03686
2.43036,0.00505125,3.12559
2.37104,0.0049871,3.06607
2.32363,0.0049911,3.02082
2.40166,0.00500527,3.09666
8 threads per task
2.40126,0.00439366,3.09781
2.31969,0.00439335,3.01636
2.40263,0.00439802,3.09741
2.38497,0.00446034,3.07891
2.406,0.00439004,3.10287
2.36743,0.0044563,3.0632
2.32591,0.00438923,3.0211
2.33357,0.00439805,3.02867
2.35279,0.00470432,3.04983
2.36829,0.0043984,3.06233
2.3747,0.00439517,3.06963
2.4322,0.00439337,3.1274
2.39729,0.00468637,3.09373
2.40065,0.00440132,3.09473
2.35346,0.00436608,3.05001
2.37403,0.00454241,3.0702
2.38555,0.00440398,3.08032
2.34775,0.00438814,3.04312
2.33102,0.00437045,3.02646
2.4026,0.00439808,3.09836
2.32538,0.00438713,3.02054
2.38594,0.00440818,3.08171
2.3293,0.00449548,3.02451
2.34664,0.00441325,3.04076
2.37865,0.00439646,3.07379
2.38577,0.00439819,3.07951
2.31695,0.00464558,3.01456
2.34178,0.00438648,3.03872
2.36826,0.0043982,3.06319
2.36062,0.00439715,3.05437
2.39356,0.00466946,3.08837
2.3957,0.00465851,3.09383
2.4144,0.00440126,3.10967
2.31817,0.00440983,3.0133
2.37137,0.00439419,3.06603
2.33856,0.00440043,3.03349
2.33205,0.00439527,3.02639
2.42508,0.00439615,3.11982
2.41755,0.00471246,3.11359
2.40336,0.00446265,3.09885
2.48438,0.00439235,3.18151
2.31923,0.00439523,3.01477
2.32067,0.00439841,3.01612
2.37662,0.00450134,3.0725
2.41156,0.00440407,3.10566
2.33456,0.00439132,3.03123
2.32192,0.00439039,3.01782
2.39972,0.00438918,3.09421
2.37253,0.0044083,3.06792
2.46419,0.00467935,3.15915
2.39157,0.00443368,3.08733
2 tasks per node
1 threads per task
2.31573,0.0258518,2.8374
2.36194,0.0255172,2.88428
2.2975,0.025668,2.82026
2.36509,0.0255609,2.88804
2.36423,0.0255367,2.88712
2.32181,0.0257057,2.8435
2.29937,0.0255299,2.82173
2.35188,0.025865,2.87358
2.35731,0.0263657,2.88245
2.31299,0.0255945,2.83457
2.30725,0.0249517,2.82904
2.3447,0.0256614,2.86705
2.30006,0.0258487,2.82413
2.35986,0.025793,2.88189
2.34887,0.0252712,2.87003
2.35498,0.0265078,2.87795
2.39446,0.0258482,2.91676
2.33328,0.0255474,2.85652
2.36675,0.0258762,2.89104
2.36511,0.0255289,2.88865
2.37596,0.0255619,2.90105
2.34776,0.025646,2.87023
2.38041,0.0255297,2.90197
2.34301,0.0255881,2.86549
2.3581,0.0258004,2.87875
2.4199,0.0258379,2.94118
2.34451,0.0252448,2.86875
2.37196,0.0252699,2.89436
2.29274,0.0257947,2.81418
2.34266,0.0256746,2.86224
2.3055,0.0259155,2.82682
2.31251,0.0258731,2.83495
2.41723,0.0255681,2.93745
2.39887,0.0258139,2.92075
2.35303,0.0256556,2.87429
2.34766,0.0251494,2.86659
2.38163,0.0257055,2.90272
2.34429,0.0256079,2.86747
2.35399,0.025595,2.87551
2.39606,0.0258336,2.92015
2.39137,0.0256467,2.91195
2.38897,0.0252344,2.91084
2.30781,0.0253372,2.82891
2.36801,0.025235,2.88917
2.32148,0.0250683,2.84289
2.34362,0.0258282,2.86512
2.36326,0.0258377,2.8833
2.29585,0.0255297,2.81734
2.29794,0.0257135,2.81777
2.32195,0.0255393,2.84512
2.34743,0.0257814,2.8695
2 threads per task
2.35041,0.0145456,2.86089
2.3485,0.0144143,2.85977
2.33295,0.0147015,2.84323
2.38555,0.0144165,2.89609
2.30422,0.0146616,2.81497
2.30131,0.0143913,2.81395
2.32229,0.0141755,2.83222
2.35795,0.0146908,2.86912
2.39308,0.0144132,2.90414
2.30648,0.0144198,2.81808
2.34219,0.0144531,2.85325
2.29425,0.0146662,2.80676
2.39832,0.0146327,2.9094
2.44115,0.0142011,2.95109
2.40684,0.0141897,2.9155
2.36867,0.0144099,2.87762
2.3503,0.0143912,2.86101
2.32126,0.0144662,2.83254
2.32923,0.0144104,2.83955
2.30656,0.0146885,2.81941
2.37949,0.0144396,2.89133
2.37657,0.0145149,2.88531
2.36301,0.0146941,2.87424
2.34878,0.0144141,2.8599
2.34334,0.0145098,2.85469
2.31797,0.0144182,2.82782
2.34413,0.0145356,2.85522
2.34714,0.0146887,2.85849
2.35293,0.0144711,2.86419
2.32331,0.0146649,2.83615
2.36763,0.014412,2.87945
2.36828,0.0146297,2.88011
2.36839,0.014561,2.87935
2.38373,0.014427,2.89433
2.35672,0.0144835,2.86686
2.30549,0.0144604,2.81541
2.30031,0.0142014,2.81075
2.3281,0.0144155,2.84
2.36568,0.0147011,2.87522
2.3452,0.0147538,2.85692
2.39001,0.014486,2.90026
2.40022,0.0143735,2.91158
2.34992,0.0141462,2.85938
2.38115,0.0144971,2.89237
2.37304,0.0144474,2.88434
2.32147,0.0144339,2.8323
2.30547,0.0144123,2.81606
2.33223,0.0147058,2.8445
2.38901,0.0144591,2.89886
2.39713,0.0146539,2.9103
2.34869,0.0146973,2.86205
3 threads per task
2.44385,0.0105489,2.95065
2.36287,0.0103374,2.86996
2.4199,0.0103031,2.92691
2.34301,0.0103195,2.84883
2.30792,0.0103081,2.81492
2.3574,0.0105774,2.86681
2.35502,0.0103071,2.86199
2.90312,0.0103758,3.41029
2.29306,0.0103337,2.79997
2.29905,0.0104093,2.80575
2.32601,0.010679,2.83369
2.36555,0.0105765,2.87123
2.35586,0.0103026,2.8633
2.30405,0.01056,2.81092
2.30217,0.0103563,2.80912
2.37353,0.0103293,2.88058
2.29906,0.0101628,2.80694
2.37523,0.0105883,2.88206
2.35617,0.0103337,2.86225
2.35703,0.0105765,2.86326
2.38758,0.0103596,2.89227
2.35049,0.0105741,2.85534
2.32606,0.0104261,2.83391
2.35741,0.0104061,2.86343
2.29767,0.0104359,2.80424
2.29984,0.0107702,2.80784
2.29327,0.0105472,2.80025
2.29812,0.0106386,2.80637
2.36744,0.0102721,2.87267
2.42764,0.010339,2.93355
2.47394,0.0102403,2.98063
2.34388,0.0103464,2.84917
2.39572,0.0103136,2.90136
2.3843,0.0103397,2.89117
2.32468,0.0105698,2.83228
2.30374,0.0104874,2.8101
2.30018,0.0103098,2.80617
2.36594,0.010464,2.87281
2.33544,0.0104692,2.84403
2.35939,0.0104681,2.86619
2.40027,0.010331,2.90609
2.30531,0.0104282,2.81308
2.34484,0.0106278,2.85155
2.3588,0.0106023,2.86639
2.33164,0.0105986,2.83976
2.30308,0.0105678,2.81182
2.30981,0.0103712,2.81672
2.35511,0.0103122,2.86136
2.32707,0.010574,2.8327
2.38392,0.0103066,2.89105
2.32438,0.0102932,2.82923
4 threads per task
2.35382,0.00819258,2.85832
2.29878,0.00846536,2.80203
2.30074,0.00819632,2.80495
2.32526,0.00848069,2.82916
2.34484,0.00846699,2.85304
2.35384,0.00849062,2.8581
2.40671,0.00846625,2.91207
2.39524,0.00848434,2.90013
2.36719,0.00824702,2.87165
2.29411,0.00829795,2.79924
2.38238,0.00831505,2.88599
2.3775,0.00845898,2.88064
2.36559,0.00846536,2.86926
2.41149,0.00817899,2.91619
2.39948,0.00845996,2.90462
2.40394,0.00844073,2.9087
2.30144,0.00818726,2.80534
2.35406,0.00831581,2.85925
2.29381,0.00817222,2.79855
2.29478,0.00819579,2.79949
2.38402,0.00845232,2.88995
2.40813,0.00847369,2.91122
2.35862,0.0083178,2.86456
2.3002,0.00818792,2.80491
2.34508,0.0084709,2.85299
2.36726,0.0084548,2.87153
2.37426,0.00847882,2.87888
2.35019,0.0084696,2.85423
2.36139,0.00819811,2.866
2.302,0.00817327,2.80645
2.39499,0.00817833,2.90033
2.30054,0.00819674,2.8047
2.2982,0.00818909,2.80221
2.35269,0.00846076,2.85802
2.31738,0.00842307,2.82259
2.39267,0.00819001,2.8973
2.3413,0.0083082,2.84531
2.36153,0.00817775,2.86611
2.37199,0.00819735,2.87392
2.38471,0.00847422,2.88863
2.3874,0.00818538,2.89171
2.29649,0.00818613,2.80169
2.35757,0.00847439,2.86239
2.35492,0.00847041,2.85852
2.3249,0.00819562,2.83123
2.31916,0.00797017,2.82323
2.29792,0.00848158,2.80154
2.30133,0.00831931,2.80624
2.36338,0.0081966,2.87
2.39827,0.00819958,2.90268
2.29545,0.0082406,2.79776
5 threads per task
2.35157,0.00703423,2.85476
2.36142,0.00682765,2.8643
2.31088,0.00689404,2.81416
2.37457,0.00675443,2.87907
2.37179,0.00675385,2.87603
2.39008,0.00703969,2.89403
2.30807,0.00675113,2.8107
2.31766,0.0070357,2.8214
2.34261,0.00676346,2.84634
2.40296,0.00705017,2.90637
2.44019,0.00675715,2.94653
2.34777,0.00676685,2.8533
2.35578,0.00688428,2.85822
2.31544,0.00675814,2.81954
2.4042,0.00706268,2.90769
2.34771,0.00704226,2.85056
2.37534,0.00674847,2.87803
2.34129,0.00687527,2.84449
2.39134,0.00675909,2.89334
2.36649,0.00676584,2.87064
2.35254,0.00676078,2.85485
2.40096,0.00676458,2.90453
2.38571,0.00704852,2.89059
2.34595,0.00688917,2.84935
2.34956,0.00690504,2.85241
2.36536,0.00702506,2.86913
2.36361,0.00683269,2.86619
2.31389,0.00676306,2.81786
2.36226,0.00674987,2.86467
2.3389,0.00675323,2.84229
2.4071,0.00688786,2.90922
2.2984,0.00689751,2.80002
2.35734,0.00676226,2.86043
2.33589,0.00675655,2.84048
2.43516,0.00676992,2.93604
2.30176,0.00682671,2.80665
2.30303,0.00677831,2.80688
2.34634,0.00675643,2.84914
2.36471,0.00689246,2.868
2.33944,0.00675685,2.84187
2.29798,0.00676034,2.79986
2.36314,0.00675434,2.86638
2.36938,0.00677204,2.8755
2.40422,0.00689141,2.91119
2.29339,0.00702619,2.79808
2.30467,0.00676163,2.80827
2.33018,0.00705137,2.83521
2.41368,0.0067561,2.91669
2.3511,0.00674892,2.85505
2.32114,0.00705438,2.8257
2.34444,0.00676063,2.84556
6 threads per task
2.31299,0.00602655,2.81676
2.36325,0.00603022,2.86471
2.30858,0.00575194,2.81155
2.30563,0.00604366,2.80876
2.29869,0.00576813,2.80044
2.37657,0.00577709,2.87772
2.31625,0.00604512,2.81845
2.29833,0.00603164,2.80162
2.34905,0.00582707,2.85163
2.309,0.00575646,2.81224
2.35516,0.00589722,2.85984
2.39537,0.00575299,2.89739
2.30534,0.00588336,2.8069
2.29964,0.00575402,2.80126
2.36209,0.0060414,2.86569
2.31545,0.00588102,2.8181
2.32698,0.0058583,2.82899
2.33885,0.00604226,2.83936
2.34251,0.00575818,2.84643
2.38627,0.00603716,2.88806
2.43589,0.00604065,2.93781
2.3815,0.00603817,2.88354
2.31768,0.00589282,2.82005
2.41208,0.00577044,2.91406
2.34436,0.00602953,2.84698
2.38509,0.00583644,2.88781
2.35363,0.00575904,2.85448
2.39104,0.00576565,2.89431
2.35169,0.00583216,2.856
2.30761,0.00606966,2.81012
2.31085,0.00575914,2.81359
2.34257,0.00575646,2.84436
2.34765,0.00603151,2.85154
2.32461,0.00577553,2.82761
2.4051,0.00588482,2.90673
2.3407,0.00576286,2.84222
2.32397,0.00574825,2.82532
2.32558,0.00610914,2.8277
2.39647,0.00576374,2.8985
2.31832,0.00602398,2.82222
2.31265,0.00574918,2.81746
2.30659,0.00576352,2.80916
2.39193,0.00577482,2.89363
2.33423,0.00589066,2.83677
2.30516,0.00576637,2.80942
2.34882,0.00575271,2.85141
2.37013,0.00577067,2.87254
2.29245,0.00575318,2.79595
2.33292,0.00604003,2.83482
2.35418,0.00574649,2.85672
2.34179,0.00603949,2.84538
7 threads per task
2.35469,0.00494806,2.85655
2.3631,0.00523151,2.86375
2.50218,0.00495301,3.00325
2.3152,0.00520895,2.81679
2.32629,0.00520745,2.829
2.32472,0.00526384,2.82488
2.35709,0.00524971,2.85904
2.40496,0.00523444,2.907
2.32538,0.00510352,2.82679
2.34829,0.00500453,2.84837
2.37235,0.00495994,2.87298
2.29678,0.00523112,2.7973
2.33425,0.00496185,2.83485
2.2924,0.00493396,2.79432
2.39269,0.0052467,2.89543
2.29175,0.00495619,2.79242
2.38059,0.00496508,2.88234
2.33458,0.00524228,2.83572
2.36526,0.00494322,2.86681
2.36421,0.00525862,2.86597
2.38262,0.00495409,2.88541
2.32816,0.00529709,2.82964
2.3663,0.00524441,2.86733
2.37054,0.00523097,2.87092
2.40789,0.00497087,2.90893
2.30242,0.00521325,2.80341
2.37015,0.00501549,2.87197
2.30349,0.00509015,2.80467
2.35301,0.00496061,2.85357
2.31013,0.00524652,2.81135
2.29943,0.00507506,2.80352
2.35647,0.00507988,2.85814
2.37742,0.00496072,2.87736
2.31726,0.00493249,2.81817
2.34141,0.00524832,2.84216
2.30885,0.00496984,2.80961
2.48569,0.00496009,2.98713
2.3724,0.00495887,2.8753
2.30953,0.00493247,2.80802
2.31905,0.00508745,2.82104
2.40928,0.00525372,2.9107
2.40681,0.00525195,2.90711
2.38447,0.00493031,2.88618
2.34948,0.00495758,2.85205
2.36486,0.00496071,2.86699
2.30168,0.0049492,2.80361
2.37059,0.00494938,2.87178
2.30098,0.00495244,2.80329
2.31637,0.00505971,2.81889
2.30394,0.00512609,2.80582
2.35435,0.0049572,2.85318
8 threads per task
2.38559,0.00435252,2.88521
2.4266,0.00466038,2.92709
2.29264,0.004658,2.79348
2.28916,0.00438104,2.7922
2.40616,0.00465311,2.90649
2.42592,0.00438282,2.92727
2.32134,0.00437124,2.82352
2.35712,0.0043492,2.85901
2.38542,0.0043621,2.88749
2.31064,0.00434924,2.81272
2.30553,0.0043566,2.8058
2.29667,0.0043461,2.79839
2.35027,0.00436679,2.85089
2.37723,0.00435792,2.87807
2.38015,0.00435023,2.88035
2.39652,0.00433478,2.89642
2.35622,0.00434963,2.85674
2.43245,0.00443713,2.93276
2.35794,0.00437061,2.85856
2.29095,0.00461899,2.79358
2.35618,0.00465103,2.85715
2.33926,0.0043494,2.83841
2.29676,0.00438094,2.79789
2.30062,0.00438034,2.80097
2.34644,0.00443009,2.84693
2.38609,0.00462689,2.88787
2.34791,0.00436195,2.84841
2.36039,0.00436417,2.86212
2.33956,0.00462924,2.8422
2.36617,0.00471588,2.86823
2.3571,0.00436093,2.85777
2.34078,0.004626,2.84085
2.30279,0.00464597,2.80447
2.38075,0.00463608,2.88084
2.29598,0.0046474,2.79632
2.32207,0.00461135,2.82327
2.40978,0.00448564,2.91037
2.29639,0.00434857,2.79769
2.29339,0.00434272,2.79469
2.36276,0.00449299,2.86539
2.3401,0.00434454,2.84081
2.32353,0.00463855,2.82285
2.30074,0.00463731,2.80292
2.37054,0.00434828,2.87113
2.3595,0.00464548,2.86303
2.36082,0.00465144,2.86202
2.36204,0.00441319,2.8625
2.41339,0.00465606,2.91585
2.36933,0.00435018,2.87192
2.30372,0.00435535,2.80493
2.36797,0.00446614,2.86842
3 tasks per node
1 threads per task
2.42224,0.026019,2.91163
2.3993,0.0260719,2.88981
2.36619,0.0272278,2.85668
2.37019,0.0269372,2.86174
2.42481,0.025845,2.91428
2.43133,0.0268836,2.92111
2.38659,0.0258628,2.87573
2.37875,0.0273867,2.86885
2.53728,0.0268865,3.0281
2.45269,0.0266526,2.94299
2.36961,0.026876,2.85991
2.42221,0.0262286,2.91139
2.3675,0.0259001,2.85647
2.39781,0.0257223,2.88682
2.45038,0.0260607,2.93998
2.37138,0.0270509,2.86153
2.41719,0.0265147,2.90676
2.40872,0.0266239,2.89868
2.42627,0.0258482,2.91559
2.4896,0.0258443,2.97862
2.41555,0.0261405,2.90503
2.45303,0.02623,2.9423
2.48781,0.0263395,2.97826
2.40527,0.0268444,2.89566
2.42803,0.0258482,2.91872
2.36837,0.0259678,2.85729
2.43543,0.026354,2.9247
2.42143,0.0271575,2.91223
2.4565,0.0260826,2.94554
2.48648,0.0263572,2.97638
2.41706,0.0261174,2.90703
2.37997,0.0261457,2.86906
2.37703,0.0268821,2.86841
2.41897,0.0271447,2.9091
2.46244,0.0263008,2.95265
2.48002,0.0260799,2.96984
2.47588,0.0258483,2.96546
2.4508,0.0265393,2.94002
2.45527,0.026052,2.94487
2.3901,0.0270477,2.88013
2.38419,0.0260735,2.87378
2.37542,0.0259901,2.86495
2.42154,0.0260616,2.91092
2.38829,0.0258118,2.87796
2.50368,0.0269284,2.99456
2.45118,0.0263818,2.94143
2.37148,0.0261844,2.86144
2.38635,0.0258286,2.87623
2.37541,0.0261263,2.86479
2.41805,0.0258768,2.90836
2.38285,0.0261921,2.87302
2 threads per task
2.44163,0.0149949,2.92002
2.7043,0.0149542,3.18294
2.42395,0.0152103,2.90274
2.41686,0.0151577,2.89514
2.43999,0.0149284,2.9182
2.38414,0.0151362,2.86154
2.47271,0.0149605,2.95156
2.37156,0.0152031,2.85026
2.46025,0.015048,2.93852
2.37022,0.0152419,2.84919
2.40571,0.0149643,2.88472
2.42795,0.0149517,2.90765
2.43071,0.0150235,2.90842
2.48614,0.0149702,2.96489
2.44905,0.014774,2.92757
2.43961,0.0149796,2.91808
2.48253,0.0149804,2.96164
2.37922,0.014957,2.8574
2.37423,0.0150347,2.85244
2.45767,0.0145706,2.93548
2.43,0.0149116,2.90798
2.47123,0.0156226,2.95113
2.42003,0.015212,2.89935
2.44108,0.0146852,2.91848
2.43504,0.0151755,2.91378
2.43877,0.015092,2.91754
2.44908,0.0149645,2.92724
2.43754,0.0152273,2.91607
2.43049,0.0155067,2.90981
2.47709,0.0149975,2.95482
2.41906,0.0152277,2.89758
2.40614,0.0146329,2.88387
2.42943,0.0151771,2.90731
2.41277,0.0149721,2.89099
2.49638,0.0152179,2.97513
2.38558,0.0149551,2.86397
2.49471,0.0152382,2.97337
2.46292,0.0149513,2.94184
2.38964,0.0149727,2.86897
2.45331,0.0156444,2.93225
2.43277,0.014746,2.91117
2.46362,0.0153211,2.94245
2.37431,0.0153323,2.85276
2.42787,0.0152188,2.90715
2.37939,0.0149229,2.85756
2.37611,0.0152902,2.8545
2.49098,0.0153263,2.97009
2.42557,0.0152429,2.90432
2.37584,0.0149621,2.85389
2.38679,0.0150379,2.86578
2.48344,0.0151521,2.96143
3 threads per task
2.48052,0.0105224,2.95429
2.37031,0.0106127,2.84348
2.45937,0.0109356,2.93358
2.45733,0.0106502,2.93209
2.37654,0.0106658,2.85198
2.47883,0.0106554,2.95279
2.45014,0.0108767,2.92321
2.43548,0.0109366,2.90969
2.43197,0.0106443,2.90608
2.37981,0.0109066,2.85466
2.46576,0.0108844,2.93962
2.42099,0.0106428,2.89473
2.45068,0.0107913,2.92519
2.38108,0.0108799,2.85446
2.43054,0.0106509,2.90457
2.42996,0.0106611,2.90398
2.3914,0.0107368,2.86533
2.42989,0.0106235,2.90347
2.37222,0.0108941,2.84524
2.42508,0.0106881,2.89915
2.47529,0.010876,2.94866
2.369,0.0107744,2.8435
2.46444,0.0109345,2.93833
2.38957,0.0105626,2.86344
2.38447,0.0109376,2.85887
2.39212,0.010633,2.86596
2.43549,0.0105633,2.90949
2.44067,0.0108645,2.91455
2.42688,0.0106546,2.9008
2.42661,0.0106426,2.90074
2.42292,0.0108657,2.89718
2.48612,0.0106518,2.95847
2.45961,0.0109152,2.93343
2.4254,0.0106088,2.89953
2.3777,0.0106507,2.85223
2.43116,0.0109017,2.90567
2.45172,0.0108741,2.92603
2.45936,0.0108719,2.93342
2.38975,0.0107788,2.86333
2.37231,0.0106084,2.84593
2.48452,0.0109013,2.95903
2.38183,0.0109176,2.85595
2.38516,0.0109281,2.85961
2.42905,0.0108957,2.90351
2.43372,0.0106586,2.90768
2.42105,0.0109508,2.89428
2.44025,0.0109142,2.91452
2.45534,0.0109424,2.93005
2.38894,0.0107893,2.86197
2.43139,0.0107511,2.90647
2.42089,0.0106631,2.89518
4 threads per task
2.41632,0.00847662,2.88834
2.43093,0.00821536,2.90188
2.41582,0.00845315,2.88755
2.37613,0.00815341,2.84809
2.39907,0.0084415,2.87069
2.49078,0.00844949,2.96241
2.3772,0.00818047,2.8491
2.45217,0.00843234,2.92369
2.50055,0.0081582,2.97155
2.44692,0.00819873,2.91879
2.48659,0.0082939,2.95829
2.37288,0.00810275,2.84384
2.43506,0.00895543,2.90779
2.38677,0.00823225,2.85738
2.42977,0.00821791,2.90161
2.416,0.00846268,2.88807
2.48659,0.0081614,2.9588
2.36567,0.00832218,2.83716
2.46965,0.00824529,2.94093
2.4881,0.00827127,2.9609
2.38602,0.00829855,2.858
2.46205,0.00831182,2.93309
2.4878,0.00818594,2.95943
2.49583,0.00819171,2.96724
2.44206,0.00820241,2.91357
2.42941,0.00818714,2.90027
2.42859,0.00842785,2.90008
2.44322,0.00827331,2.91443
2.45211,0.00818451,2.92362
2.4227,0.00845433,2.89422
2.46865,0.00843153,2.94029
2.42912,0.0084893,2.90116
2.47214,0.00820054,2.94371
2.47654,0.00817667,2.94865
2.4464,0.00846592,2.91815
2.42155,0.00819799,2.89436
2.4105,0.00816449,2.88199
2.42524,0.00815463,2.89614
2.37604,0.0100126,2.8495
2.44186,0.0084697,2.91433
2.59061,0.00813673,3.06226
2.36996,0.00842983,2.84148
2.38302,0.00814322,2.8551
2.46786,0.00818963,2.93974
2.45473,0.00820622,2.92613
2.43405,0.00854611,2.90626
2.48339,0.0084604,2.95535
2.42303,0.00844398,2.8944
2.46333,0.0081766,2.93456
2.3757,0.00847051,2.84901
2.37104,0.00845137,2.84285
5 threads per task
2.42084,0.01104,2.89519
2.41501,0.0106571,2.88922
2.4221,0.00676096,2.893
2.46767,0.0156807,2.94676
2.45901,0.00889633,2.93144
2.38605,0.00712467,2.85666
2.45506,0.0104135,2.92849
2.41831,0.00889766,2.89046
2.46757,0.0071755,2.93813
2.42338,0.00673354,2.89366
2.37,0.00912244,2.84199
2.46399,0.00717909,2.93448
2.3811,0.00674329,2.85074
2.42382,0.00672667,2.89478
2.41004,0.00703888,2.8802
2.48439,0.00883471,2.95646
2.42195,0.0104416,2.89533
2.48646,0.00877132,2.95889
2.41838,0.010457,2.892
2.41807,0.00865297,2.8897
2.41488,0.00880527,2.88701
2.39425,0.0070327,2.86483
2.38074,0.00701751,2.85087
2.42473,0.00865197,2.89626
2.378,0.00910554,2.84995
2.45779,0.0106688,2.93207
2.44255,0.00892657,2.91423
2.45066,0.008967,2.92278
2.44668,0.0138536,2.92363
2.36855,0.00880155,2.84046
2.52772,0.0152541,3.00577
2.42924,0.00948481,2.90244
2.36612,0.0150359,2.8446
2.38881,0.0105657,2.86336
2.4245,0.0155582,2.90266
2.46388,0.00705363,2.93515
2.37243,0.0151201,2.85137
2.45907,0.00690963,2.92917
2.45758,0.00704196,2.92767
2.38148,0.0193398,2.86419
2.38687,0.0159098,2.8657
2.37026,0.00719384,2.84149
2.41928,0.0104553,2.8927
2.42783,0.00675489,2.8985
2.39948,0.0104224,2.87309
2.39205,0.00896451,2.86434
2.47244,0.00892402,2.94487
2.42868,0.0156077,2.90742
2.48373,0.00886938,2.95587
2.39058,0.0137826,2.86796
2.48219,0.00896406,2.95492
6 threads per task
2.4833,0.00933134,2.95601
2.50072,0.0085188,2.97293
2.42672,0.00989788,2.90008
2.47046,0.00797906,2.94176
2.37461,0.00922779,2.8475
2.37333,0.0124783,2.84983
2.44988,0.0125934,2.92625
2.46709,0.0156606,2.94633
2.39108,0.00834989,2.86214
2.45197,0.0118249,2.92698
2.39255,0.00964929,2.86608
2.36962,0.00933185,2.84252
2.43379,0.0134396,2.91021
2.43334,0.00754244,2.90474
2.46706,0.0131957,2.94357
2.37259,0.00930034,2.84494
2.37607,0.0120417,2.85179
2.41036,0.010584,2.88401
2.48824,0.0133273,2.9648
2.42411,0.00804538,2.89531
2.38055,0.00846744,2.85238
2.48119,0.00937844,2.95372
2.42353,0.0119159,2.8984
2.46715,0.00988389,2.94033
2.48135,0.00957051,2.95458
2.37449,0.0137942,2.8519
2.41998,0.00957735,2.89325
2.42905,0.00797561,2.90063
2.48231,0.00851182,2.9545
2.4593,0.00825753,2.93115
2.38218,0.013238,2.85905
2.47178,0.0093301,2.94411
2.43725,0.00973975,2.91028
2.43356,0.0126777,2.90994
2.41784,0.0140672,2.89504
2.38695,0.00861706,2.85827
2.42374,0.00827789,2.89479
2.44342,0.0113302,2.9189
2.46588,0.0102552,2.9398
2.42717,0.01381,2.90439
2.38047,0.00805993,2.85171
2.38353,0.00929635,2.8562
2.44577,0.00865127,2.91748
2.48281,0.00903764,2.95524
2.41634,0.00841215,2.88804
2.38707,0.0129546,2.8635
2.36205,0.0135129,2.83912
2.49238,0.013383,2.9689
2.39741,0.00979141,2.87147
2.37056,0.00801956,2.84161
2.4908,0.00956997,2.96321
7 threads per task
2.42783,0.0119248,2.90268
2.47159,0.0118613,2.94719
2.47758,0.00906626,2.95026
2.37067,0.0145776,2.84838
2.43624,0.015475,2.91489
2.37885,0.0119373,2.85446
2.37471,0.0118521,2.84909
2.38763,0.0113218,2.86248
2.37165,0.00906825,2.84431
2.44666,0.0120001,2.92186
2.43408,0.0118325,2.90895
2.47107,0.0158471,2.94967
2.37995,0.0120944,2.85499
2.42701,0.0129678,2.90327
2.42164,0.0120947,2.89767
2.47125,0.00767644,2.94253
2.36447,0.0119619,2.83974
2.43629,0.0121317,2.91236
2.44179,0.0119253,2.91678
2.36774,0.0106641,2.84171
2.40282,0.0121403,2.8788
2.45439,0.0118941,2.92934
2.38674,0.0121674,2.86323
2.36839,0.0114071,2.84342
2.42755,0.0113195,2.90209
2.42503,0.0118902,2.90007
2.49988,0.0158802,2.97904
2.47309,0.0145935,2.95174
2.47968,0.0160531,2.96018
2.41806,0.00895321,2.89041
2.3643,0.012465,2.84036
2.37213,0.0114349,2.84739
2.47246,0.0119335,2.9478
2.42985,0.0118406,2.90483
2.386,0.0120766,2.86219
2.44855,0.00919702,2.92201
2.38232,0.0120677,2.85867
2.39343,0.0114513,2.86831
2.37026,0.0111707,2.8453
2.49219,0.0118481,2.96683
2.41735,0.0121151,2.89261
2.48455,0.0156529,2.96292
2.48848,0.0121643,2.96372
2.48,0.0104977,2.95426
2.41783,0.0118285,2.89337
2.46616,0.00743554,2.93644
2.44287,0.00934327,2.91532
2.46318,0.0120665,2.93754
2.46698,0.015471,2.94602
2.47311,0.01094,2.94682
2.42039,0.0119601,2.89572
8 threads per task
2.42254,0.011273,2.89773
2.49315,0.0110336,2.96727
2.45484,0.0107322,2.92937
2.37094,0.0111691,2.84521
2.3942,0.011219,2.86917
2.45198,0.0110055,2.92672
2.36766,0.0110589,2.84206
2.42245,0.0105662,2.89607
2.4504,0.0108482,2.92459
2.41555,0.0109785,2.88908
2.70654,0.0114869,3.18097
2.42581,0.0103701,2.89911
2.43105,0.0109625,2.90545
2.42392,0.0110493,2.8984
2.4426,0.0115829,2.91748
2.38173,0.010393,2.85524
2.47878,0.01094,2.95301
2.37798,0.0111853,2.85227
2.41343,0.0120162,2.88935
2.37618,0.0110744,2.85072
2.41497,0.0106442,2.88961
2.45888,0.0110574,2.93442
2.54823,0.0100309,3.02204
2.44302,0.0108778,2.91686
2.42717,0.0107896,2.90131
2.43117,0.0106982,2.90507
2.38486,0.0114523,2.86109
2.41847,0.0109179,2.8928
2.42207,0.0109295,2.89655
2.3796,0.0121666,2.85523
2.42334,0.0107069,2.89718
2.38976,0.0108542,2.86242
2.49258,0.0108395,2.96687
2.42239,0.0109224,2.89838
2.3933,0.0108774,2.86834
2.45292,0.0103887,2.92677
2.48169,0.01104,2.95632
2.41531,0.011066,2.88955
2.4206,0.0109112,2.89586
2.46598,0.0104005,2.94008
2.39237,0.0106645,2.86601
2.46987,0.0110064,2.94457
2.41895,0.0109271,2.8926
2.42644,0.0110875,2.90091
2.42541,0.0107004,2.89971
2.46368,0.0108515,2.93884
2.37077,0.010897,2.84476
2.42408,0.0106934,2.89787
2.41362,0.0109879,2.88782
2.44539,0.0109046,2.92045
2.43915,0.0109115,2.91348
4 tasks per node
1 threads per task
2.4398,0.0263451,2.92592
2.47699,0.0266162,2.96348
2.38598,0.0262854,2.87215
2.44041,0.0258859,2.92631
2.42336,0.0260558,2.90917
2.42059,0.0260447,2.90619
2.38409,0.0260975,2.87048
2.45699,0.0261597,2.94353
2.42626,0.0260059,2.91224
2.42681,0.0264101,2.91261
2.44917,0.0260836,2.93511
2.48115,0.0265485,2.96774
2.42479,0.0264198,2.9111
2.42426,0.025851,2.90954
2.4392,0.0260988,2.92479
2.37915,0.0261541,2.86454
2.48611,0.026106,2.97275
2.44006,0.026359,2.9271
2.42111,0.0263277,2.90997
2.54794,0.0262163,3.0343
2.45287,0.0264969,2.94026
2.38758,0.0259075,2.87466
2.37261,0.0260294,2.85763
2.4694,0.0263879,2.95505
2.4271,0.0263338,2.91309
2.45424,0.0258305,2.93947
2.48924,0.0261058,2.9742
2.47981,0.0265326,2.96633
2.36588,0.0260455,2.8516
2.44601,0.0261926,2.93124
2.41414,0.0264336,2.89991
2.45117,0.026323,2.93817
2.45047,0.0259837,2.93647
2.4149,0.0264478,2.90067
2.38312,0.0262969,2.87202
2.41789,0.026616,2.9032
2.375,0.0259376,2.86072
2.36375,0.0262892,2.84991
2.53806,0.0262814,3.0233
2.45556,0.0261924,2.94211
2.46365,0.0261564,2.95033
2.4607,0.0266216,2.9469
2.48331,0.0260558,2.97125
2.38108,0.0261074,2.86601
2.39114,0.0261239,2.87773
2.41397,0.0258075,2.89863
2.42746,0.02615,2.91382
2.44846,0.0260746,2.93461
2.41664,0.0262562,2.90319
2.44825,0.0263118,2.9347
2.46851,0.0259943,2.95443
2 threads per task
2.42567,0.0149576,2.89917
2.41908,0.0150209,2.89369
2.41519,0.0148972,2.88899
2.43296,0.0146469,2.90749
2.37427,0.0153445,2.85068
2.37208,0.0151069,2.84691
2.45612,0.0151753,2.92924
2.42352,0.0151227,2.89774
2.37571,0.0150083,2.85078
2.48644,0.015189,2.96134
2.41206,0.0156883,2.89001
2.47073,0.0150169,2.9449
2.44671,0.0151597,2.92196
2.42233,0.0152065,2.89824
2.41518,0.0152256,2.89087
2.49115,0.0149701,2.96607
2.44542,0.0149891,2.91848
2.36696,0.0152398,2.84166
2.45144,0.0152818,2.9266
2.43172,0.0151296,2.9072
2.40157,0.0149274,2.87673
2.46901,0.015196,2.94317
2.41147,0.0152222,2.88711
2.46901,0.0148613,2.94263
2.36798,0.0151024,2.84334
2.38358,0.0150173,2.86158
2.42959,0.0150303,2.90368
2.37113,0.0148887,2.84571
2.41632,0.0145693,2.89086
2.43778,0.0150427,2.91305
2.44014,0.0149265,2.91443
2.48369,0.0151742,2.95794
2.39619,0.0151044,2.87066
2.3842,0.0150496,2.85861
2.43516,0.0151824,2.90955
2.37933,0.0150435,2.85393
2.47818,0.015586,2.95286
2.44365,0.0149716,2.91917
2.37205,0.0153082,2.84788
2.43747,0.014608,2.91166
2.41138,0.0147601,2.88578
2.45302,0.0151659,2.92789
2.42206,0.0152014,2.89724
2.37265,0.0148018,2.84729
2.47558,0.0149576,2.95016
2.37486,0.0149687,2.85047
2.42385,0.0151675,2.89901
2.4283,0.0151818,2.9024
2.36515,0.0148924,2.84072
2.44609,0.0151048,2.92139
2.48554,0.0148293,2.96064
3 threads per task
2.46925,0.0105082,2.93964
2.37915,0.0108679,2.84974
2.37492,0.0105318,2.84481
2.40818,0.0106207,2.87985
2.42596,0.0105085,2.89567
2.38185,0.0108923,2.8522
2.38923,0.010611,2.85978
2.52126,0.0106095,2.99191
2.48326,0.011565,2.95528
2.40532,0.0108693,2.87561
2.45247,0.0107682,2.92236
2.45482,0.0106353,2.9249
2.37592,0.0107278,2.84589
2.47287,0.010891,2.94329
2.45442,0.0108843,2.92575
2.47974,0.0108227,2.94974
2.47277,0.0106121,2.94302
2.3753,0.0108774,2.8463
2.46609,0.0106342,2.93742
2.38216,0.0108946,2.85195
2.41869,0.0109135,2.88927
2.38759,0.0105836,2.8568
2.43917,0.0115125,2.91061
2.48383,0.0106495,2.95675
2.37539,0.0106338,2.84659
2.47233,0.0106093,2.94298
2.44348,0.0107513,2.91502
2.49314,0.0105775,2.9639
2.47065,0.0106033,2.94155
2.45549,0.0105364,2.92527
2.46202,0.0106768,2.93212
2.3787,0.0107469,2.84909
2.46735,0.0107315,2.93814
2.44199,0.0108512,2.91277
2.37276,0.0105586,2.84178
2.38233,0.0107383,2.85197
2.37923,0.0104859,2.84908
2.48803,0.0107712,2.95838
2.46566,0.0108121,2.93559
2.38167,0.0107527,2.85121
2.40063,0.0107623,2.87051
2.39286,0.0109091,2.8633
2.44767,0.0115255,2.92018
2.49465,0.0116366,2.96517
2.36606,0.0104905,2.83631
2.42671,0.0106214,2.89675
2.42394,0.0107591,2.8952
2.37853,0.0105657,2.84903
2.37332,0.0105809,2.84323
2.4348,0.0107559,2.90426
2.47201,0.0107766,2.94187
4 threads per task
2.39687,0.00817743,2.86447
2.37593,0.00820318,2.84452
2.42038,0.00844886,2.88928
2.37125,0.00972015,2.83941
2.43376,0.00843472,2.90379
2.36085,0.00844916,2.82936
2.46657,0.00810727,2.93567
2.47572,0.00854945,2.9444
2.37404,0.0100736,2.84428
2.45427,0.00845009,2.92299
2.37626,0.00842845,2.84487
2.41842,0.00920457,2.8881
2.41902,0.0100448,2.88771
2.43697,0.0082933,2.90549
2.36834,0.00828229,2.8359
2.50687,0.00842794,2.97554
2.42769,0.00828492,2.89604
2.43135,0.00842817,2.89954
2.42153,0.00855992,2.88969
2.4667,0.010066,2.93883
2.46298,0.00817569,2.93115
2.38541,0.0082757,2.85274
2.4585,0.00845235,2.92575
2.42279,0.00826701,2.89064
2.5222,0.00843991,2.9909
2.47165,0.00843229,2.94001
2.38628,0.00813935,2.85466
2.4689,0.00819086,2.93677
2.3649,0.00977922,2.83714
2.38324,0.0090583,2.85009
2.48862,0.00817224,2.95698
2.37952,0.00844499,2.84778
2.43303,0.00816011,2.90365
2.42438,0.00881285,2.89274
2.45331,0.00814121,2.91963
2.4199,0.0084293,2.88666
2.3767,0.00821278,2.84409
2.42239,0.00820631,2.88971
2.38201,0.0083164,2.84987
2.39154,0.0081667,2.8597
2.41482,0.00814603,2.88372
2.38734,0.0081488,2.85496
2.44068,0.00815672,2.9092
2.40411,0.0084027,2.872
2.36708,0.00844887,2.83673
2.36333,0.00815012,2.82992
2.4339,0.00814485,2.90247
2.3936,0.00848499,2.8608
2.42147,0.00815593,2.8893
2.4096,0.00831217,2.87995
2.36904,0.00843886,2.83759
5 threads per task
2.38613,0.00863213,2.85552
2.37703,0.0153624,2.85109
2.46628,0.0102627,2.93614
2.44291,0.0150776,2.91814
2.42648,0.0105534,2.8965
2.46638,0.0103342,2.93759
2.41523,0.0149126,2.89061
2.44611,0.0105436,2.91739
2.3727,0.00889309,2.84165
2.41205,0.00862536,2.88068
2.45561,0.0106761,2.92623
2.37264,0.0118299,2.8452
2.46914,0.0142036,2.94391
2.42191,0.0146596,2.89627
2.42001,0.013797,2.89391
2.37154,0.0200118,2.8517
2.42614,0.0102963,2.89688
2.38796,0.00676949,2.85453
2.37072,0.0150292,2.84598
2.45236,0.0101923,2.9219
2.36623,0.0105801,2.83899
2.49755,0.0090577,2.9663
2.43108,0.0104231,2.90125
2.4388,0.00987496,2.90789
2.3648,0.0124989,2.83789
2.43383,0.00683426,2.8998
2.36855,0.0086665,2.83754
2.42003,0.0145915,2.89561
2.37883,0.014995,2.85369
2.46594,0.0103028,2.93687
2.45098,0.0106576,2.92148
2.43333,0.0106462,2.9032
2.44905,0.00673991,2.91533
2.4212,0.0104731,2.89174
2.3946,0.0201813,2.87656
2.3634,0.00908396,2.8326
2.48911,0.0106003,2.96007
2.38322,0.0148457,2.85816
2.4299,0.0151328,2.90526
2.40698,0.0138385,2.8829
2.36716,0.010676,2.83759
2.46338,0.00675196,2.92986
2.45567,0.00689994,2.92166
2.43061,0.0150464,2.90602
2.37932,0.0152126,2.85496
2.41378,0.010599,2.88437
2.46038,0.00891414,2.92878
2.4532,0.00674214,2.91895
2.48314,0.00689079,2.94945
2.38434,0.00675998,2.85128
2.47827,0.0105733,2.94889
6 threads per task
2.47986,0.00773266,2.94625
2.45301,0.0135041,2.92616
2.36866,0.0114877,2.841
2.38851,0.009551,2.85849
2.42043,0.00954646,2.89056
2.43091,0.00967376,2.90049
2.38896,0.0131085,2.86184
2.44278,0.0096264,2.91213
2.4298,0.012692,2.90278
2.40663,0.0102432,2.87763
2.38699,0.00964282,2.856
2.39072,0.011042,2.8616
2.43893,0.0095513,2.9093
2.43161,0.0132182,2.90439
2.45316,0.00979379,2.92265
2.42057,0.00992086,2.89023
2.47545,0.0102551,2.9476
2.3701,0.0130957,2.84161
2.37389,0.0113598,2.8455
2.38351,0.00986004,2.85252
2.45134,0.00966232,2.91987
2.48475,0.00787117,2.95215
2.36519,0.00778718,2.83239
2.47246,0.00752945,2.9381
2.48393,0.00988977,2.9551
2.4306,0.0116211,2.9019
2.48085,0.0110531,2.9516
2.45923,0.0126488,2.9312
2.38416,0.0131883,2.85761
2.46832,0.0131934,2.93997
2.46924,0.0115129,2.94134
2.42182,0.00931408,2.8897
2.46773,0.0130038,2.94003
2.42676,0.0135453,2.9006
2.37588,0.0126024,2.84915
2.44991,0.0132992,2.9231
2.45735,0.011903,2.93168
2.42552,0.0102575,2.89527
2.38449,0.00924922,2.85471
2.37898,0.0139327,2.8534
2.58705,0.0155381,3.06364
2.44277,0.0117369,2.91419
2.44316,0.00947888,2.9119
2.3678,0.00930284,2.8392
2.42365,0.0110936,2.89445
2.48216,0.0125718,2.95505
2.45978,0.0132902,2.93285
2.3809,0.0136171,2.85431
2.38066,0.0133021,2.85576
2.38506,0.012718,2.85637
2.36822,0.013284,2.84321
7 threads per task
2.37954,0.0114754,2.85074
2.42815,0.0110544,2.89858
2.47286,0.00905348,2.94089
2.38652,0.0114517,2.85838
2.3694,0.0184127,2.84788
2.37603,0.0111751,2.8463
2.42493,0.0114513,2.89606
2.41814,0.0114543,2.88939
2.49101,0.00896126,2.95911
2.45125,0.01147,2.92201
2.37033,0.0127228,2.84318
2.4282,0.0113956,2.90019
2.37929,0.0117844,2.85025
2.38588,0.00874021,2.85523
2.41586,0.0133548,2.88935
2.41166,0.0122056,2.88252
2.49163,0.0108078,2.9621
2.42436,0.00935123,2.89384
2.47586,0.00893369,2.94508
2.37602,0.0118458,2.84701
2.40719,0.0102945,2.87775
2.37771,0.0120637,2.84849
2.37279,0.00902995,2.8414
2.49467,0.0114224,2.96583
2.42158,0.0114103,2.89293
2.41479,0.0126824,2.88704
2.46505,0.0126138,2.9381
2.44379,0.0118623,2.9158
2.36671,0.00911104,2.83578
2.45497,0.0114085,2.92447
2.43242,0.0115264,2.90299
2.45876,0.0114603,2.92978
2.46932,0.0123227,2.94431
2.46987,0.0113675,2.94171
2.36552,0.00900957,2.83438
2.47731,0.0101992,2.94756
2.38906,0.0114057,2.85969
2.46499,0.00903122,2.93363
2.42094,0.0121589,2.89315
2.48942,0.0101448,2.9594
2.42665,0.00892837,2.89421
2.37144,0.0190597,2.84958
2.37632,0.0159482,2.85435
2.68139,0.00955281,3.14936
2.46812,0.0113619,2.93879
2.43305,0.0110653,2.90389
2.39234,0.00803441,2.85931
2.45292,0.0119822,2.92541
2.38029,0.00784309,2.84737
2.46851,0.0102444,2.93777
2.47111,0.0134417,2.94497
8 threads per task
2.37994,0.0111066,2.85019
2.43389,0.0108158,2.90336
2.39199,0.0112219,2.86262
2.4193,0.0104059,2.88942
2.45795,0.0111789,2.93061
2.41756,0.0112466,2.88794
2.37519,0.0110727,2.84614
2.41533,0.0115342,2.88687
2.45076,0.0124857,2.92314
2.43169,0.0111534,2.90499
2.45749,0.0109034,2.92824
2.39577,0.0104032,2.86563
2.45292,0.0171736,2.92963
2.43316,0.0111766,2.90493
2.41845,0.0108654,2.88929
2.43219,0.0106194,2.90255
2.42398,0.0111893,2.8948
2.42836,0.0113872,2.89989
2.41799,0.0105606,2.88847
2.36734,0.0136847,2.84092
2.44123,0.0111729,2.91238
2.38405,0.0147887,2.85793
2.43859,0.0110956,2.90927
2.49894,0.0116311,2.96988
2.37604,0.0115161,2.84784
2.38101,0.0110425,2.8522
2.43416,0.0108451,2.90432
2.36469,0.0108152,2.83485
2.44702,0.0108262,2.9168
2.44962,0.0114477,2.92127
2.44376,0.0105938,2.91464
2.4995,0.0108067,2.96992
2.47622,0.0112004,2.94719
2.41378,0.0105863,2.88343
2.42533,0.0106181,2.89469
2.42602,0.0114307,2.89702
2.41347,0.0111787,2.88292
2.36613,0.0111054,2.83685
2.47499,0.0110796,2.94544
2.42551,0.011156,2.89625
2.37034,0.0132368,2.84329
2.37466,0.0110755,2.84481
2.42876,0.0116653,2.90174
2.42497,0.0101756,2.89463
2.38074,0.0122568,2.85169
2.48577,0.0109155,2.95675
2.44442,0.0114543,2.91596
2.43098,0.0107801,2.90181
2.43669,0.0113479,2.90722
2.4279,0.0108761,2.89895
2.37617,0.0110801,2.84625
5 tasks per node
1 threads per task
2.45067,0.0275473,2.7454
2.49816,0.0270637,2.79272
2.53456,0.0270203,2.82954
2.53582,0.0272859,2.82989
2.49515,0.027145,2.78999
2.53127,0.0275006,2.82675
2.46407,0.0274241,2.75879
2.53004,0.0272269,2.82403
2.57369,0.0272502,2.86821
2.53398,0.0270545,2.82742
2.45144,0.0275284,2.74635
2.5441,0.0280759,2.84042
2.43862,0.0275089,2.73329
2.50691,0.0274265,2.80165
2.44522,0.0274403,2.74151
2.50742,0.0274656,2.80083
2.50663,0.0269304,2.80276
2.46948,0.0272266,2.76391
2.49838,0.0276564,2.79237
2.47267,0.0268081,2.76671
2.53476,0.0268058,2.82867
2.46171,0.0273558,2.75619
2.54703,0.0271573,2.84332
2.49761,0.0273374,2.79217
2.50649,0.0273592,2.80093
2.50591,0.0274611,2.79985
2.45905,0.0271632,2.75459
2.48426,0.0272266,2.77846
2.47626,0.0271194,2.7704
2.50878,0.027423,2.80227
2.50788,0.0271111,2.80161
2.50959,0.0267799,2.80429
2.51701,0.0276538,2.81445
2.4727,0.0273446,2.76747
2.53015,0.0274897,2.82457
2.4945,0.0273838,2.78947
2.44682,0.0271034,2.73941
2.48335,0.0268879,2.77782
2.51436,0.0270152,2.80879
2.50152,0.0271921,2.79673
2.57448,0.0271369,2.86793
2.43932,0.0276784,2.73568
2.53177,0.0272394,2.82623
2.50761,0.0269131,2.80203
2.54706,0.0272505,2.84186
2.51709,0.0268791,2.81038
2.49599,0.0271305,2.79033
2.45279,0.0272441,2.74757
2.45167,0.0269657,2.74709
2.46269,0.0277032,2.75697
2.49416,0.0272993,2.78799
2 threads per task
2.53973,0.0156633,2.82363
2.54207,0.0153697,2.82488
2.46968,0.0156588,2.74956
2.54764,0.015504,2.83043
2.54943,0.0155105,2.8332
2.45044,0.0154836,2.73312
2.45722,0.0153734,2.74123
2.52915,0.0153852,2.81237
2.54699,0.0154621,2.82973
2.55446,0.0157009,2.8373
2.52658,0.0153718,2.80896
2.46144,0.0156804,2.74375
2.52496,0.0153665,2.80713
2.50191,0.0153717,2.78451
2.43788,0.0154893,2.72025
2.51766,0.0156714,2.80086
2.51629,0.0153576,2.79914
2.44537,0.0155169,2.72758
2.54749,0.0153682,2.83128
2.4906,0.0153776,2.77382
2.49568,0.0154295,2.77775
2.5072,0.0155204,2.79011
2.53049,0.0153567,2.81243
2.48854,0.0156811,2.77167
2.47914,0.015663,2.76156
2.50805,0.0153734,2.79103
2.5038,0.0153598,2.7867
2.51753,0.0156266,2.80145
2.44338,0.0156717,2.72814
2.52337,0.0153586,2.80624
2.50919,0.0156249,2.79183
2.50274,0.0156732,2.78626
2.56831,0.0156474,2.85145
2.50156,0.0153604,2.78467
2.49823,0.0153803,2.7822
2.49008,0.0155279,2.77328
2.53595,0.0154432,2.81941
2.44005,0.0153766,2.72203
2.52735,0.0156699,2.811
3.07102,0.0153621,3.35265
2.45059,0.0156461,2.73286
2.45704,0.0154891,2.74146
2.54682,0.0153903,2.829
2.46058,0.0156421,2.74366
2.5183,0.0153807,2.79865
2.51313,0.0154368,2.79715
2.496,0.0154418,2.77874
2.57371,0.0156352,2.85807
2.48429,0.0153564,2.76712
2.50265,0.0159239,2.78546
2.53689,0.0153973,2.82027
3 threads per task
2.46586,0.0127393,2.74709
2.50092,0.0206377,2.78927
2.45891,0.0116967,2.73776
2.45137,0.010624,2.72956
2.44381,0.0147575,2.72577
2.50595,0.0174123,2.79024
2.44007,0.0181747,2.7267
2.49693,0.0206893,2.78467
2.46881,0.0143278,2.74947
2.44627,0.0207934,2.73436
2.5642,0.0129823,2.84475
2.50829,0.0109055,2.78416
2.55092,0.0205531,2.84048
2.52418,0.0207218,2.81246
2.47646,0.0216408,2.76484
2.45768,0.0106307,2.73624
2.51817,0.0144591,2.79931
2.48507,0.0206461,2.77348
2.49122,0.0207399,2.77889
2.45045,0.018184,2.73606
2.51835,0.0215036,2.80662
2.51893,0.0215578,2.80795
2.52474,0.019016,2.81113
2.49509,0.0107782,2.77289
2.50596,0.0162114,2.79003
2.54155,0.0117409,2.82022
2.49531,0.0206581,2.78539
2.44587,0.0173909,2.73048
2.53179,0.0210582,2.82077
2.4956,0.0215926,2.78592
2.51673,0.0170035,2.80132
2.57072,0.0141147,2.84903
2.53781,0.0206555,2.82531
2.48627,0.0131718,2.76607
2.52149,0.0108869,2.79913
2.45312,0.0160929,2.73736
2.51593,0.0204502,2.80464
2.4404,0.0108923,2.71822
2.47086,0.0194578,2.75852
2.50814,0.0107862,2.78684
2.45398,0.0172207,2.73787
2.46068,0.0116881,2.73976
2.46789,0.010878,2.74652
2.44221,0.0154297,2.72232
2.44997,0.0207212,2.73864
2.55445,0.0205699,2.84295
2.43706,0.01171,2.71645
2.49729,0.0107565,2.77528
2.45539,0.0208816,2.74283
2.55338,0.0205392,2.84091
2.44099,0.01076,2.71934
4 threads per task
2.56311,0.0189608,2.85043
2.56176,0.0178321,2.84715
2.54306,0.016782,2.82693
2.48315,0.0169907,2.76787
2.53852,0.0120511,2.81823
2.53535,0.0171199,2.82057
2.49721,0.0170713,2.78155
2.49543,0.017043,2.77972
2.45155,0.0104523,2.72918
2.49073,0.018007,2.77706
2.5078,0.0156476,2.79009
2.51352,0.0146511,2.79541
2.48666,0.0171218,2.77263
2.47588,0.0187365,2.76292
2.49384,0.0186023,2.78074
2.4887,0.0171226,2.77396
2.55022,0.0140418,2.83721
2.48527,0.0208518,2.77367
2.53114,0.0179592,2.81638
2.43996,0.0171169,2.72393
2.51126,0.0170838,2.79539
2.54005,0.0169757,2.8244
2.54521,0.0177652,2.83146
2.44425,0.0170044,2.72966
2.5289,0.012938,2.80938
2.50792,0.0160687,2.79246
2.43979,0.0170293,2.72453
2.59078,0.0109084,2.86932
2.5003,0.0182143,2.78617
2.45616,0.0149655,2.73857
2.5008,0.017512,2.78716
2.43829,0.0105057,2.71661
2.45598,0.0171105,2.73862
2.59251,0.0181253,2.87853
2.4936,0.016697,2.7782
2.52406,0.0170538,2.80843
2.45803,0.0167406,2.74277
2.56472,0.0172638,2.84943
2.47323,0.0107178,2.75277
2.44448,0.0160859,2.72768
2.50695,0.0177463,2.79215
2.51846,0.0170567,2.80328
2.53231,0.0175871,2.81721
2.49517,0.0160922,2.77957
2.49954,0.0171248,2.78353
2.51803,0.0113274,2.79652
2.43942,0.016385,2.72055
2.53546,0.0159839,2.81929
2.50107,0.0179872,2.78606
2.53714,0.0169916,2.82159
2.56518,0.0171745,2.84948
5 threads per task
2.50338,0.0158913,2.7867
2.43905,0.0152278,2.72255
2.44816,0.0153926,2.73108
2.43094,0.0151325,2.71343
2.52975,0.0155449,2.8124
2.50732,0.0151279,2.78946
2.53207,0.0151514,2.81443
2.4553,0.0146609,2.73749
2.44571,0.0162761,2.72872
2.44783,0.0161223,2.7309
2.45516,0.0173361,2.73973
2.80668,0.015268,3.08934
2.50336,0.0148888,2.78643
2.49462,0.0147411,2.77692
2.48561,0.0145113,2.7672
2.50591,0.0143154,2.78871
2.52913,0.0155821,2.81135
2.45762,0.0154425,2.74
2.52661,0.0154548,2.80949
2.46439,0.0150998,2.74695
2.62853,0.0145985,2.90814
2.51899,0.0154426,2.8017
2.51155,0.0159855,2.79607
2.48643,0.0143483,2.76826
2.44546,0.0145737,2.72771
2.51923,0.0140536,2.80018
2.50655,0.0147898,2.7887
2.45281,0.015441,2.73563
2.56436,0.017062,2.84872
2.45305,0.0171196,2.73729
2.56859,0.015592,2.84972
2.49761,0.0151347,2.77842
2.53899,0.0160824,2.82304
2.5352,0.0151284,2.81906
2.43915,0.0163376,2.72284
2.50673,0.0152185,2.79026
2.4315,0.016115,2.71523
2.49325,0.0156165,2.77627
2.52373,0.0156026,2.80697
2.49248,0.0151916,2.77511
2.51379,0.0143847,2.79427
2.49848,0.0162377,2.7823
2.50642,0.0152017,2.78889
2.56713,0.0194223,2.85442
2.54073,0.0152343,2.8225
2.48773,0.0154997,2.77035
2.52394,0.0163338,2.80697
2.53902,0.0180889,2.82476
2.46359,0.0151241,2.74705
2.63798,0.0152047,2.92068
2.50648,0.0151211,2.78744
6 threads per task
2.44654,0.0173843,2.73053
2.49872,0.0156178,2.78181
2.52255,0.0173697,2.80717
2.51945,0.0167992,2.80407
2.44281,0.0171874,2.72911
2.45108,0.0147035,2.73399
2.49615,0.020544,2.78319
2.51338,0.0174606,2.79813
2.56953,0.0180889,2.85547
2.48604,0.0141721,2.76786
2.46553,0.0138961,2.74758
2.5544,0.0332199,2.84974
2.43718,0.019355,2.72384
2.49615,0.0159798,2.779
2.5568,0.0155618,2.83911
2.49813,0.0146142,2.78022
2.4852,0.0161552,2.7678
2.45919,0.0205925,2.74717
2.49536,0.0142429,2.77698
2.57728,0.0142067,2.85938
2.46051,0.017095,2.74483
2.4512,0.0153531,2.73376
2.59894,0.0142263,2.8796
2.5263,0.014708,2.80837
2.49746,0.0182338,2.78276
2.49969,0.0160082,2.78352
2.57304,0.0210173,2.86356
2.49955,0.014656,2.78172
2.53424,0.0161302,2.81831
2.5768,0.018723,2.86303
2.5215,0.0138817,2.80335
2.50938,0.0204368,2.79743
2.49415,0.0147911,2.77686
2.57565,0.0144119,2.85777
2.50718,0.0146673,2.78876
2.50424,0.0161786,2.78907
3.0597,0.0175657,3.34389
2.43919,0.0191117,2.72575
2.5088,0.0142277,2.79236
2.54869,0.0139285,2.82948
2.57349,0.0146197,2.85447
2.53193,0.0158824,2.81508
2.4711,0.0158001,2.75444
2.49908,0.0153897,2.78136
2.57765,0.0136505,2.85883
2.50238,0.0142382,2.78391
2.445,0.0138935,2.727
2.56424,0.0211649,2.85248
2.54121,0.0173148,2.82597
2.44404,0.025407,2.73628
2.52347,0.0190164,2.81002
7 threads per task
2.55643,0.0167248,2.84158
2.51137,0.0193075,2.79903
2.50904,0.0197868,2.7953
2.50827,0.0186665,2.79378
2.51236,0.019168,2.79837
2.49413,0.0193395,2.78126
2.45154,0.0230358,2.74178
2.46001,0.0168228,2.74501
2.45213,0.0198224,2.73744
2.53154,0.0189291,2.81923
2.52139,0.0190617,2.808
2.54032,0.0175539,2.8266
2.50895,0.0187832,2.79558
2.46332,0.019785,2.75088
2.4476,0.0181274,2.73292
2.54578,0.0181003,2.8317
2.4529,0.0198627,2.74131
2.49421,0.0222405,2.78511
2.45078,0.0199195,2.73774
2.47964,0.0186318,2.7661
2.571,0.0195018,2.85962
2.44422,0.0186355,2.72908
2.43475,0.0189651,2.72083
2.51685,0.0180426,2.80206
2.46148,0.0192666,2.74852
2.45186,0.0188812,2.7391
2.46354,0.0198438,2.75036
2.49112,0.0199282,2.77835
2.44603,0.0184247,2.73146
2.5081,0.0179475,2.79283
2.52032,0.018131,2.80686
2.4932,0.0184577,2.77911
2.46153,0.0179084,2.74698
2.4937,0.0182568,2.77848
2.53795,0.0166946,2.82189
2.45274,0.0198,2.7397
2.45049,0.0179135,2.73566
2.51478,0.0190588,2.80045
2.46395,0.0176113,2.74852
2.5206,0.0233077,2.80983
2.59112,0.0170586,2.87491
2.53583,0.0164364,2.81939
2.49464,0.0170694,2.77829
2.48106,0.0186855,2.76664
2.4985,0.0166748,2.78322
2.50883,0.0150701,2.79027
2.49205,0.0185625,2.77609
2.46334,0.0192155,2.7502
2.49053,0.0182191,2.77665
2.48759,0.0202934,2.77507
2.53479,0.0225479,2.82525
8 threads per task
2.48686,0.019999,2.77542
2.50281,0.0201265,2.78928
2.44197,0.0189094,2.72751
2.44913,0.0221177,2.73842
2.5525,0.0189397,2.84018
2.49643,0.0192128,2.78466
2.49704,0.0187495,2.78394
2.48418,0.0197815,2.77153
2.47747,0.0215368,2.76577
2.54675,0.0181432,2.83325
2.45232,0.0183947,2.73764
2.49461,0.0205744,2.78045
2.49873,0.0194482,2.78591
2.51364,0.0193102,2.80048
2.50994,0.0187081,2.79594
2.52167,0.0193506,2.80475
2.49519,0.0189937,2.78119
2.49428,0.0189509,2.78059
2.52333,0.0199146,2.80955
2.42897,0.0216086,2.71822
2.47701,0.0198224,2.76397
2.43908,0.0172834,2.72418
2.49057,0.0174525,2.77542
2.44246,0.0191334,2.7303
2.49232,0.0175884,2.77782
2.51331,0.0218416,2.80295
2.44155,0.0177611,2.72544
2.48952,0.0175224,2.77486
2.49314,0.0183537,2.78064
2.48873,0.018591,2.7754
2.58289,0.0207864,2.87089
2.50197,0.018886,2.78754
2.52779,0.0215185,2.81551
2.49054,0.0196409,2.77701
2.58114,0.0174323,2.86524
2.51734,0.022278,2.80664
2.50098,0.0175048,2.78737
2.54563,0.0224803,2.83465
2.49078,0.0217173,2.77992
2.54747,0.0186908,2.83416
2.49235,0.0176366,2.77996
2.57607,0.0220333,2.86525
2.51028,0.0181544,2.7965
2.45329,0.0199801,2.74004
2.52858,0.0194985,2.8169
2.53746,0.0219856,2.82628
2.52497,0.0187587,2.81058
2.5119,0.0205469,2.79984
2.55003,0.0186042,2.83489
2.53922,0.0200365,2.82651
2.52063,0.0174982,2.80534
6 tasks per node
1 threads per task
2.45833,0.0272833,2.71602
2.53608,0.0271413,2.79325
2.53664,0.0269252,2.79439
2.51194,0.026914,2.76907
2.50927,0.0273888,2.76655
2.55839,0.0270597,2.81559
2.49806,0.0270923,2.75423
2.48097,0.0272918,2.73836
2.52602,0.0271299,2.7833
2.46892,0.0273976,2.72588
2.53019,0.0270152,2.78698
2.5043,0.0275251,2.76199
2.5761,0.0275785,2.83372
2.50826,0.0272815,2.76522
2.50489,0.0271071,2.76186
2.5124,0.0270911,2.76901
2.5524,0.0269871,2.80925
2.57296,0.0268639,2.82961
2.5178,0.0272524,2.7754
2.46719,0.0274198,2.72481
2.50885,0.027535,2.76635
2.48174,0.0273922,2.73869
2.53192,0.0272804,2.79058
2.51973,0.0266124,2.77603
2.49464,0.02709,2.75116
2.53343,0.0271755,2.79027
2.50147,0.0272654,2.75941
2.5833,0.0272207,2.84037
2.51243,0.0274456,2.76949
2.5399,0.0275543,2.79797
2.49602,0.0274836,2.75332
2.47999,0.0271592,2.73688
2.56412,0.027085,2.82084
2.50531,0.0270705,2.76284
2.5608,0.0274322,2.81825
2.51685,0.027099,2.77398
2.50917,0.0274459,2.76646
2.46917,0.0272652,2.72603
2.50616,0.0267994,2.76277
2.46893,0.0273352,2.72592
2.46935,0.0269676,2.72674
2.53656,0.0265161,2.79313
2.50832,0.0271222,2.76524
2.46646,0.0273798,2.72386
2.5082,0.0269335,2.76507
2.47217,0.0269607,2.72863
2.47175,0.0272962,2.7287
2.50464,0.027274,2.76152
2.51377,0.0273799,2.77091
2.55756,0.0269265,2.81376
2.50835,0.0267781,2.76455
2 threads per task
2.46372,0.0163582,2.71015
2.45858,0.0156621,2.70452
2.51287,0.015435,2.75855
2.50799,0.015673,2.75387
2.50223,0.0153802,2.74737
2.49344,0.0153806,2.73841
2.58969,0.0153693,2.83533
2.50397,0.0153951,2.75013
2.5168,0.0156078,2.76213
2.45258,0.0156931,2.69866
2.61599,0.0153844,2.86127
2.55956,0.0153845,2.80461
2.46142,0.0153887,2.70695
2.47496,0.015384,2.71885
2.5421,0.0155458,2.78777
2.46276,0.0154313,2.70807
2.5485,0.0158223,2.79499
2.50976,0.0156442,2.75469
2.50855,0.0153776,2.75342
2.51526,0.0156771,2.76113
2.55103,0.0158188,2.79671
2.50493,0.0154991,2.75004
2.45248,0.0156794,2.69792
2.51678,0.0154624,2.76148
2.4594,0.0155121,2.70383
2.52657,0.0156778,2.77204
2.51946,0.0157602,2.7644
2.44379,0.0153725,2.6891
2.44896,0.015373,2.69379
2.51853,0.0154489,2.76355
2.49945,0.0153858,2.74472
2.53853,0.015647,2.78392
2.46794,0.0155162,2.71348
2.51294,0.0153827,2.75777
2.52284,0.0154444,2.768
2.51536,0.0153839,2.76094
2.50104,0.0156744,2.74613
2.56175,0.015665,2.80764
2.68525,0.0156113,2.9303
2.50039,0.0153914,2.74553
2.53204,0.016151,2.77821
2.45667,0.0153838,2.70174
2.50589,0.0156661,2.75065
2.50172,0.0153663,2.7465
2.52276,0.0156544,2.76867
2.46159,0.0153758,2.70673
2.70435,0.0154642,2.94926
2.45629,0.0153699,2.7023
2.45325,0.0155249,2.69905
2.45591,0.0153716,2.70138
2.51475,0.0156256,2.75972
3 threads per task
2.49623,0.0206094,2.74601
2.55443,0.020633,2.8049
2.5851,0.0119642,2.82675
2.46377,0.0108663,2.70425
2.49782,0.0210458,2.74806
2.45488,0.0107252,2.6952
2.45343,0.0210206,2.70438
2.46067,0.0203922,2.71039
2.47394,0.0205948,2.72495
2.55584,0.0122235,2.79769
2.55741,0.0203692,2.80805
2.56675,0.0220925,2.81914
2.55998,0.0119715,2.80207
2.52486,0.0206105,2.77524
2.55637,0.0210629,2.80601
2.54,0.0134512,2.78343
2.50555,0.0118822,2.74713
2.55333,0.0122425,2.79523
2.44836,0.017817,2.69601
2.52185,0.0205992,2.77263
2.51397,0.0205872,2.76458
2.50827,0.020586,2.75826
2.53189,0.0105984,2.77256
2.53009,0.0123495,2.77313
2.5544,0.0206163,2.80541
2.45298,0.020662,2.70355
2.44955,0.0208843,2.70031
2.57556,0.011333,2.81672
2.50116,0.0127819,2.74457
2.45108,0.020648,2.7017
2.54666,0.0105978,2.78731
2.46868,0.0112937,2.70946
2.51735,0.0107288,2.75751
2.52087,0.0206145,2.77131
2.49796,0.0113903,2.73942
2.45903,0.0204012,2.70902
2.51669,0.0220253,2.76795
2.49743,0.0209096,2.74754
2.51516,0.0106611,2.75604
2.48347,0.012694,2.7265
2.49729,0.0213914,2.74807
2.45101,0.0108865,2.69192
2.46628,0.0118001,2.70774
2.51711,0.0210537,2.76844
2.54858,0.0205833,2.79875
2.46662,0.0206509,2.71732
2.45691,0.0203844,2.70758
2.4663,0.0213749,2.7172
2.48372,0.0118047,2.72533
2.50666,0.0208785,2.7573
2.55744,0.0205934,2.80658
4 threads per task
2.54512,0.0160617,2.79162
2.45711,0.0147201,2.7011
2.56318,0.0161394,2.80929
2.50132,0.0268632,2.75834
2.46264,0.0164207,2.70817
2.4847,0.0166598,2.73205
2.51922,0.0211723,2.77116
2.53004,0.0160859,2.77588
2.45017,0.0178336,2.69835
2.53941,0.0170737,2.78574
2.50388,0.011063,2.74491
2.44784,0.0160986,2.6939
2.44363,0.0178569,2.69216
2.47648,0.0180793,2.7247
2.56504,0.0166399,2.8122
2.54226,0.0175696,2.78947
2.5748,0.0163169,2.82106
2.50155,0.0177047,2.74924
2.51064,0.0176225,2.75768
2.4891,0.0161456,2.7351
2.50288,0.0173112,2.75018
2.51099,0.0185353,2.7592
2.50111,0.0168942,2.74956
2.51741,0.0148586,2.76144
2.54833,0.014868,2.79309
2.5468,0.0168288,2.79247
2.48689,0.0160949,2.73311
2.46837,0.0161031,2.71334
2.54618,0.0153893,2.79116
2.50663,0.0166605,2.75339
2.45538,0.0170621,2.70215
2.49804,0.0160883,2.74399
2.47221,0.0169243,2.71804
2.52174,0.0160287,2.76719
2.51837,0.0161367,2.76411
2.54862,0.0173521,2.79531
2.55743,0.0167959,2.80431
2.46773,0.0166891,2.71416
2.49033,0.0161075,2.73625
2.53773,0.0166198,2.78451
2.53398,0.0186524,2.78242
2.53033,0.0166449,2.77766
2.50867,0.0161254,2.75572
2.54303,0.0169724,2.7908
2.46232,0.0163244,2.70875
2.44691,0.0187457,2.6956
2.47763,0.0164048,2.72315
2.49956,0.0160652,2.74585
2.52472,0.016324,2.77218
2.52373,0.0227679,2.77647
2.4449,0.0188018,2.6935
5 threads per task
2.51275,0.0141164,2.75629
2.54788,0.0158326,2.79376
2.50787,0.0152707,2.75293
2.4563,0.0157607,2.70273
2.47693,0.0152868,2.72099
2.47601,0.0146111,2.72103
2.53504,0.015695,2.78057
2.54516,0.0146972,2.79048
2.55635,0.0156184,2.80158
2.5052,0.0156985,2.75136
2.48284,0.0145592,2.7266
2.50093,0.0161548,2.74641
2.56227,0.0146855,2.80736
2.45931,0.0146247,2.70328
2.46269,0.0145977,2.70666
2.48118,0.0143781,2.72652
2.56061,0.0143394,2.80513
2.46659,0.0146522,2.71143
2.50672,0.0145697,2.75104
2.52105,0.015436,2.76516
2.49762,0.0162806,2.744
2.48656,0.0176573,2.73404
2.45319,0.0168997,2.69901
2.52199,0.0154231,2.76709
2.50174,0.0154086,2.74683
2.50591,0.0153753,2.7515
2.52227,0.0144,2.76654
2.5116,0.0151534,2.75638
2.50637,0.0145822,2.75056
2.50987,0.0151762,2.75448
2.59083,0.0151582,2.83533
2.50214,0.0151579,2.74718
2.46254,0.0163318,2.70873
2.49646,0.0146318,2.74075
2.45539,0.0146119,2.70037
2.53308,0.0168664,2.7801
2.52399,0.0153984,2.76977
2.50555,0.0156034,2.75108
2.46014,0.014117,2.70401
2.57402,0.0146404,2.81867
2.52709,0.0156176,2.77229
2.50034,0.0163142,2.74632
2.54687,0.0144873,2.79077
2.55298,0.0146125,2.79686
2.46318,0.0152514,2.70812
2.45223,0.0158312,2.69759
2.52869,0.0152563,2.77465
2.51685,0.0168634,2.76328
2.52527,0.0160473,2.77107
2.50291,0.0154292,2.7485
2.55121,0.0157626,2.79842
6 threads per task
2.54373,0.0159495,2.78939
2.57077,0.0157097,2.81639
2.46995,0.0161791,2.71584
2.52076,0.0176368,2.76762
2.54531,0.0194866,2.79372
2.52573,0.0200959,2.77589
2.53908,0.0169632,2.78618
2.49479,0.0161099,2.74062
3.40179,0.0146711,3.64701
2.47709,0.0155804,2.72324
2.53494,0.0195387,2.78372
2.45336,0.0176431,2.70171
2.46757,0.0216873,2.7206
2.54007,0.0161311,2.78562
2.56074,0.0159344,2.80645
2.46786,0.0143518,2.71123
2.53346,0.0139283,2.77856
2.5023,0.0153991,2.74703
2.44995,0.0199267,2.69831
2.48641,0.0173449,2.73367
2.48207,0.0150669,2.72754
2.53572,0.0143818,2.77936
2.53144,0.016884,2.77896
2.51558,0.0201211,2.76582
2.46574,0.019454,2.71489
2.47219,0.0160945,2.71859
2.47728,0.0149764,2.72245
2.54545,0.0152789,2.79044
2.58131,0.0211487,2.83309
2.51238,0.0155213,2.7582
2.46346,0.0160179,2.70903
2.44606,0.0175983,2.69337
2.48587,0.0201842,2.73581
2.44119,0.02012,2.69142
2.49238,0.0168069,2.73852
2.51742,0.0203616,2.76778
2.50275,0.0155595,2.74873
2.63271,0.0174429,2.87981
2.53702,0.0187225,2.78578
2.59908,0.0159178,2.84634
2.55479,0.0203089,2.80556
2.45985,0.0200071,2.70929
2.52501,0.015778,2.77043
2.51007,0.0180604,2.75827
2.46239,0.01997,2.71137
2.47949,0.0174787,2.72628
2.45663,0.0184284,2.70432
2.45106,0.0175456,2.69839
2.57053,0.0140516,2.81471
2.44425,0.0211685,2.6963
2.45631,0.0156282,2.7019
7 threads per task
2.57396,0.0183121,2.8219
3.08692,0.0183902,3.33539
2.50397,0.0178528,2.75265
2.45007,0.0230646,2.70225
2.52659,0.0193845,2.77529
2.45382,0.0196563,2.70307
2.50178,0.0183531,2.74988
2.45596,0.0163361,2.70212
2.55528,0.0156475,2.80052
2.5244,0.0190201,2.77374
2.58697,0.0187767,2.83592
2.5174,0.0182992,2.76592
2.55251,0.0189613,2.80014
2.54067,0.0190582,2.78927
2.54435,0.0194655,2.793
2.51983,0.0190402,2.7678
2.47422,0.0193457,2.72316
2.5332,0.0183457,2.78169
2.54882,0.018681,2.79736
2.45106,0.0213318,2.70279
2.51504,0.019127,2.76878
2.51551,0.0183359,2.76373
2.4612,0.0171866,2.70828
2.48148,0.0175514,2.72913
2.46772,0.0227896,2.72043
2.47605,0.0181067,2.72432
2.45111,0.0244217,2.70591
2.50121,0.0158257,2.74758
2.5566,0.0237755,2.80966
2.53421,0.0295323,2.7938
2.55108,0.0186344,2.79843
2.58908,0.0199032,2.84135
2.58623,0.0182308,2.83393
2.54733,0.0184647,2.79566
2.54321,0.0177468,2.79059
2.50886,0.0182992,2.75622
2.55034,0.0184085,2.79811
2.45024,0.0180752,2.698
2.51806,0.019248,2.76731
2.4716,0.0190158,2.7191
2.46324,0.018362,2.71132
2.51091,0.0195183,2.76062
2.51585,0.0190583,2.76504
2.50352,0.0183594,2.75094
2.44857,0.0207747,2.7002
2.51318,0.0221585,2.76458
2.52896,0.0165203,2.77509
2.49888,0.0187853,2.74735
2.59666,0.0248901,2.85168
2.51912,0.0183102,2.7674
2.55476,0.0186865,2.80263
8 threads per task
2.51826,0.0193105,2.76665
2.52013,0.0196251,2.76919
2.50283,0.0172922,2.7495
2.57006,0.0224897,2.82245
2.48092,0.0171943,2.72705
2.51166,0.0220754,2.76332
2.51002,0.0178465,2.75764
2.49803,0.0177798,2.74456
2.48603,0.0187821,2.73449
2.58746,0.0200539,2.83802
2.55889,0.0175806,2.80613
2.47278,0.0186778,2.72241
2.52507,0.021512,2.7763
2.46463,0.0205685,2.71502
2.53007,0.0212537,2.78126
2.46769,0.0194287,2.71714
2.57173,0.0189494,2.82297
2.5615,0.0222955,2.81406
2.51279,0.0222518,2.76486
2.50471,0.0190699,2.75363
2.50936,0.0219966,2.76073
2.56492,0.0224265,2.81739
2.49859,0.0193669,2.74719
2.45404,0.0214882,2.70531
2.47071,0.0222841,2.72319
2.50479,0.0177963,2.75195
2.49765,0.0178662,2.74488
2.47254,0.0182564,2.72073
2.53166,0.0222245,2.78391
2.4643,0.0177803,2.71185
2.44947,0.0189351,2.69846
2.4912,0.0194738,2.74076
2.5159,0.0189606,2.76542
2.47522,0.0201374,2.72582
2.47388,0.0176446,2.72087
2.5334,0.0219014,2.7857
2.45211,0.0178059,2.69882
2.55897,0.0177609,2.80637
2.44902,0.0190239,2.69818
2.50298,0.0209375,2.75409
2.56424,0.0177092,2.81226
2.55291,0.0190201,2.80136
2.52201,0.0174901,2.76915
2.51848,0.0171363,2.7651
2.44102,0.0177103,2.68854
2.47077,0.0215078,2.72216
2.46779,0.0195916,2.72026
2.51503,0.0201568,2.76495
2.55088,0.0204613,2.8017
2.47953,0.0194025,2.728
2.45847,0.0253025,2.71458
7 tasks per node
1 threads per task
2.54192,0.028399,2.7976
2.57096,0.02753,2.82643
2.6648,0.0279721,2.92122
2.52469,0.0275599,2.78101
2.52615,0.0280885,2.78244
2.62225,0.0281417,2.87821
2.6328,0.0272804,2.88786
2.56972,0.0284269,2.82651
2.59579,0.0281059,2.85218
2.59622,0.0277663,2.85171
2.55678,0.0277529,2.81212
2.60296,0.0277726,2.85892
2.5519,0.0272401,2.80689
2.52465,0.0281598,2.78017
2.57295,0.0281407,2.8285
2.53075,0.0280745,2.78704
2.59991,0.0277534,2.8561
2.57442,0.0272784,2.82877
2.59199,0.0281531,2.84853
2.54559,0.027879,2.8013
2.55745,0.0281471,2.81301
2.58141,0.0281476,2.83855
2.611,0.028176,2.86724
2.6223,0.0282358,2.8789
2.60763,0.0279617,2.86395
2.53058,0.0281753,2.78849
2.588,0.0272686,2.84311
2.64118,0.0284205,2.8979
2.63067,0.0281422,2.88641
2.54122,0.0280952,2.796
2.61115,0.0284102,2.86762
2.62011,0.0277089,2.87583
2.58954,0.0276888,2.84454
2.5259,0.0281558,2.78205
2.58674,0.02819,2.84298
2.61231,0.0278199,2.8682
2.60386,0.0281647,2.86019
2.58444,0.0275004,2.83944
2.62792,0.0281701,2.88331
2.53452,0.0281396,2.79091
2.63527,0.028215,2.89154
2.5554,0.0276808,2.81091
2.57683,0.028424,2.83224
2.54787,0.0285007,2.80501
2.58242,0.0280601,2.83883
2.62674,0.0282145,2.88282
2.53058,0.0275441,2.78542
2.54451,0.0279817,2.79986
2.59575,0.0279963,2.85307
2.59453,0.0282304,2.8512
2.56163,0.0279994,2.81815
2 threads per task
2.59308,0.0153775,2.83704
2.59776,0.0154465,2.84151
2.61447,0.0154696,2.85785
2.54183,0.0153705,2.78596
2.53008,0.0154024,2.77324
2.5903,0.0153807,2.83382
2.63268,0.0156886,2.87547
2.61141,0.0154615,2.85474
2.56376,0.0153788,2.80667
2.51566,0.0156458,2.75854
2.52968,0.0154471,2.77264
2.52221,0.0155098,2.76612
2.55121,0.0153865,2.79497
2.51526,0.015381,2.75979
2.5546,0.0154685,2.79802
2.56625,0.0156444,2.81101
2.53198,0.0156638,2.77501
2.61766,0.015535,2.86131
2.52301,0.01538,2.76682
2.53339,0.0154566,2.77702
2.61239,0.0156181,2.85607
2.54756,0.0154837,2.79095
2.53885,0.0153817,2.78186
2.51842,0.0155229,2.76166
2.59955,0.0153717,2.84296
2.61536,0.0156631,2.8592
2.55703,0.0157762,2.80022
2.51693,0.0160978,2.76028
2.61582,0.015666,2.85912
2.62187,0.0153665,2.86454
2.54447,0.0153691,2.78816
2.54055,0.0153724,2.78431
2.63289,0.0154995,2.8755
2.63024,0.0156498,2.87496
2.54033,0.0155158,2.78332
2.59063,0.0155379,2.83415
2.583,0.0155053,2.82644
2.60718,0.0153717,2.85066
2.57023,0.0154737,2.81307
2.6205,0.0154472,2.86396
2.60025,0.0154063,2.84416
2.55036,0.0155025,2.79367
2.58306,0.0155073,2.82654
2.58994,0.0153734,2.83318
2.60756,0.0153716,2.85024
2.61192,0.0154003,2.85612
2.61438,0.0154874,2.85812
2.52898,0.0156713,2.77261
2.54198,0.0153985,2.78588
2.52499,0.0153611,2.76821
2.55744,0.0160016,2.80164
3 threads per task
2.58497,0.0139696,2.82809
2.637,0.0138922,2.87842
2.59233,0.0207002,2.84143
2.65573,0.0207463,2.90387
2.54654,0.0147256,2.78855
2.62074,0.0146014,2.8649
2.64085,0.0159013,2.88624
2.52938,0.0114537,2.76852
2.65497,0.0222427,2.90515
2.54643,0.020829,2.79515
2.54709,0.0177725,2.79379
2.59258,0.0210291,2.84264
2.57698,0.0159035,2.81997
2.58792,0.0127464,2.82839
2.59329,0.0244775,2.84697
2.61891,0.0237777,2.87006
2.55509,0.0235503,2.80643
2.585,0.0111942,2.82373
2.53215,0.0207604,2.78061
2.53859,0.0138981,2.77967
2.58863,0.0142913,2.83072
2.5838,0.0159202,2.82754
2.61231,0.011238,2.85206
2.60071,0.0159112,2.84419
2.52713,0.0142851,2.76905
2.59202,0.0243945,2.84586
2.63501,0.0159158,2.87917
2.53586,0.0142837,2.77818
2.57729,0.011636,2.8178
2.62589,0.0123274,2.86587
2.525,0.0157127,2.76849
2.63085,0.0207569,2.87907
2.59751,0.0158918,2.84202
2.52668,0.0116584,2.76621
2.60172,0.0113298,2.84143
2.53517,0.0142903,2.7774
2.54058,0.0142998,2.78356
2.53853,0.0121761,2.77914
2.61568,0.0143018,2.8575
2.54191,0.0123343,2.7822
2.59803,0.0123165,2.8379
2.52461,0.0149207,2.7689
2.66519,0.0111885,2.90445
2.53996,0.0111914,2.78028
2.57069,0.0112521,2.80932
2.59751,0.0112,2.83686
2.62407,0.012342,2.86453
2.59816,0.0207908,2.84747
2.53106,0.0113473,2.76987
2.65144,0.0251175,2.9048
2.62877,0.0123139,2.86904
4 threads per task
2.52792,0.0178216,2.77373
2.54198,0.01797,2.78727
2.56983,0.0170183,2.81505
2.63935,0.017844,2.88542
2.58212,0.0184669,2.8285
2.52188,0.0179802,2.76812
2.61432,0.0182547,2.86145
2.61753,0.0178542,2.8636
2.61005,0.0179745,2.85612
2.53292,0.0180388,2.77909
2.59353,0.0222429,2.84425
2.72537,0.023338,2.97618
2.54304,0.0163818,2.78787
2.59254,0.0204588,2.84095
2.61555,0.0220255,2.86571
2.56007,0.0179556,2.80591
2.54442,0.017674,2.7899
2.56384,0.0176885,2.81034
2.55647,0.0168399,2.80153
2.6316,0.0178363,2.87789
2.58403,0.0178929,2.82997
2.66888,0.0179695,2.915
2.5836,0.0180963,2.82957
2.61628,0.022273,2.86606
2.54327,0.0179564,2.78967
2.67352,0.0169614,2.91898
2.61348,0.0177217,2.85943
2.59215,0.0182679,2.83872
2.57207,0.0182101,2.81721
2.51731,0.0177089,2.76304
2.53649,0.018796,2.78309
2.54453,0.0166115,2.78962
2.62595,0.0177458,2.8712
2.56094,0.0177148,2.80704
2.54286,0.0162307,2.78594
2.53085,0.0177601,2.77708
2.66719,0.0169831,2.91204
2.64818,0.0177157,2.89371
2.5917,0.0234766,2.84388
2.60685,0.0231696,2.85835
2.53025,0.0179687,2.78026
2.58852,0.0160735,2.83278
2.56817,0.0177043,2.81365
2.5505,0.0186995,2.79658
2.62066,0.018616,2.86752
2.64228,0.0237179,2.89376
2.5998,0.0170209,2.84475
2.64767,0.0186405,2.89435
2.61827,0.0232883,2.86931
2.62108,0.0185861,2.86834
2.57486,0.0179773,2.82081
5 threads per task
2.59849,0.0176664,2.84441
2.60886,0.0188253,2.85625
2.64201,0.0159453,2.88593
2.61029,0.0257608,2.86445
2.52123,0.0174766,2.76717
2.52769,0.0161118,2.77129
2.60049,0.0157261,2.84453
2.60296,0.0218575,2.85257
2.61079,0.0154918,2.85575
2.5261,0.0161047,2.77046
2.5932,0.0178574,2.83874
2.5916,0.0161392,2.83642
2.52944,0.0207467,2.77846
2.65359,0.0243113,2.9051
2.61665,0.0196492,2.86479
2.54106,0.0152023,2.7842
2.51865,0.0229392,2.77008
2.65555,0.0189196,2.90239
2.62157,0.01545,2.86476
2.59287,0.0176405,2.83808
2.55209,0.0216701,2.80227
2.53348,0.0167444,2.77837
2.53693,0.0157061,2.78143
2.64932,0.016338,2.89356
2.5184,0.0157917,2.76332
2.61574,0.0170609,2.86086
2.58718,0.0154533,2.83099
2.54847,0.0151986,2.79106
2.58221,0.0169983,2.82718
2.61296,0.0211898,2.86234
2.5411,0.023164,2.79256
2.6404,0.0167564,2.88509
2.60854,0.0215354,2.85796
2.6081,0.0231091,2.85944
2.62876,0.0204406,2.8772
2.57756,0.0153767,2.82094
2.6073,0.0202329,2.85418
2.62643,0.0163062,2.87105
2.53164,0.0152282,2.77429
2.64,0.0145258,2.88214
2.58219,0.0181149,2.82861
2.52513,0.0217977,2.7744
2.52725,0.0206786,2.7773
2.57275,0.0160743,2.81746
2.53294,0.0173368,2.77822
2.5318,0.0154482,2.7748
2.61388,0.0206964,2.86207
2.59061,0.0170602,2.83606
2.65828,0.0208846,2.90708
2.63787,0.0214599,2.88737
2.61277,0.0239008,2.86411
6 threads per task
2.57439,0.0216143,2.82413
2.59405,0.0191033,2.84121
2.63287,0.0209279,2.88108
2.55587,0.0222157,2.80632
2.64058,0.02273,2.89235
2.55324,0.0204463,2.80139
2.67532,0.0254309,2.92857
2.5272,0.0201083,2.77671
2.60191,0.0220297,2.85246
2.5438,0.0201866,2.79159
2.59532,0.0278219,2.85058
2.58506,0.0200688,2.83169
2.59767,0.0210844,2.84699
2.62518,0.0206516,2.87408
2.66752,0.019539,2.91442
2.5802,0.0209372,2.82912
2.53753,0.0197337,2.78494
2.57119,0.0207621,2.82052
2.59098,0.0215824,2.84002
2.60038,0.0215899,2.84995
2.62824,0.0222213,2.87854
2.61372,0.0172531,2.85861
2.59676,0.0207784,2.84536
2.59431,0.0200866,2.84232
2.5857,0.0225728,2.83619
2.54144,0.0190914,2.78791
2.51708,0.0212643,2.76598
2.52931,0.0200609,2.77702
2.58339,0.0234976,2.83502
2.58203,0.0198932,2.83012
2.66301,0.0203752,2.91159
2.52415,0.0240444,2.77587
2.56212,0.0201158,2.81053
2.54292,0.020453,2.79186
2.58567,0.0192603,2.83283
2.60521,0.0202023,2.85233
2.58978,0.0198266,2.83744
2.59357,0.0247497,2.84746
2.62798,0.0251547,2.88136
2.58685,0.0193022,2.83457
2.58885,0.0188203,2.83615
2.52455,0.0212273,2.77394
2.69177,0.0220316,2.94188
2.52376,0.0236607,2.77605
2.57981,0.023309,2.83026
2.57123,0.0202355,2.81955
2.58051,0.0200852,2.82914
2.57589,0.0199103,2.82334
2.64892,0.017364,2.89454
2.53729,0.0184823,2.78348
2.57696,0.0207751,2.82695
7 threads per task
2.51813,0.0190512,2.76492
2.52494,0.0213422,2.77385
2.56951,0.0253444,2.82319
2.63126,0.0202471,2.87927
2.58308,0.0251655,2.83627
2.57251,0.0240387,2.82428
2.57444,0.0236947,2.82635
2.53374,0.025733,2.78793
2.59392,0.0229243,2.84454
2.60927,0.0189421,2.85615
2.59272,0.0231791,2.84332
2.62281,0.0184991,2.87175
2.58327,0.0203982,2.83175
2.6406,0.0238722,2.89251
2.57234,0.0256443,2.82654
2.64108,0.0192849,2.88826
2.55689,0.0236956,2.80931
2.60846,0.024365,2.8601
2.53083,0.0195991,2.77917
2.5207,0.0249658,2.77391
2.59954,0.0183878,2.84627
2.63885,0.0253575,2.89189
2.58883,0.0203793,2.83675
2.53608,0.0213594,2.78361
2.59509,0.0190198,2.84207
2.65739,0.0220108,2.90683
2.63388,0.0191967,2.88138
2.9112,0.0189251,3.15743
2.51872,0.0293524,2.7768
2.59049,0.0233418,2.84159
2.58026,0.0260659,2.8342
2.58351,0.0265,2.83747
2.58001,0.0272735,2.83431
2.5769,0.0239202,2.82895
2.59333,0.0242971,2.84783
2.61826,0.0215572,2.86802
2.61675,0.0197287,2.86474
2.58996,0.0247163,2.84173
2.57635,0.0192095,2.82311
2.5145,0.01895,2.76088
2.62197,0.0190861,2.86895
2.61097,0.0191629,2.85807
2.56051,0.0237836,2.81188
2.57529,0.02375,2.82902
2.58517,0.0183871,2.83123
2.6247,0.0263268,2.87921
2.62338,0.0191618,2.8709
2.52952,0.0226333,2.78001
2.58808,0.0198379,2.83496
2.67048,0.0185497,2.91707
2.65571,0.0198551,2.90365
8 threads per task
2.52702,0.0200839,2.77719
2.57958,0.0262596,2.83345
2.58836,0.0241897,2.84021
2.57204,0.0232393,2.82343
2.57538,0.0267266,2.8311
2.62908,0.030168,2.88728
2.55511,0.0249578,2.80728
2.59394,0.0238622,2.84715
2.62531,0.0204128,2.87615
2.60251,0.0190077,2.85096
2.53739,0.0186439,2.78499
2.53861,0.0278645,2.79422
2.58791,0.0348077,2.85123
2.52868,0.0251608,2.78201
2.59154,0.0193848,2.83871
2.58909,0.0305742,2.8472
2.57738,0.0264766,2.83263
2.61599,0.0257834,2.86986
2.63558,0.0204318,2.88362
2.56634,0.02503,2.81956
2.58612,0.0269021,2.84076
2.64932,0.023158,2.9001
2.59248,0.025342,2.84534
2.68543,0.0241409,2.93686
2.58968,0.0235463,2.84158
2.62828,0.0264872,2.88317
2.54797,0.0207658,2.79809
2.52101,0.0228665,2.77113
2.59506,0.02133,2.8443
2.58015,0.0262192,2.83397
2.5729,0.020358,2.82255
2.51498,0.022236,2.76525
2.53273,0.0224126,2.78361
2.59568,0.0256719,2.84914
2.61964,0.026412,2.87513
2.65371,0.0304019,2.91135
2.5882,0.0258959,2.84234
2.58832,0.0238419,2.84065
2.57243,0.0256189,2.82577
2.5207,0.0244995,2.77344
2.52176,0.0226307,2.77658
2.54165,0.0298688,2.79918
2.5867,0.02596,2.84049
2.62118,0.0256568,2.87465
2.58931,0.0208818,2.83819
2.62776,0.0248929,2.88075
2.52835,0.0238527,2.78073
2.63843,0.024368,2.89078
2.5782,0.0310068,2.8382
2.54583,0.0233524,2.79702
2.58231,0.0210952,2.83588
8 tasks per node
1 threads per task
2.58916,0.028394,2.83888
2.58036,0.0278764,2.83017
2.60479,0.0282785,2.85452
2.58112,0.0281487,2.83069
2.54064,0.0275173,2.78978
2.61125,0.0282036,2.86039
2.817,0.0274982,3.06543
2.56022,0.0278561,2.8096
2.57659,0.0274498,2.82568
2.62127,0.0281942,2.87108
2.62005,0.0284053,2.86971
2.56664,0.0274863,2.81542
2.52866,0.028078,2.77723
2.52439,0.0282499,2.77353
2.61096,0.0281092,2.86052
2.60472,0.0282266,2.85429
2.60576,0.0273286,2.85457
2.604,0.0282265,2.8538
2.58423,0.0272655,2.83296
2.57302,0.0272261,2.82125
2.61121,0.0281025,2.86085
2.52654,0.0274286,2.7763
2.60899,0.028402,2.85802
2.58007,0.0274309,2.82927
2.59317,0.0275389,2.84249
2.58624,0.0280614,2.8351
2.6046,0.0282448,2.85423
2.52389,0.0273657,2.77252
2.53031,0.0280969,2.78148
2.58337,0.0284018,2.83469
2.52183,0.0281164,2.77145
2.51773,0.0279773,2.76674
2.58297,0.028392,2.8329
2.53795,0.0283806,2.78779
2.57775,0.0281203,2.82807
2.55921,0.0280642,2.8094
2.50511,0.0275549,2.75456
2.62216,0.0280193,2.87141
2.52723,0.0277533,2.77707
2.54066,0.0280461,2.79026
2.59712,0.0276967,2.8462
2.57089,0.0282981,2.8201
2.53428,0.0279696,2.78396
2.57127,0.0284082,2.82065
2.64795,0.0272725,2.89711
2.58853,0.0275058,2.83802
2.56742,0.027733,2.81631
2.61811,0.0276021,2.86675
2.58583,0.0281104,2.83461
2.55886,0.0280026,2.80803
2.571,0.0281155,2.81991
2 threads per task
2.58323,0.0154388,2.81972
2.62622,0.0156247,2.86319
2.62219,0.0154678,2.85848
2.66404,0.0153615,2.90062
2.57099,0.0156773,2.80818
2.53321,0.0153833,2.77059
2.61715,0.0158952,2.85438
2.57162,0.0154175,2.80876
2.62106,0.0154235,2.85937
2.78701,0.0153546,3.02323
2.59977,0.0159862,2.83714
2.61266,0.0156924,2.84953
2.62561,0.0154207,2.86284
2.57732,0.0153722,2.81597
2.59294,0.015397,2.83008
2.55003,0.0156569,2.78719
2.51573,0.0154995,2.75249
2.58037,0.0153324,2.81756
2.59373,0.0154638,2.8304
2.65068,0.0156313,2.88781
2.61083,0.0153556,2.84782
2.61598,0.0154859,2.85265
2.57653,0.0154845,2.81427
2.55764,0.0161863,2.7951
2.59614,0.0156716,2.83294
2.56219,0.0156442,2.79915
2.60322,0.0153641,2.84033
2.55018,0.0153603,2.78692
2.58029,0.0160739,2.81786
2.51857,0.0153765,2.75444
2.62943,0.0153781,2.86628
2.63806,0.0153461,2.8747
2.59711,0.0153711,2.83416
2.61223,0.0157992,2.84913
2.59652,0.0154096,2.83284
2.5937,0.0155139,2.83069
2.63131,0.0156124,2.86865
2.62676,0.0159448,2.86343
2.73576,0.0155031,2.9726
2.53156,0.015659,2.76799
2.53768,0.0153906,2.77482
2.60432,0.0156157,2.84072
2.576,0.0153609,2.81301
2.53467,0.0156434,2.77221
2.58299,0.0154264,2.81974
2.57001,0.0153639,2.80689
2.63627,0.0153921,2.87423
2.60118,0.0153738,2.83849
2.59943,0.0156313,2.83654
2.57975,0.0155081,2.81645
2.58104,0.0154421,2.81794
3 threads per task
2.54748,0.0115303,2.78063
2.64196,0.0116538,2.87421
2.6221,0.0174691,2.8606
2.52035,0.015912,2.75822
2.51272,0.0105678,2.74456
2.52449,0.0115333,2.75726
2.54007,0.0145447,2.77747
2.53064,0.0223796,2.77418
2.54064,0.0241738,2.79382
2.56909,0.0112067,2.80195
2.6487,0.0227287,2.89297
2.53979,0.0139725,2.77544
2.56876,0.0143394,2.80445
2.61257,0.0207589,2.85535
2.60749,0.0142756,2.84353
2.57088,0.0124093,2.80461
2.52052,0.011646,2.75412
2.52847,0.0234907,2.7731
2.51994,0.0250226,2.76621
2.57454,0.0210428,2.81743
2.7461,0.0126298,2.97963
2.57973,0.0207765,2.82207
2.70691,0.0249797,2.95357
2.62748,0.0202632,2.86878
2.86449,0.0155231,3.10154
2.51351,0.0204196,2.75558
2.6448,0.0142494,2.88019
2.57453,0.020775,2.81632
2.54037,0.0112487,2.77292
2.57877,0.0240164,2.8243
2.54811,0.0222398,2.79285
2.62506,0.0238839,2.8698
2.63085,0.012175,2.86438
2.59537,0.0192375,2.8381
2.58624,0.0174983,2.82539
2.64222,0.0128018,2.8772
2.58015,0.0223522,2.82381
2.63363,0.0207551,2.87592
2.57574,0.011201,2.80789
2.56588,0.0222449,2.81042
2.58744,0.0222358,2.83277
2.5184,0.0112023,2.75117
2.52742,0.0116571,2.76013
2.57782,0.0223478,2.82286
2.58635,0.0244271,2.83227
2.64578,0.0225392,2.88987
2.52553,0.0222601,2.76947
2.65528,0.0215356,2.89842
2.56501,0.0220947,2.8084
2.53344,0.0155495,2.77056
2.56681,0.0207624,2.8091
4 threads per task
2.58876,0.0262429,2.83703
2.60141,0.0176947,2.84075
2.59336,0.0182211,2.8328
2.61126,0.0176233,2.85003
2.51595,0.019689,2.75709
2.61057,0.0209677,2.85292
2.5802,0.0232584,2.82546
2.64815,0.0179148,2.88707
2.63563,0.0188664,2.87547
2.52924,0.0184959,2.76951
2.58845,0.017852,2.82765
2.56992,0.0195788,2.81113
2.6019,0.0183426,2.84272
2.59123,0.0181488,2.83107
2.52001,0.0178963,2.75922
2.65568,0.0203535,2.89744
2.58658,0.0179817,2.82616
2.59942,0.0196905,2.8403
2.57518,0.0226695,2.81714
2.57769,0.0175656,2.81696
2.61805,0.0172082,2.85755
2.58152,0.0169939,2.81847
2.54321,0.0178317,2.78202
2.59208,0.0176998,2.83203
2.58786,0.016983,2.82664
2.55263,0.017639,2.79182
2.67999,0.0196317,2.92086
2.58453,0.0176969,2.82334
2.53681,0.0169546,2.77506
2.51743,0.0166346,2.75505
2.55834,0.0196599,2.79986
2.57083,0.0229821,2.81522
2.75521,0.0216718,2.99815
2.61649,0.0177964,2.85596
2.52562,0.0200784,2.7668
2.57028,0.0202796,2.81207
2.5219,0.0192004,2.76259
2.62875,0.0169878,2.86721
2.5191,0.0185625,2.75899
2.57878,0.0186002,2.81905
2.5384,0.0172712,2.77685
2.72599,0.0180035,2.96528
2.58345,0.0166358,2.82292
2.5943,0.0184392,2.83409
2.58686,0.019835,2.82745
2.62728,0.0204858,2.8694
2.59551,0.0186347,2.83635
2.58203,0.0213103,2.82478
2.58139,0.0177507,2.82181
2.61094,0.0181441,2.85198
2.56386,0.0203352,2.80539
5 threads per task
2.58689,0.0155886,2.82405
2.6442,0.0159107,2.88143
2.51022,0.0154456,2.74664
2.57932,0.0168691,2.81734
2.51154,0.0161499,2.74849
2.62195,0.0207635,2.86421
2.65981,0.0161629,2.89722
2.52647,0.0162837,2.76409
2.59514,0.0188998,2.83597
2.53864,0.01572,2.77604
2.52209,0.0172697,2.76146
2.57706,0.0232061,2.82142
2.58916,0.0240711,2.83494
2.54428,0.018927,2.78529
2.5784,0.0211292,2.81879
2.60871,0.0175572,2.84764
2.50896,0.0153814,2.74563
2.58549,0.0213987,2.82866
2.52171,0.0215232,2.76476
2.63278,0.0219811,2.87652
2.56346,0.0197508,2.80444
2.51549,0.0156029,2.75223
2.57794,0.0192431,2.81886
2.57385,0.0169019,2.81282
2.51088,0.0156609,2.74778
2.57254,0.0219384,2.81573
2.53178,0.0244113,2.77704
2.53181,0.0152656,2.76828
2.53199,0.0237399,2.77768
2.57124,0.0155187,2.80735
2.57584,0.0195898,2.81717
2.52469,0.0205142,2.76654
2.56508,0.0196569,2.80761
2.57706,0.0229283,2.82179
2.54918,0.0191232,2.79026
2.54688,0.0198528,2.78849
2.57031,0.0213147,2.8125
2.57466,0.021559,2.81738
2.56362,0.0152703,2.80101
2.53332,0.0157367,2.77046
2.52262,0.015877,2.76112
2.56323,0.016438,2.8008
2.57826,0.0152594,2.81471
2.64328,0.0181866,2.88313
2.51567,0.0218812,2.7572
2.57426,0.0172071,2.81263
2.58113,0.0205095,2.82311
2.53861,0.0173228,2.7771
2.5932,0.0258259,2.84183
2.5603,0.016989,2.79796
2.55553,0.0172216,2.79531
6 threads per task
2.57524,0.0204701,2.81597
2.57745,0.0159257,2.81575
2.58866,0.0257927,2.83471
2.57368,0.0195303,2.8151
2.5858,0.0187618,2.82608
2.62369,0.0202177,2.86545
2.60589,0.0209627,2.84903
2.58528,0.0269483,2.83387
2.58392,0.0194607,2.8247
2.56413,0.020642,2.80579
2.63427,0.0200827,2.87643
2.58298,0.0171767,2.82281
2.52928,0.0205828,2.77178
2.56885,0.0203261,2.81066
2.55671,0.0219817,2.80123
2.61802,0.023457,2.86263
2.56545,0.0205116,2.80749
2.63052,0.0213218,2.87365
2.6411,0.0200652,2.88238
2.62347,0.018845,2.86376
2.5817,0.0179581,2.82098
2.57197,0.0197731,2.81193
2.62982,0.0230216,2.87332
2.57191,0.0200755,2.81378
2.57701,0.0199758,2.81865
2.58864,0.0194657,2.8291
2.58072,0.0160096,2.81841
2.51444,0.0199512,2.75583
2.59798,0.0203682,2.83956
2.57195,0.0213397,2.81472
2.58244,0.0230795,2.82699
2.62495,0.0185122,2.86488
2.53325,0.0193529,2.77221
2.58723,0.0192108,2.83125
2.54295,0.0209787,2.78514
2.54117,0.0196092,2.78159
2.55027,0.0236771,2.7946
2.52473,0.0250649,2.77138
2.53629,0.022552,2.78067
2.62119,0.0176597,2.86049
2.61754,0.020068,2.85899
2.59173,0.0214911,2.83548
2.52548,0.0210222,2.76765
2.52571,0.0192811,2.76654
2.59603,0.0197345,2.83736
2.54879,0.0209194,2.79089
2.64072,0.0195739,2.88203
2.53959,0.0220003,2.78456
2.63052,0.0245808,2.876
2.61058,0.0174078,2.84962
2.56279,0.0171163,2.80111
7 threads per task
2.56382,0.0205614,2.80545
2.60269,0.0194994,2.84298
2.62083,0.020633,2.86223
2.64173,0.0197718,2.88392
2.60218,0.0188853,2.84416
2.56639,0.0184786,2.8062
2.57757,0.023493,2.82242
2.58745,0.0224588,2.83127
2.55356,0.0203347,2.79567
2.58347,0.0206102,2.82588
2.53735,0.0192625,2.77846
2.58507,0.0230169,2.82834
2.52095,0.0230334,2.76513
2.59771,0.0243296,2.84278
2.53801,0.0194842,2.77929
2.6241,0.0235994,2.86942
2.58781,0.0208676,2.83025
2.58322,0.0237816,2.82901
2.54345,0.0198607,2.78524
2.56255,0.0249969,2.80854
2.55784,0.0216973,2.80069
2.56485,0.0234927,2.80986
2.61327,0.0216162,2.85651
2.52728,0.0239609,2.77323
2.50868,0.0234801,2.75361
2.58671,0.0198071,2.82786
2.64994,0.023027,2.89453
2.58709,0.0215357,2.82834
2.58653,0.0200052,2.82844
2.51499,0.0228828,2.75937
2.57259,0.0198283,2.81468
2.66118,0.0227245,2.90556
2.61604,0.0200437,2.8581
2.5281,0.0209828,2.76981
2.60911,0.0218555,2.85208
2.59541,0.0216358,2.83812
2.57776,0.0198776,2.81896
2.61336,0.0228912,2.8573
2.60646,0.0188724,2.84713
2.59156,0.0231195,2.83606
2.5817,0.0252736,2.82852
2.5676,0.0189064,2.80866
2.56081,0.0246345,2.80679
2.5392,0.0190745,2.77998
2.6104,0.0236146,2.85478
2.59554,0.0235837,2.84267
2.57535,0.0237904,2.82093
2.58942,0.0233283,2.83508
2.53902,0.0224229,2.78294
2.6217,0.0242341,2.86732
2.53348,0.0229148,2.7786
8 threads per task
2.57031,0.0249893,2.81502
2.59032,0.0209555,2.83233
2.53755,0.0269595,2.78535
2.60624,0.0248637,2.85326
2.55698,0.0233156,2.80331
2.52162,0.0258037,2.76906
2.61255,0.0194139,2.85651
2.5848,0.0241001,2.83167
2.56822,0.0227777,2.81174
2.53012,0.0249524,2.77626
2.52014,0.0226896,2.76368
2.57028,0.0265171,2.81955
2.58802,0.0230027,2.83252
2.62769,0.0250284,2.87452
2.59394,0.0198749,2.8349
2.61912,0.0220754,2.86308
2.51825,0.0215071,2.76065
2.5384,0.0225499,2.7804
2.64103,0.0214818,2.88418
2.51519,0.0252082,2.76218
2.54933,0.024091,2.79453
2.5331,0.0185982,2.77324
2.58597,0.0232757,2.831
2.51791,0.0238324,2.76469
2.53026,0.0235912,2.77577
2.57668,0.0241973,2.82082
2.59289,0.0271193,2.84178
2.5366,0.0262986,2.78449
2.56801,0.0177179,2.80715
2.51856,0.0269135,2.76651
2.59138,0.0246011,2.83804
2.629,0.0246358,2.87526
2.64275,0.0269193,2.8902
2.51484,0.02519,2.76122
2.51465,0.0234316,2.76092
2.55709,0.0201456,2.79897
2.61026,0.0248998,2.85631
2.57658,0.0234751,2.82095
2.51907,0.0276027,2.76814
2.58706,0.0190868,2.82793
2.53525,0.0252773,2.78301
2.59048,0.0291087,2.84033
2.56645,0.0230798,2.81078
2.60824,0.0256129,2.85473
2.57286,0.0196495,2.81352
2.56915,0.0207694,2.81458
2.56653,0.0199508,2.80817
2.56775,0.0238817,2.8117
2.6065,0.0217927,2.84828
2.58336,0.0202955,2.82552
2.57607,0.0245034,2.82102
9 tasks per node
1 threads per task
2.60982,0.0282842,2.68314
2.68132,0.0284981,2.75457
2.66109,0.0282837,2.73388
2.61968,0.0282533,2.6923
2.62531,0.0282723,2.69825
2.64958,0.0283879,2.7228
2.66102,0.0282999,2.73374
2.66817,0.0282229,2.74157
2.61209,0.0281328,2.68482
2.66619,0.0282774,2.73908
2.60591,0.0281839,2.6786
2.6373,0.0284137,2.71046
2.66528,0.0281291,2.73832
3.65179,0.0280799,3.72407
2.70331,0.0284,2.77577
2.67064,0.028275,2.75208
2.59737,0.0281588,2.67043
2.67552,0.0281521,2.74838
2.64773,0.0285122,2.72132
2.66001,0.0284123,2.73287
2.74782,0.0284106,2.82104
2.67923,0.0282571,2.75204
2.60425,0.0283152,2.67708
2.64885,0.0281525,2.72185
2.66293,0.0281245,2.73524
2.65252,0.0282943,2.72541
2.66312,0.0282019,2.73675
2.64479,0.0281283,2.71781
2.6207,0.0281243,2.69278
2.70625,0.0282296,2.77895
2.65549,0.0282629,2.72822
2.60654,0.0282454,2.67975
2.63972,0.0282754,2.71224
2.60192,0.0281695,2.67473
2.70115,0.0281461,2.77377
2.72521,0.0281169,2.79866
2.72525,0.0281643,2.79877
2.64313,0.0281381,2.71611
2.6003,0.0282824,2.6732
2.66806,0.0284021,2.74034
2.6409,0.0285914,2.71434
2.66188,0.0284288,2.73529
2.69095,0.0281513,2.76409
2.60345,0.0284095,2.67652
2.60209,0.0281643,2.67498
2.66243,0.0282286,2.7353
2.67542,0.028466,2.74924
2.64138,0.0283969,2.71466
2.73097,0.0281607,2.80353
2.72714,0.0284116,2.80017
2.64995,0.0285865,2.72395
2 threads per task
2.60647,0.0153438,2.66663
2.69454,0.0232192,2.7626
2.66664,0.0153508,2.72687
2.61552,0.015778,2.67601
2.65929,0.0175143,2.72044
2.65051,0.0156072,2.71072
2.62257,0.0175454,2.68457
2.67581,0.0174752,2.73793
2.6214,0.0212862,2.68747
2.69671,0.0159966,2.75724
2.60772,0.0165897,2.6695
2.67538,0.0157016,2.73585
2.74126,0.0271692,2.81319
2.6798,0.0184839,2.74296
2.66737,0.0175606,2.72925
2.67016,0.0183477,2.73295
2.64808,0.0188389,2.71165
2.60097,0.0264936,2.67217
2.72735,0.0256332,2.79751
2.61811,0.0159267,2.67824
2.67611,0.0282807,2.74983
2.65278,0.0218347,2.71935
2.66167,0.0274545,2.73345
2.65322,0.0201145,2.7179
2.70159,0.0174379,2.76385
2.6875,0.0154828,2.74715
2.61335,0.0179413,2.67593
2.60465,0.0245323,2.67338
2.97145,0.016349,3.03221
2.59546,0.0318276,2.67219
2.66118,0.0155791,2.72534
2.74012,0.015498,2.80043
2.59136,0.0174956,2.65313
2.65886,0.0153838,2.71931
2.65513,0.0271639,2.72738
2.66111,0.0233966,2.72951
2.68079,0.0304196,2.75572
2.66966,0.0159603,2.73057
2.60781,0.0267083,2.67937
2.69041,0.0207056,2.75477
2.64544,0.0156452,2.70592
2.68286,0.0175983,2.74504
2.66875,0.0183513,2.73077
2.60581,0.0185073,2.66828
2.71714,0.0174587,2.78081
2.60837,0.0160793,2.66901
2.62382,0.0200422,2.68879
2.70524,0.0159287,2.76567
2.66907,0.0162632,2.73051
2.69754,0.019384,2.7614
2.70526,0.0153719,2.76557
3 threads per task
2.60709,0.0231717,2.67534
2.73317,0.0223897,2.80017
2.67494,0.0222312,2.74212
2.6543,0.0223712,2.72066
2.71752,0.0226578,2.78506
2.66362,0.0244059,2.73284
2.75158,0.0223631,2.81864
2.6432,0.0251631,2.7131
2.71943,0.0208027,2.78444
2.64421,0.0223258,2.71162
2.66954,0.0303838,2.74539
2.65535,0.0199603,2.7199
2.61333,0.0223053,2.68115
2.60747,0.0223443,2.67463
2.66639,0.0215617,2.73239
2.65913,0.0220008,2.72591
2.6643,0.0194223,2.72862
2.64036,0.024208,2.70948
2.63715,0.0207319,2.70286
2.60752,0.0195169,2.6717
2.68378,0.0207528,2.74905
2.66693,0.0267931,2.73878
2.71628,0.0218511,2.78298
2.73504,0.0232259,2.81554
2.70961,0.0220062,2.77652
2.6804,0.0220053,2.74705
2.70091,0.0217914,2.7673
2.60242,0.0225405,2.66976
2.6152,0.0216744,2.68145
2.67805,0.0213018,2.74359
2.65916,0.0213279,2.72511
2.64636,0.0215985,2.71194
2.72937,0.0260813,2.80011
2.67258,0.0218919,2.74053
2.63316,0.0208204,2.69881
2.68196,0.0224543,2.74922
2.65064,0.0228498,2.71855
2.65181,0.0208049,2.71742
2.71097,0.0302263,2.78653
2.65883,0.0223387,2.72602
2.69367,0.0210031,2.7595
2.71631,0.0325406,2.79361
2.71882,0.0219286,2.78459
2.71807,0.0228824,2.7853
2.68495,0.0235012,2.7536
2.69485,0.0233723,2.76335
2.73296,0.021559,2.7991
2.66179,0.0238432,2.72982
2.69965,0.0237258,2.76706
2.70366,0.0255999,2.77442
2.6486,0.0215099,2.71464
4 threads per task
2.60593,0.0230316,2.67411
2.76204,0.0241957,2.83096
2.65216,0.0197576,2.71751
2.76976,0.0190245,2.83342
2.60607,0.0220497,2.67291
2.67642,0.0274916,2.74827
2.66322,0.0368329,2.74603
2.64135,0.0280951,2.71474
2.60168,0.0221487,2.66872
2.69103,0.0238929,2.75939
2.68012,0.0218837,2.74775
2.60162,0.0228625,2.66956
2.6822,0.0229666,2.74992
2.62637,0.0245643,2.69562
2.62107,0.0233699,2.68998
2.60393,0.0226929,2.67164
2.71138,0.0245633,2.7806
2.67257,0.0248602,2.74212
2.68829,0.0276016,2.76128
2.68131,0.0244151,2.75097
2.61668,0.0250311,2.68602
2.61353,0.024098,2.68259
2.7079,0.0235641,2.77647
2.64632,0.0259117,2.71724
2.66253,0.0188149,2.72602
2.6322,0.0252431,2.70235
2.69946,0.0216638,2.76585
2.65275,0.0233888,2.72082
2.6053,0.0235303,2.67398
2.61731,0.0274969,2.69038
2.69057,0.0242037,2.75944
2.70453,0.0240477,2.77323
2.6951,0.0266701,2.76635
2.66999,0.0241989,2.73922
2.67926,0.0260862,2.75418
2.70868,0.0206353,2.77399
2.66277,0.0226479,2.73304
2.67587,0.0214652,2.74204
2.63127,0.025826,2.70179
2.67817,0.0267538,2.74949
2.61087,0.0220027,2.67731
2.74214,0.0205799,2.80767
2.71936,0.0282612,2.79257
2.75207,0.0200198,2.81745
2.68535,0.0215551,2.75268
2.65936,0.0260297,2.72948
2.6513,0.0219792,2.72447
2.60079,0.0269833,2.67229
2.70689,0.0249091,2.77638
2.62469,0.0233956,2.69261
2.66426,0.026861,2.73628
5 threads per task
2.59831,0.0251637,2.66803
2.64278,0.0286363,2.71889
2.72207,0.0193086,2.78638
2.67244,0.0278663,2.74886
2.72826,0.0287517,2.80193
2.61952,0.0244009,2.68952
2.69916,0.0255423,2.77021
2.66441,0.0250924,2.73467
2.69409,0.0258732,2.76485
2.69157,0.0254334,2.76158
2.66743,0.0287694,2.74097
2.66392,0.0235824,2.73247
2.685,0.0242268,2.75373
2.59885,0.0257045,2.66989
2.60809,0.0208474,2.67481
2.60307,0.0252523,2.67312
2.65757,0.0246077,2.73174
2.67725,0.0282881,2.75015
2.71471,0.0292649,2.78832
2.66267,0.0276492,2.73706
2.66475,0.0269154,2.73635
2.62574,0.0267684,2.69691
2.67789,0.0248532,2.74767
2.66363,0.0243725,2.73288
2.70031,0.0293534,2.77543
2.70259,0.0281165,2.77549
2.60246,0.0223553,2.66969
2.60189,0.0238069,2.67042
2.68124,0.0259859,2.7521
2.72912,0.0260469,2.79976
2.66641,0.0282728,2.7396
2.76909,0.0232196,2.83731
2.6162,0.0257344,2.68849
2.69107,0.0259124,2.76172
2.6813,0.0245827,2.75082
2.626,0.0273323,2.69881
2.65973,0.0271716,2.73274
2.60217,0.028489,2.67573
2.65379,0.0223993,2.72079
2.59339,0.0230634,2.66152
2.66408,0.0259869,2.7351
2.59962,0.0253237,2.67116
2.68767,0.0246997,2.75735
2.61219,0.0270965,2.68401
2.7297,0.0251277,2.80127
2.69597,0.0270025,2.76824
2.60105,0.0270177,2.67192
2.9624,0.0285471,3.03579
2.68446,0.021601,2.75099
2.67715,0.0278851,2.74946
2.66678,0.027628,2.73889
6 threads per task
2.66968,0.0267885,2.74112
2.68678,0.0266171,2.75803
2.60007,0.0282415,2.67356
2.6722,0.0260501,2.74414
2.74173,0.0267433,2.81342
2.65338,0.0234513,2.72431
2.63676,0.0251457,2.70819
2.72449,0.0250095,2.79462
2.64948,0.0303929,2.72442
2.68221,0.0287597,2.75576
2.74391,0.0249473,2.81726
2.65367,0.0277767,2.72718
2.62598,0.0294533,2.70072
2.5983,0.0282351,2.67153
2.70178,0.0261495,2.77378
2.59998,0.0360408,2.68063
2.66493,0.0271626,2.73806
2.66604,0.024996,2.73757
2.64983,0.0271819,2.72239
2.67276,0.0284102,2.74727
2.68477,0.0267486,2.75665
2.60382,0.0253981,2.67555
2.59952,0.0289089,2.67305
2.70315,0.0265072,2.77455
2.66946,0.0292156,2.74306
2.65577,0.0318142,2.73348
2.70175,0.0262875,2.77259
2.66699,0.0279522,2.74004
2.64341,0.0309322,2.721
2.66741,0.0261216,2.73858
2.60549,0.0259702,2.67619
2.61616,0.0267653,2.68751
2.67109,0.0290573,2.74466
2.66244,0.0284481,2.73626
2.70054,0.0299324,2.77543
2.6537,0.0265477,2.72511
2.60078,0.027071,2.67291
2.60442,0.0292659,2.67848
2.72218,0.0257943,2.79323
2.64562,0.0353057,2.72624
2.57961,0.0270562,2.65154
2.71282,0.0288754,2.78671
2.60637,0.0349089,2.68713
2.70227,0.0245917,2.77194
2.65041,0.0258977,2.72202
2.66451,0.0281928,2.7391
2.68216,0.0323751,2.75965
2.68642,0.0284491,2.75951
2.70334,0.0253481,2.77421
2.63185,0.0294286,2.70575
2.61216,0.0305452,2.68795
7 threads per task
2.66104,0.0281857,2.73394
2.59331,0.0286507,2.66916
2.65812,0.0313747,2.73477
2.713,0.0282387,2.78757
2.71402,0.0310809,2.79055
2.63907,0.0314909,2.71563
2.67461,0.0263961,2.74762
2.65525,0.029641,2.73005
2.61945,0.0291072,2.6944
2.59517,0.0264771,2.66875
2.67307,0.0281368,2.74656
2.71781,0.0276931,2.79038
2.60471,0.0325851,2.68232
2.71279,0.0298592,2.7884
2.95114,0.0291731,3.02553
2.64247,0.0316037,2.71841
2.6783,0.0301604,2.75298
2.66379,0.0260205,2.73479
2.72824,0.0273297,2.80446
2.67412,0.0256964,2.74416
2.61178,0.026043,2.68398
2.61559,0.0270946,2.68772
2.66415,0.0266716,2.73725
2.70399,0.0289226,2.77768
2.67245,0.028098,2.74754
2.60248,0.0278117,2.67749
2.60272,0.0316936,2.67948
2.6099,0.0295319,2.68407
2.61542,0.0330639,2.69304
2.73443,0.0282355,2.80766
2.69757,0.0254498,2.76812
2.70392,0.0297092,2.77827
2.60242,0.0259376,2.67504
2.64994,0.0305687,2.72561
2.60398,0.0262645,2.67685
2.66649,0.0270621,2.74215
2.60559,0.0294463,2.67987
2.7033,0.030054,2.77842
2.68657,0.0292666,2.76227
2.68616,0.0268541,2.75814
2.70922,0.0274573,2.78328
2.68304,0.0285018,2.75765
2.64571,0.0278797,2.71915
2.67589,0.0329291,2.75408
2.60307,0.0369622,2.68496
2.69179,0.0314998,2.76904
2.61461,0.0306152,2.69002
2.70144,0.0313827,2.77893
2.6677,0.025011,2.73724
2.69366,0.0266578,2.76509
2.71329,0.0293042,2.7878
8 threads per task
2.68875,0.0302642,2.76739
2.61371,0.0371243,2.69536
2.60723,0.0455308,2.69799
2.66697,0.0313859,2.74344
2.67202,0.0337726,2.75086
2.63113,0.032462,2.7085
2.69169,0.0594075,2.81366
2.73093,0.0311526,2.80907
2.59601,0.0318599,2.67436
2.6747,0.0350892,2.75496
2.71572,0.0280172,2.78836
2.67331,0.0319126,2.76173
2.63149,0.0324276,2.71173
2.62452,0.0358174,2.70612
2.6985,0.0341332,2.77741
2.65836,0.0328049,2.7362
2.66059,0.0336809,2.74054
2.7783,0.0298958,2.85649
2.66324,0.0349015,2.74213
2.60128,0.0298776,2.68165
2.64723,0.02845,2.72224
2.60754,0.0352309,2.72018
2.65945,0.0338625,2.73838
2.64732,0.0269994,2.71888
2.74024,0.031689,2.81643
2.59942,0.0310625,2.67543
2.63215,0.0310117,2.70937
2.67924,0.0332228,2.75752
2.71204,0.0318,2.7925
2.60579,0.0415772,2.69284
2.65149,0.0334733,2.72905
2.75536,0.034541,2.83511
2.75486,0.0340977,2.83326
2.71415,0.0306699,2.79068
2.63848,0.0287814,2.71183
2.60752,0.0363637,2.69014
2.72307,0.0265615,2.79586
2.64913,0.0284057,2.72699
2.65524,0.0324884,2.73301
2.62477,0.0294631,2.69873
2.66852,0.0334453,2.74688
2.61273,0.0280994,2.68639
2.67156,0.0326193,2.75002
2.6374,0.0262506,2.7129
2.60837,0.0333542,2.68658
2.68375,0.0313898,2.76114
2.69184,0.0374308,2.77362
2.6282,0.0322196,2.70436
2.64351,0.0269265,2.71634
2.59672,0.0340206,2.67539
2.68905,0.035671,2.77051
