2 tasks per node
1 threads per task
8.83866,0.004223,0.0104058,10.0027
5.29721,0.00403405,0.0105859,6.45133
5.05497,0.00422703,0.00975537,6.21815
5.19461,0.00420526,0.0109413,6.35894
4.96655,0.00429143,0.0105608,6.13202
5.0187,0.00396401,0.0105765,6.18211
5.00833,0.00392284,0.0109572,6.17265
4.98156,0.0041755,0.010597,6.14589
4.96587,0.00419972,0.0116012,6.13097
4.98042,0.00395515,0.0109065,6.14464
4.97726,0.00439557,0.0103071,6.13954
4.96723,0.00396112,0.0121253,6.12121
5.05363,0.0042074,0.0107244,6.20921
5.07511,0.00417742,0.0115428,6.23874
4.97217,0.00392982,0.0108121,6.12687
4.97261,0.00419044,0.0109762,6.13714
4.97044,0.0041639,0.0114415,6.13199
4.99204,0.00414961,0.0114026,6.15588
4.9944,0.00420812,0.0110171,6.15935
4.97431,0.00418555,0.0109047,6.13532
4.98804,0.00422901,0.0111617,6.15333
2 threads per task
4.9442,0.00251272,0.00942076,6.10601
4.99262,0.00251758,0.00927946,6.15219
5.12495,0.00250391,0.00976669,6.28573
5.03148,0.00223546,0.010468,6.19052
5.04661,0.00248676,0.0107538,6.21089
5.02791,0.00247804,0.00987544,6.18859
4.98451,0.00221077,0.0106043,6.14471
4.96269,0.00240073,0.0100275,6.12467
4.99803,0.00248861,0.00925204,6.15858
4.967,0.00248194,0.0103921,6.12917
4.99351,0.00218819,0.0105183,6.15384
4.97037,0.00247265,0.00901672,6.12813
5.00066,0.00249536,0.0102241,6.16325
4.97661,0.0022007,0.0107695,6.14074
4.95904,0.00239424,0.0109357,6.11769
5.00655,0.00248298,0.0115595,6.15937
5.03151,0.00253565,0.0106601,6.19438
5.00789,0.00248399,0.00962824,6.16261
4.97405,0.00272689,0.0100651,6.13585
5.03351,0.00217412,0.0104401,6.19433
4.95608,0.00247067,0.0095139,6.11854
3 threads per task
4.97642,0.00191209,0.0108383,6.13973
4.98699,0.00197017,0.00935712,6.14449
5.06263,0.00167104,0.0092527,6.22231
4.95875,0.00185219,0.0102961,6.12215
5.04608,0.00191524,0.0103256,6.20734
5.13661,0.00167753,0.0100019,6.29712
4.95634,0.00193216,0.00975252,6.11555
4.98678,0.00191522,0.0103303,6.14876
4.98535,0.00194827,0.00986472,6.14605
5.08403,0.00186645,0.00930814,6.24217
4.94333,0.00193744,0.008699,6.10409
4.99681,0.00191484,0.00981383,6.15992
5.00759,0.0019594,0.00898338,6.16451
5.02811,0.00167741,0.00994411,6.18934
4.97443,0.00193445,0.0102618,6.1349
4.98301,0.00218299,0.00959972,6.14439
5.03033,0.00193995,0.00985353,6.18953
4.9837,0.00197554,0.00948553,6.1435
4.96479,0.00191691,0.00937892,6.12657
4.99334,0.00191177,0.00954723,6.15374
5.01716,0.00168427,0.0092586,6.17548
4 threads per task
4.98907,0.00155993,0.00991403,6.15049
4.94268,0.00132773,0.00936278,6.1025
4.9917,0.00133465,0.0110102,6.15298
4.97355,0.00162841,0.00914425,6.1345
4.98197,0.00161405,0.00959361,6.14393
4.97162,0.00162519,0.00893926,6.13
5.01223,0.00162614,0.00974579,6.17123
4.97732,0.00136149,0.0106277,6.1363
4.95002,0.00164967,0.00897432,6.10685
5.00087,0.00135711,0.0118293,6.16439
5.01299,0.00135974,0.00939258,6.16676
4.9582,0.00133435,0.010044,6.11852
4.96056,0.00161379,0.00990358,6.12224
5.05342,0.0016246,0.0114087,6.21356
4.9945,0.00162981,0.00912456,6.15611
5.0053,0.00135848,0.00938226,6.16651
5.00941,0.00164015,0.00939549,6.16931
5.00066,0.00161259,0.00906547,6.16146
4.98073,0.00161143,0.00882102,6.11845
4.99388,0.00135799,0.00943714,6.15545
4.98629,0.0015981,0.00888271,6.13592
5 threads per task
5.00212,0.00141639,0.0088206,6.15868
4.97124,0.0014002,0.00941199,6.12875
4.99709,0.00163361,0.0102144,6.15904
4.98936,0.00140929,0.00967325,6.14946
4.99455,0.00114726,0.0100159,6.12079
5.04039,0.00116712,0.00943306,6.19836
4.95491,0.00141849,0.00999049,6.09757
5.03316,0.00141356,0.0102218,6.18836
5.01483,0.00162491,0.00907288,6.16482
4.99785,0.00113561,0.00909302,6.15628
4.96796,0.00142956,0.00888324,6.12772
4.99044,0.00142839,0.0090397,6.14818
5.1541,0.00140932,0.00948098,6.31498
4.99411,0.00139635,0.00902178,6.14055
4.97454,0.00166172,0.00897492,6.13458
4.97223,0.00140741,0.00937499,6.13222
4.96979,0.00140581,0.0099265,6.12858
5.03666,0.00139904,0.00925921,6.197
4.98851,0.00140311,0.00946065,6.14513
4.9742,0.00116408,0.00988009,6.1345
5.02349,0.00159274,0.0094931,6.18383
6 threads per task
4.96122,0.00104486,0.00886843,6.11986
5.43722,0.00126604,0.00898063,6.59768
5.01605,0.00128442,0.0092873,6.17619
4.95449,0.00127655,0.00946531,6.11453
4.97892,0.00105454,0.00853109,6.1366
5.00025,0.00103362,0.010002,6.16096
5.01016,0.00102558,0.00985566,6.17045
5.13051,0.00104236,0.00962774,6.28919
4.9959,0.00104805,0.0113982,6.15759
4.98281,0.00127722,0.00912971,6.14076
4.9942,0.00120297,0.00927462,6.15369
4.99922,0.0012811,0.00941402,6.15608
4.97999,0.00100962,0.00963052,6.13868
5.04902,0.00128036,0.00938307,6.2084
4.95248,0.00129318,0.00984479,6.11298
4.99087,0.00129472,0.00894528,6.14617
4.96666,0.00128469,0.00913489,6.12693
4.95512,0.00128346,0.00847479,6.11269
4.93521,0.00128999,0.00865344,6.09505
4.99548,0.00105044,0.00938031,6.15619
4.98086,0.00130285,0.00895037,6.13925
7 threads per task
4.9664,0.00118994,0.00908971,6.12665
5.02953,0.00121424,0.00851712,6.19086
4.95483,0.000978706,0.0100255,6.11443
4.95652,0.000989137,0.00915643,6.10887
5.12748,0.000998691,0.0088771,6.28361
5.00727,0.00121345,0.00979645,6.16585
5.03596,0.00118608,0.00920623,6.19505
5.54316,0.00138862,0.00880701,6.69904
4.98122,0.000993969,0.00887505,6.14063
5.04109,0.00119416,0.00913514,6.19481
4.96722,0.00124407,0.00885474,6.12842
4.94423,0.00120366,0.00963488,6.10454
4.96773,0.00118815,0.0121394,6.12817
4.97308,0.0012015,0.00890266,6.13426
4.97078,0.00117105,0.0087387,6.13039
4.96454,0.00100893,0.00970796,6.12426
4.95836,0.00119328,0.00960694,6.11961
4.99738,0.00121654,0.0112271,6.15703
5.05996,0.000977613,0.00928373,6.2193
4.96273,0.00120763,0.0110002,6.12353
5.07004,0.00120629,0.00949144,6.21205
8 threads per task
5.02976,0.0011375,0.00968247,6.18747
5.04229,0.00114991,0.00909487,6.20254
5.01415,0.00113707,0.0090826,6.17143
5.00764,0.00134971,0.0093066,6.16776
4.98635,0.00115344,0.00916842,6.13642
5.05097,0.00117021,0.00860344,6.20787
4.96581,0.00102929,0.00942142,6.12581
4.99518,0.00107546,0.00953797,6.15276
5.00272,0.00105572,0.00986397,6.16148
4.97842,0.00108577,0.00904257,6.14115
5.03686,0.00105031,0.00897082,6.19648
5.00425,0.00114655,0.00889808,6.1641
4.96906,0.0011291,0.00884435,6.12688
4.97614,0.00112185,0.00965904,6.13701
4.96781,0.00104402,0.00971017,6.12898
4.98684,0.00114239,0.00935277,6.14436
4.9551,0.00102666,0.00988052,6.10421
5.12834,0.00113375,0.00878966,6.28809
5.04436,0.00114246,0.00906914,6.20611
4.99582,0.00104197,0.0100936,6.15825
4.98301,0.0011417,0.00957483,6.14356
